Field_ID,Elevation,Latitude,Longitude,Location,Slope,Rainfall,Min_temperature_C,Max_temperature_C,Ave_temps,Soil_fertility,Soil_type,pH,Pollution_level,Plot_size,Annual_yield,Crop_type,Standard_yield
0,786.0558,-7.389911080195735,-7.556202472076428,Rural_Akatsi,14.795113,1125.2,-3.1,33.1,15.0,0.62,Sandy,6.1693930384643805,0.0852668430903311,1.3,0.7513536727525394,cassava,0.5779643636557995
1,674.3341,-7.736849459237079,-1.051539153607483,Rural_Sokoto,11.374611,1450.7,-3.9,30.6,13.35,0.64,Volcanic,5.676647602455388,0.3996837617098369,2.2,1.0698648105284714,cassava,0.4863021866038506
2,826.5339,-9.926616371108418,0.1151559983893706,Rural_Sokoto,11.339692,2208.9,-1.8000000000000007,28.4,13.3,0.69,Volcanic,5.331992990569844,0.3580285530417731,3.4,2.2088010770590665,tea,0.6496473756056078
3,574.94617,-2.4201314427593417,-6.592214971970919,Rural_Kilimani,7.109855,328.8,-5.8,32.2,13.2,0.54,Loamy,5.328149652613495,0.2866871285527406,2.4,1.2776351356377693,cassava,0.5323479731824039
4,886.353,-3.055434188796088,-7.952608546886169,Rural_Kilimani,55.007656,785.2,-2.5,31.0,14.25,0.72,Sandy,5.721233805709933,0.0431902746025795,1.5,0.8326139707528435,wheat,0.5550759805018957
5,850.56647,-2.050664597546483,-7.132768710347839,Rural_Kilimani,50.45125,649.4,-3.0,29.5,13.25,0.7,Sandy,5.484350233870995,0.1275280259328365,1.7,1.1126109435585654,potato,0.6544770256226855
6,331.35538,-13.409517241224766,-6.722848792078675,Rural_Hawassa,5.907423,1586.0,-6.8,31.8,12.5,0.63,Silt,7.061316546900067,4.315457451400656e-07,2.9,0.9943251211595724,banana,0.34287073143433533
7,790.73846,-3.785356492753202,-1.4704683008495965,Rural_Kilimani,15.380596,1188.3,-3.0,31.0,14.0,0.63,Sandy,4.577042710453545,0.6131073815302063,1.4,0.5588991667187745,tea,0.3992136905134104
8,742.7218,-10.237509204275336,-0.7362161395542792,Rural_Sokoto,3.4318435,2143.3,-2.6,28.2,12.8,0.66,Volcanic,5.447320501794685,0.278479232333261,13.9,8.53266459580238,coffee,0.6138607622879411
9,747.3803,-3.767333719815989,-3.1056433594397808,Rural_Kilimani,8.239554,796.6,-3.8,32.7,14.45,0.58,Sandy,4.897414401815874,0.3103862353298307,4.6,2.214679129460039,cassava,0.48145198466522593
10,756.9202,-7.538598956927739,-0.5785546325276771,Rural_Sokoto,9.371509,1544.7,-3.1,30.5,13.7,0.64,Volcanic,5.831128627497049,0.4451286628448371,3.2,1.5162813258555872,coffee,0.473837914329871
11,393.8345,-12.855316973405476,-8.159820813263988,Rural_Akatsi,36.34067,1753.3,-6.3,31.8,12.75,0.74,Silt,6.254509163012349,0.0039918202247622,1.9,0.9368052485008556,banana,0.4930553939478187
12,660.6827,-2.6409104112401973,-3.839895520735098,Rural_Kilimani,8.705346,612.7,-4.7,29.8,12.55,0.57,Sandy,5.491848254369653,0.1890157424991756,4.2,2.606619085416844,potato,0.6206235917659152
13,790.90894,-8.822721528704143,-7.421064037482197,Rural_Akatsi,17.159893,1575.0,-2.8,31.6,14.4,0.66,Volcanic,5.555430182144888,0.0516251161209078,1.1,0.7931933781680391,tea,0.7210848892436719
14,618.16815,-8.813710142235536,-0.9389237914456244,Rural_Sokoto,23.239878,1673.9,-4.2,30.9,13.35,0.69,Silt,5.580685568665929,0.0911649094274563,1.3,0.5822603224427979,cassava,0.4478925557252291
15,639.52563,-5.916549392578599,-2.1146281724154266,Rural_Hawassa,0.8549503,913.0,-4.7,32.4,13.85,0.56,Sandy,5.688561120864322,0.7038841917356988,13.1,4.45176785156669,wheat,0.3398296069898237
16,808.43085,-8.56139132111456,-1.974985123334722,Rural_Sokoto,16.707561,1693.4,-2.4000000000000004,30.0,13.8,0.67,Volcanic,3.768237808360417,0.1008553379000064,1.2,0.7679065918365245,tea,0.6399221598637704
17,454.19534,-10.377185694538737,-7.353494820185081,Rural_Akatsi,9.985941,1700.5,-5.6,31.3,12.85,0.65,Silt,7.196078807735186,0.0303820353660652,2.5,0.9603215186479883,banana,0.3841286074591953
18,768.06274,-8.074776451809816,0.480029771793792,Rural_Sokoto,10.411442,1756.8,-2.7,32.4,14.85,0.66,Volcanic,4.4349048854115685,0.1709666478355019,2.5,1.9524923690238536,tea,0.7809969476095414
19,610.994,-6.948353143234025,-2.9660003103590764,Rural_Hawassa,16.369598,902.8,-4.9,28.4,11.75,0.61,Loamy,4.698948976337432,0.3034866535972001,1.5,0.7911142455410773,wheat,0.5274094970273849
20,195.87325,-12.711134789907774,-6.380498091106625,Rural_Hawassa,10.056667,1575.0,-8.1,33.9,12.9,0.64,Silt,6.927999150824922,1.0170403712160064e-05,4.8,2.3050180810563066,rice,0.4802121002200639
21,654.80963,-6.637460310067107,-2.339858896739144,Rural_Hawassa,13.94029,1000.2,-4.4,33.6,14.6,0.61,Sandy,6.022460296607642,0.5807124621785628,2.0,1.0651509809821873,cassava,0.5325754904910937
22,504.42505,-2.379580203650613,-7.601248616941171,Rural_Kilimani,3.906222,335.3,-6.4,32.6,13.1,0.53,Loamy,5.429211595035307,0.057291111421635,7.1,4.256354046578342,wheat,0.5994864854335693
23,775.58325,-4.920791187797599,-5.245335240515091,Rural_Kilimani,21.290752,532.0,-3.8,27.9,12.05,0.6,Sandy,5.57051720658467,0.29888030875511,1.6,0.9809457154570048,potato,0.613091072160628
24,843.27203,-7.164626418480577,-7.794947039859568,Rural_Akatsi,11.813544,1151.4,-2.6,31.0,14.2,0.62,Sandy,5.47845099313304,0.106180852275285,1.6,0.9524514845467206,cassava,0.5952821778417003
25,690.64,-8.40819775114825,-4.195760065166571,Rural_Hawassa,4.2353106,1276.0,-3.9,29.3,12.7,0.6,Volcanic,4.615958553064251,0.0288949318635394,4.2,3.048356316771347,tea,0.7257991230407969
26,525.38104,-2.465188375102373,-5.186775252190925,Rural_Kilimani,6.8092437,298.6,-6.3,33.8,13.749999999999998,0.54,Loamy,6.45310470389543,0.1925625238013928,4.8,2.6031429133159256,potato,0.5423214402741512
27,792.5747,-3.276213157276944,-7.335476362239185,Rural_Kilimani,27.644611,613.9,-3.5,32.2,14.35,0.62,Sandy,5.842696857274482,0.1053246405317907,1.6,1.0182114465508085,potato,0.6363821540942554
28,751.3648,-2.9563089376414187,-0.9434284059320988,Rural_Kilimani,3.2867026,1298.6,-3.3,29.8,13.25,0.6,Volcanic,4.048841634381799,0.3127831326137988,11.7,6.7966072177857475,tea,0.5809065998107477
29,445.4456,-9.30483070477458,-6.930061058456494,Rural_Akatsi,5.848148,1350.4,-6.0,33.4,13.7,0.61,Peaty,4.70362872997462,0.0381556700012184,4.1,1.6747938071138964,cassava,0.40848629441802353
30,741.3757,-4.65044959373941,-6.168781210242331,Rural_Kilimani,7.026868,484.6,-4.1,28.9,12.4,0.55,Sandy,6.082514706919965,0.2923536827499024,2.2,1.2017315931748915,wheat,0.5462416332613143
31,521.39185,-9.277796545368762,-5.407501362028168,Rural_Hawassa,5.194681,1367.4,-5.3,31.9,13.3,0.61,Peaty,5.472009097039224,0.0487464424977198,4.6,2.31597739165009,cassava,0.5034733460108891
32,680.9076,-6.164362520465273,-7.511156327211684,Rural_Amanzi,8.412227,706.5,-4.5,31.0,13.25,0.57,Sandy,6.13494184648618,0.4689934224817029,3.6,1.7829305213266784,wheat,0.49525847814629953
33,717.9738,-4.416153545555645,-2.303821980847349,Rural_Kilimani,4.5158725,909.5,-3.9,29.9,13.0,0.57,Sandy,5.959237557338291,0.4491094339024725,2.4,1.1031131354391335,wheat,0.45963047309963895
34,713.8158,-2.3390289645418854,-7.421064037482197,Rural_Kilimani,17.381775,534.8,-4.3,30.5,13.1,0.59,Sandy,5.282325164776294,0.0821317250552345,1.8,1.131427505803172,potato,0.6285708365573177
35,891.7427,-1.338765066526582,-1.7857913149027995,Rural_Kilimani,4.546448,1414.4,-1.9000000000000004,29.0,13.55,0.61,Volcanic,4.186967881002033,0.0509331463027407,2.0,1.1895910854077432,tea,0.5947955427038716
36,700.91864,-3.316764396385672,-4.646221513814004,Rural_Kilimani,11.447326,511.2,-4.5,27.4,11.45,0.57,Sandy,5.2017577883056365,0.1676238872554245,2.8,1.308275189075573,wheat,0.46724113895556185
37,572.3282,-9.435495808569373,-2.560585006576386,Rural_Hawassa,4.282469,1632.1,-4.6,33.8,14.599999999999998,0.63,Silt,6.767187005321462,0.0404663132393637,2.4,1.066300304726029,banana,0.4442917936358455
38,550.40393,-7.024949928217179,-1.2182098896070337,Rural_Sokoto,21.226728,1144.1,-5.3,30.9,12.8,0.64,Loamy,4.68058962336393,0.7127589134155362,1.4,0.526134902289328,wheat,0.37581064449237717
39,659.6165,-8.471277456428496,-4.686763044192274,Rural_Hawassa,0.80738175,1237.5,-4.2,31.8,13.8,0.59,Volcanic,5.992704326729788,0.1140972485431574,13.5,7.374862840688013,wheat,0.5462861363472602
40,386.93896,-12.057809270933816,-8.997679107748214,Rural_Akatsi,4.1579146,1885.8,-5.9,33.3,13.7,0.65,Silt,7.028415322707853,0.0415583410577925,4.7,2.074734899939949,banana,0.44143295743403166
41,751.4212,-7.615195741910893,-7.763414738454247,Rural_Akatsi,8.986146,1183.5,-3.4000000000000004,30.8,13.7,0.61,Sandy,6.134573074742628,0.0591743280322812,3.0,1.7110402715066932,cassava,0.5703467571688977
42,638.4356,-8.15137323679297,-5.988596630783357,Rural_Hawassa,2.4603343,1093.8,-4.5,29.8,12.65,0.58,Sandy,4.911920667760945,0.306816464301071,10.4,3.7502652217896686,wheat,0.3606024251720835
43,255.68433,-11.701859505423863,-6.164276595755856,Rural_Hawassa,22.052572,1667.3,-7.5,33.1,12.8,0.69,Silt,6.471624731127146,0.0069746063404251,1.8,1.0063485858507804,rice,0.559082547694878
44,562.1472,-7.953122734483631,-2.2227389200908103,Rural_Sokoto,24.619905,1200.3,-5.3,31.8,13.25,0.66,Loamy,4.649273584598177,0.262476573210417,1.4,0.9484067741024448,tea,0.6774334100731749
45,779.9252,-10.22849781780673,0.3764236386048822,Rural_Sokoto,3.3992305,2219.5,-2.2,30.6,14.2,0.67,Volcanic,4.41686239209466,0.3353835992412022,8.3,5.440520355967024,tea,0.6554843802369908
46,805.97516,-4.335051067338188,-0.8848684176079324,Rural_Kilimani,4.799029,1284.1,-2.8,29.2,13.2,0.6,Volcanic,5.829746889672065,0.8005345089911302,2.3,0.7406976541469475,coffee,0.3220424583247598
47,673.3514,-9.81847973348514,-1.5425421326331856,Rural_Sokoto,8.904864,1927.1,-3.4000000000000004,30.3,13.45,0.67,Volcanic,4.85711097685568,0.1418049757610968,3.2,2.757766696896831,tea,0.8618020927802597
48,493.53882,-0.3159727023397636,-3.1056433594397808,Rural_Kilimani,8.672898,690.4,-6.2,34.1,13.95,0.57,Loamy,6.766205917784029,0.0048716138507293,2.2,1.5872457310703936,wheat,0.7214753323047243
49,538.19745,-7.326831374915491,-1.254246805498828,Rural_Sokoto,12.456426,1187.9,-5.3,32.0,13.35,0.62,Loamy,6.045768938148034,0.6066086270989894,1.8,0.928374343847798,wheat,0.5157635243598878
50,544.6548,-1.1990885762631844,-3.925483195978111,Rural_Kilimani,9.845885,532.3,-5.9,33.4,13.75,0.56,Loamy,4.998228750306571,0.0265708749447491,4.1,2.2379314309233287,maize,0.5458369343715437
51,965.42365,-4.434176318492858,-3.6326832543572793,Rural_Kilimani,7.6869597,903.7,-1.6999999999999993,27.1,12.7,0.58,Rocky,6.116802548281348,0.2085764475977201,2.7,1.6653141105639895,wheat,0.6167830039125887
52,809.51984,-4.064709473279997,-1.0335206956615857,Rural_Kilimani,14.039279,1275.4,-2.8,31.0,14.1,0.63,Volcanic,4.096503703770193,0.7403902194590921,0.8,0.3138649713341964,tea,0.39233121416774547
53,379.92014,-9.994201769622965,-3.934492424951059,Rural_Hawassa,5.2726903,1492.5,-6.5,33.0,13.25,0.62,Silt,5.915457225251797,0.0650652054672004,2.9,1.4338166174379847,wheat,0.49441952325447747
54,603.43915,-5.866986767001265,-1.303797564850046,Rural_Sokoto,45.649673,1021.6,-4.9,33.9,14.5,0.71,Loamy,4.5775326672273255,0.9022021407570648,1.4,0.6079476045793384,tea,0.4342482889852417
55,813.8458,-4.898262721626084,-5.5561536400818206,Rural_Kilimani,29.738115,562.4,-3.4000000000000004,30.3,13.45,0.63,Sandy,6.060544019610835,0.3044480470669112,0.7,0.37513130377171017,maize,0.5359018625310146
56,723.12756,-9.660780470284532,-0.5560315600953059,Rural_Sokoto,4.783915,2010.9,-2.9000000000000004,30.5,13.8,0.66,Volcanic,5.792302604657708,0.2413431407575147,4.5,3.014890499314823,banana,0.6699756665144051
57,410.50626,-10.94039734882663,-8.934614504937574,Rural_Akatsi,4.675606,1846.7,-5.9,30.2,12.15,0.65,Silt,5.926181828355334,0.0764138193525744,4.3,2.277240514369821,banana,0.5295908172953072
58,792.6537,-3.163570826419365,-2.835366490251321,Rural_Kilimani,28.081358,928.5,-3.3,31.2,13.95,0.65,Sandy,5.102047962507783,0.3873496942586942,1.1,0.5975574299718895,potato,0.5432340272471723
59,396.00775,-0.4781776587746762,-4.425495403976762,Rural_Kilimani,6.379792,279.0,-7.5,32.4,12.45,0.53,Loamy,5.319849778854642,0.0041822566814976,2.9,1.6499963057202243,wheat,0.5689642433518015
60,909.26044,-1.4333846244469477,-1.862369761172864,Rural_Kilimani,9.121588,1405.4,-1.8000000000000007,31.0,14.6,0.63,Volcanic,5.366401241443922,0.0631286759594055,2.7,1.2086502250702684,coffee,0.44764823150750677
61,383.46628,-11.08007383909003,-8.628300719857318,Rural_Akatsi,6.539067,1822.5,-6.1,31.0,12.45,0.65,Silt,6.569699633406715,0.1649404955306821,4.6,2.2991782328462844,wheat,0.4998213549665836
62,717.6414,-2.645416104474501,-3.2002402636557425,Rural_Kilimani,10.938603,799.1,-4.1,33.4,14.65,0.59,Sandy,5.499808143591797,0.300350270999493,2.0,0.9120396288084192,wheat,0.4560198144042096
63,709.2452,-10.49883941186492,-0.5199946442035108,Rural_Sokoto,1.2624784,2156.5,-2.9000000000000004,30.9,14.0,0.66,Volcanic,5.578641561097856,0.3398972967475686,8.8,5.56257137611065,coffee,0.6321103836489375
64,603.7494,-8.894812620452992,-3.3804248431147155,Rural_Hawassa,4.3008165,1419.2,-4.5,28.6,12.05,0.61,Peaty,4.411738198801234,0.0118010522910804,3.4,1.2118925052379925,cassava,0.35643897212882136
65,459.53207,-14.70715689270408,-7.020153348185981,Rural_Hawassa,2.867474,1277.1,-6.0,33.2,13.6,0.6,Peaty,4.040777400519723,3.3224900534617905e-10,10.7,3.8377541555998107,cassava,0.3586686126728795
66,834.7159,-5.182121395387183,-3.587637109492535,Rural_Kilimani,18.581152,785.0,-3.0,29.2,13.1,0.61,Sandy,6.156581998864892,0.1965308183241032,0.7,0.3914573680230897,maize,0.5592248114615568
67,674.2084,-7.817951937454536,-7.240879458023223,Rural_Akatsi,11.709434,1105.9,-4.2,28.6,12.2,0.61,Sandy,5.218901008218108,0.089423673948881,3.2,1.3481329147535481,wheat,0.42129153586048373
68,747.4178,-8.570402707583165,-1.1506406723099185,Rural_Sokoto,1.3789419,1724.8,-2.9000000000000004,28.9,13.0,0.63,Volcanic,5.850088552276825,0.1154911311890309,8.8,5.141145504718525,coffee,0.5842210800816505
69,344.45914,-11.332392660211006,-6.4750949953225865,Rural_Hawassa,21.846682,1731.1,-6.6,32.0,12.7,0.69,Silt,5.2662899339037486,0.0278680502159472,1.4,0.5861304846793628,banana,0.41866463191383063
70,545.2032,-0.4060865670258256,-3.002037226250871,Rural_Kilimani,10.295476,772.7,-5.6,29.1,11.75,0.58,Loamy,6.724823436606546,0.006578449094578,3.3,2.190931480631438,maize,0.6639186304943753
71,585.1891,-5.452462989445372,0.7232789540634064,Rural_Kilimani,21.96423,1209.0,-4.9,33.6,14.35,0.65,Silt,6.683805609639423,0.6857799179908268,0.8,0.3576810332626402,wheat,0.44710129157830025
72,680.9612,-3.0013658699844505,-6.7273534065651495,Rural_Kilimani,31.381239,445.3,-4.7,33.6,14.45,0.62,Sandy,4.546514888515515,0.2058262698231884,1.4,0.7119346140002084,potato,0.5085247242858632
73,507.23108,-7.133086565840455,-1.2407329620394052,Rural_Sokoto,10.975426,1116.9,-5.7,32.8,13.55,0.61,Loamy,5.534211139346645,0.6790506213426133,4.6,1.7663575011767187,banana,0.38399076112537367
74,568.6904,-8.552379934645952,-6.560682670565599,Rural_Akatsi,17.172949,1192.0,-5.0,32.3,13.65,0.64,Loamy,5.428472229769554,0.1241491550186729,1.0,0.615747050316112,cassava,0.615747050316112
75,376.7257,-0.3024556226368542,-4.344412343220224,Rural_Kilimani,15.336854,269.2,-7.6,32.5,12.45,0.56,Loamy,6.361335077732342,0.0026264430379894,1.0,0.6774199761631194,wheat,0.6774199761631194
76,776.9175,-9.376921796523431,-2.0425543406318374,Rural_Sokoto,10.646531,1879.4,-2.5,29.2,13.35,0.67,Volcanic,4.168289395561951,0.1341651120291419,4.6,3.5200664757074764,tea,0.7652318425451037
77,610.9348,-1.2621682815434276,-6.101211992945216,Rural_Kilimani,9.278497,353.7,-5.4,30.7,12.65,0.55,Loamy,5.98152616007935,0.1248128843132475,3.4,2.311196601245741,wheat,0.6797637062487474
78,567.1401,-5.619173639114591,-0.8533361162026118,Rural_Kilimani,2.6829624,1040.5,-5.2,28.9,11.85,0.58,Loamy,5.068413021575089,0.9140946696274114,11.1,4.105127125331258,wheat,0.3698312725523656
79,744.86566,-4.348568147041098,-0.4569300413928701,Rural_Kilimani,9.13863,1284.5,-3.4000000000000004,28.1,12.35,0.62,Volcanic,4.403427497227362,0.743466972009191,4.1,1.9495080099215691,tea,0.47548975851745595
80,826.1083,-2.9157576985326905,-1.5650652050655574,Rural_Kilimani,5.061548,1258.6,-2.6,26.9,12.15,0.6,Volcanic,4.510853471485074,0.3310938358145836,2.7,1.632599342439161,tea,0.6046664231256151
81,683.9345,-14.39626405953716,-6.146258137809959,Rural_Hawassa,17.144402,1638.1,-3.6,31.8,14.1,0.67,Volcanic,4.405833109450071,9.936232696456411e-09,0.9,0.311260229985243,cassava,0.34584469998360334
82,736.43884,-3.528531978397922,-0.3488192937174859,Rural_Kilimani,2.530983,1334.6,-3.4000000000000004,29.1,12.85,0.6,Volcanic,5.492035630308211,0.4771280907965269,7.4,2.9791383656840726,coffee,0.4025862656329828
83,469.52298,-9.23273961302573,-5.511107495217078,Rural_Hawassa,9.228676,1297.6,-5.9,30.4,12.25,0.62,Silt,7.274776212229401,0.0552884325692651,4.2,2.1133188379549095,wheat,0.5031711518940261
84,595.3719,-9.611217844707197,-2.5380619341440145,Rural_Hawassa,2.0598238,1707.8,-4.3,30.0,12.85,0.63,Silt,6.14205442062611,0.0701244527140663,6.5,3.1074236273618703,coffee,0.47806517344028776
85,737.3999,-2.6364047180058936,-2.610135765927604,Rural_Kilimani,0.5008781,961.7,-3.6,30.8,13.6,0.57,Sandy,5.125496720341652,0.3435218752265914,12.3,6.642585561990004,potato,0.5400476066658539
86,631.03644,-5.749838742909383,-0.1551208707990896,Rural_Sokoto,4.558887,1206.5,-4.5,33.1,14.3,0.6,Peaty,4.283779088961377,0.9729916823647378,2.4,0.667397181888685,cassava,0.27808215912028544
87,497.6068,-14.022291521089995,-6.736362635538097,Rural_Hawassa,7.9985347,1564.4,-5.5,31.8,13.15,0.63,Silt,6.946408342433595,1.9708156638083432e-08,4.4,1.7252486693829516,banana,0.39210197031430716
88,764.42444,-4.159329031200365,-1.294788335877097,Rural_Kilimani,16.099163,1175.5,-3.3,28.9,12.8,0.63,Sandy,4.555199565618687,0.7484946851466435,0.8,0.2897404233382352,tea,0.36217552917279394
89,718.968,-8.64699949256632,-0.0064685927454364,Rural_Sokoto,12.725033,1805.9,-3.2,29.6,13.2,0.67,Volcanic,4.510769855932135,0.1208330141371241,1.3,1.0901954825728142,tea,0.8386119096713955
90,672.494,-7.18264919141779,-6.168781210242331,Rural_Hawassa,34.655468,819.1,-4.4,29.2,12.4,0.66,Sandy,5.204323624742162,0.307990667901403,1.4,0.717484086099107,cassava,0.5124886329279336
91,636.7583,-7.092535326731726,-2.74076958603536,Rural_Hawassa,5.922931,999.6,-4.6,32.7,14.05,0.59,Loamy,6.688992314630864,0.3404237408133587,2.9,1.8934551228516732,wheat,0.6529155596040253
92,680.74854,-7.015938541748572,-0.1731393287449869,Rural_Sokoto,17.115238,1408.4,-3.8,30.1,13.15,0.65,Volcanic,4.142578632442273,0.6917586869825796,1.2,0.38337290487973397,cassava,0.31947742073311164
93,378.82364,-12.508378594364132,-8.385051537587705,Rural_Akatsi,13.30753,1822.6,-6.1,29.3,11.6,0.67,Silt,5.617232128349174,0.0269282867239738,1.6,0.9538516820804563,rice,0.5961573013002852
94,686.1873,-8.489300229365707,1.227795776548532,Rural_Sokoto,7.4993587,1781.0,-3.4000000000000004,30.0,13.3,0.65,Volcanic,4.744504820647771,0.0506929348856065,3.5,1.8088215187383605,banana,0.5168061482109602
95,459.43204,-9.43099011533507,-5.799402822351436,Rural_Hawassa,13.164362,1370.1,-5.8,32.7,13.45,0.64,Silt,5.7107190736135065,0.1029903425201107,1.8,0.9174566897043425,cassava,0.5096981609468569
96,758.08466,-10.111349793714847,-1.123612985391072,Rural_Sokoto,31.378008,2108.5,-2.5,29.1,13.3,0.75,Volcanic,4.997698253154257,0.1695498500795315,1.5,1.1347028746239292,tea,0.7564685830826194
97,701.20154,-9.358899023586218,-0.6190961629059462,Rural_Sokoto,7.184972,1920.5,-3.2,31.6,14.2,0.66,Volcanic,4.3410718377205,0.1680045912064568,4.5,3.6460196491328887,tea,0.8102265886961975
98,388.1572,-9.87254805229678,-6.912042600510596,Rural_Akatsi,5.3030796,1470.8,-6.4,33.8,13.7,0.62,Silt,7.156023857754025,0.0771656346182975,4.6,1.471791406538258,banana,0.31995465359527353
99,643.1573,-10.476310945693404,-1.3218160227959432,Rural_Sokoto,22.550077,2042.5,-3.6,29.7,13.05,0.72,Volcanic,4.094322103400768,0.1651060808500329,0.5,0.37615709634463207,tea,0.7523141926892641
100,711.88837,-7.601678662207984,-4.024584714680546,Rural_Hawassa,1.7127155,1046.3,-3.9,31.4,13.75,0.58,Sandy,6.586034288630515,0.0691584615767919,5.2,2.62140584691105,maize,0.5041165090213557
101,369.78412,-11.219750329353428,-8.72289762407328,Rural_Akatsi,24.896206,1849.9,-6.0,31.7,12.85,0.71,Silt,5.836137795624648,0.1661653445560425,1.4,0.8114908834254592,rice,0.5796363453038994
102,585.7511,-7.223200430526518,-2.078591256523632,Rural_Sokoto,4.52347,1085.7,-5.0,32.9,13.95,0.59,Loamy,6.36713933797083,0.577410714107456,2.3,1.308704002591142,wheat,0.5690017402570183
103,463.17465,-12.621020925221712,-8.880559131099881,Rural_Akatsi,1.3305372,1903.4,-5.3,31.0,12.85,0.64,Silt,6.828448450031308,0.006509506124162,14.6,7.466404314003241,wheat,0.5113975557536466
104,798.289,-1.12249179128003,-1.722726712092159,Rural_Kilimani,3.3962333,1351.4,-2.8,29.9,13.55,0.6,Volcanic,4.691339076305328,0.0323553670978272,12.0,8.270307592331687,tea,0.6891922993609738
105,598.0178,-1.9875848922662376,-4.664239971759902,Rural_Kilimani,19.143837,441.6,-5.5,31.3,12.9,0.58,Loamy,5.340806297616625,0.0824920872349473,0.9,0.5558922416721386,wheat,0.6176580463023762
106,628.43207,-9.87254805229678,-5.213802939109772,Rural_Hawassa,16.149405,1678.8,-4.1,30.3,13.1,0.67,Silt,6.565928067747882,0.072715003951281,1.1,0.6190406489776898,wheat,0.5627642263433543
107,491.91196,-1.0909519386399076,-3.8669232076539446,Rural_Kilimani,19.73039,491.8,-6.4,31.8,12.7,0.59,Loamy,6.406293574069096,0.0221480190464203,0.9,0.5952166853502895,maize,0.6613518726114327
108,769.1642,-8.218958635307517,-0.3578285226904347,Rural_Sokoto,19.388521,1737.8,-2.7,31.1,14.2,0.68,Volcanic,4.93329448564189,0.1788288653053854,0.8,0.6380509729870785,tea,0.797563716233848
109,339.7252,-6.335578863368793,-1.6686713382544671,Rural_Hawassa,21.680336,733.9,-7.5,32.6,12.55,0.61,Loamy,5.9208265269104885,0.8282040292627627,1.1,0.5222741980396125,wheat,0.47479472549055673
110,796.3508,-7.867514563031871,-1.1416314433369694,Rural_Sokoto,4.876115,1598.2,-2.6,29.7,13.55,0.63,Volcanic,5.274719324056872,0.3497224731839154,2.6,1.1013678840434917,coffee,0.42360303232441987
111,795.21094,-4.231420122949215,-5.740842834027268,Rural_Kilimani,10.080604,528.9,-3.6,28.9,12.65,0.56,Sandy,6.1418825235878645,0.2583351016791845,4.4,2.530767853520573,wheat,0.5751745121637665
112,597.09717,-9.282302238603066,-7.77692858191367,Rural_Akatsi,8.757406,1570.2,-4.4,31.1,13.35,0.64,Silt,7.193913019159325,0.0998354628542573,4.5,1.7243764980329812,banana,0.3831947773406625
113,459.17047,-11.02600552027839,-8.695869937154434,Rural_Akatsi,3.5356965,1895.7,-5.4,32.6,13.6,0.65,Silt,5.646501377445966,0.1355830104305843,9.1,4.653875235713266,coffee,0.5114148610673919
114,689.879,-8.047742292403997,-7.011144119213031,Rural_Akatsi,12.036003,1192.9,-3.8,28.3,12.25,0.62,Sandy,6.181975145252621,0.118607891978307,1.5,0.7798444900157991,wheat,0.5198963266771994
115,680.05005,-9.841008199656658,-0.7181976816083819,Rural_Sokoto,1.9294587,1998.1,-3.3,32.3,14.499999999999998,0.65,Volcanic,5.391902022326827,0.2344166700920565,6.7,5.431288839150539,tea,0.8106401252463491
116,770.18756,-5.641702105286106,-4.659735357273428,Rural_Kilimani,7.614794,618.7,-3.7,26.5,11.4,0.56,Sandy,6.116174023224898,0.2565610161163758,3.2,1.8518331670375443,potato,0.5786978646992326
117,768.82184,-3.843930504799143,-0.9794653218238932,Rural_Kilimani,5.0275955,1254.4,-3.2,31.1,13.95,0.6,Volcanic,4.399981414489676,0.6657333483762629,3.7,1.7731964603589265,tea,0.4792422865834936
118,746.7498,-3.6411743092555007,-0.5650407890682543,Rural_Kilimani,2.553003,1309.6,-3.3,31.5,14.1,0.6,Volcanic,5.565455583876929,0.5488872753381093,11.2,6.150725735631903,tea,0.54917194068142
119,530.631,-1.253156895074822,-3.916473967005162,Rural_Kilimani,15.18068,518.1,-6.0,29.7,11.85,0.58,Loamy,4.950463812031427,0.0298743220036117,0.9,0.5374269265638616,wheat,0.5971410295154017
120,904.1912,-7.727838072768472,-6.317433488295984,Rural_Akatsi,42.477123,1209.9,-2.2,27.3,12.55,0.72,Volcanic,3.75213753812124,0.3463085276603874,1.0,0.44005814073676885,tea,0.44005814073676885
121,790.7851,-7.588161582505075,-0.5425177166358826,Rural_Sokoto,33.711464,1598.5,-2.7,29.7,13.5,0.72,Volcanic,4.188630970895279,0.4203165496303734,1.1,0.6730884792351047,tea,0.6118986174864588
122,668.8469,-5.844458300829748,-2.488511174792797,Rural_Hawassa,14.157809,863.8,-4.4,29.3,12.45,0.6,Sandy,5.296059627143326,0.5114166489773094,1.8,0.9460280064840972,potato,0.5255711147133874
123,623.66113,-14.887384622076205,-6.173285824728805,Rural_Hawassa,4.1246443,1380.9,-4.4,32.2,13.900000000000002,0.61,Peaty,4.377066252938846,1.0066585916900136e-09,2.2,0.7927114048021026,cassava,0.3603233658191375
124,737.1681,-7.831469017157445,-3.263304866466383,Rural_Hawassa,18.709253,1229.4,-3.5,28.6,12.55,0.64,Volcanic,4.122904573463952,0.0835924851042073,1.7,0.698272292202314,cassava,0.4107484071778318
125,525.3842,0.2607560316510433,-3.5651140370601637,Rural_Kilimani,36.889824,582.3,-6.0,31.5,12.75,0.65,Loamy,6.475410102632468,0.0006847646249196,1.1,0.7545722240897289,maize,0.6859747491724808
126,602.4487,-5.758850129377988,-8.231894645047577,Rural_Amanzi,14.06344,665.4,-5.2,29.4,12.1,0.59,Loamy,5.574501173984842,0.2016477773953336,1.5,1.0159615950648253,potato,0.6773077300432169
127,773.7714,-4.136800565028848,-1.5110098312278657,Rural_Kilimani,17.475237,1144.2,-3.2,29.8,13.3,0.63,Sandy,5.642853513282059,0.7006261197779868,1.7,0.8935492674163508,cassava,0.5256172161272652
128,796.44446,-7.43947370577307,-6.231845813052972,Rural_Hawassa,23.486315,1030.1,-3.1,29.4,13.15,0.64,Sandy,4.900343745737959,0.3443972227655159,1.5,0.7400413596686934,tea,0.49336090644579567
129,874.5884,-7.178143498183486,-7.754405509481297,Rural_Akatsi,20.04028,1182.4,-2.3,29.8,13.75,0.64,Sandy,4.86540671959675,0.1062606322413664,1.8,0.9303762261090942,tea,0.516875681171719
130,489.95352,-1.5325098756016189,-5.204793710136823,Rural_Kilimani,23.698463,275.9,-6.6,31.5,12.45,0.59,Loamy,6.238623041773093,0.0986222584310227,1.4,0.9513044815030295,wheat,0.6795032010735925
131,362.7507,-11.476574843708708,-7.988645462777963,Rural_Akatsi,3.3069782,1808.2,-6.4,33.2,13.400000000000002,0.64,Silt,5.622110035177073,0.2596196785793124,6.2,3.4629681057709387,rice,0.5585432428662804
132,393.69748,-12.621020925221712,-8.299463862344691,Rural_Akatsi,4.2143826,1814.0,-6.1,33.6,13.75,0.64,Silt,6.258796208573617,0.0158531296023558,3.2,1.759426620190729,coffee,0.5498208188096028
133,317.19836,-9.859030972593873,-3.506554048735997,Rural_Hawassa,10.596356,1412.3,-7.1,33.1,13.0,0.63,Silt,6.375242234018064,0.0198514130117619,3.1,1.667835777180566,wheat,0.538011541025989
134,577.583,-6.515806592740921,-0.4479208124199216,Rural_Sokoto,8.397207,1193.6,-5.0,32.6,13.8,0.61,Loamy,5.850045971489508,0.889490534204281,4.9,2.6615304377526994,cassava,0.5431694770923876
135,676.0542,-8.701067811377957,-5.204793710136823,Rural_Hawassa,24.231682,1323.2,-4.0,31.0,13.5,0.67,Volcanic,5.018165309097761,0.2374344383537173,1.4,0.5934159396515932,cassava,0.4238685283225666
136,483.94836,-0.1447563594362417,-3.2272679505745883,Rural_Kilimani,3.5856297,645.4,-6.3,31.5,12.6,0.55,Loamy,5.597030251676057,0.0027685304268564,14.8,9.258423319347008,maize,0.6255691431991222
137,614.2358,-7.565633116333559,-2.1957112331719646,Rural_Sokoto,4.8814907,1179.2,-4.7,32.0,13.65,0.6,Loamy,6.042677795240905,0.4203707897537773,2.0,1.1668284134331999,wheat,0.5834142067165999
138,634.5237,-9.349887637117613,-2.3804004271174124,Rural_Hawassa,3.5601125,1691.8,-4.0,30.0,13.0,0.63,Silt,7.459908122031455,0.0650332291689632,6.0,2.830005770087169,wheat,0.47166762834786147
139,338.43475,-12.229025613837337,-8.641814563316741,Rural_Akatsi,7.981026,1801.4,-6.6,32.7,13.05,0.65,Silt,6.863298481163838,0.0631944836595606,2.3,1.1251927541387976,wheat,0.48921424092991206
140,608.1277,-7.403428159898644,-5.245335240515091,Rural_Hawassa,5.83556,804.2,-5.0,29.4,12.2,0.57,Loamy,4.9980364832225606,0.2198302818394708,2.7,1.5336228417812914,wheat,0.5680084599189967
141,668.4095,-8.097304917981333,-7.993150077264437,Rural_Akatsi,11.379527,1283.2,-4.0,30.6,13.3,0.62,Volcanic,4.506549463664547,0.0685618235119231,4.3,3.125449128848291,tea,0.7268486346158817
142,649.1858,-6.182385293402486,-7.182319469699057,Rural_Amanzi,11.758632,635.3,-4.8,29.2,12.2,0.58,Sandy,6.762798996431925,0.4609472449755649,2.6,1.1636168941677818,potato,0.4475449592953007
143,374.45523,-11.06655675938712,-8.92110066147815,Rural_Akatsi,23.314842,1823.0,-6.2,33.5,13.65,0.7,Silt,6.851592611843974,0.0887927682025603,0.8,0.39341910934651597,wheat,0.4917738866831449
144,743.4772,-8.137856157090061,-3.812867833816252,Rural_Hawassa,13.972545,1271.6,-3.4000000000000004,30.5,13.55,0.63,Volcanic,4.03493860949191,0.036271090969103,1.3,0.5419572080992323,cassava,0.4168901600763325
145,533.50653,-10.201463658400913,-5.479575193811757,Rural_Hawassa,36.957676,1677.8,-4.9,30.7,12.9,0.73,Silt,6.72504846796956,0.1704520909608292,0.5,0.2181551276103864,banana,0.4363102552207728
146,429.6794,-0.5908199896322568,-3.911969352518688,Rural_Kilimani,10.363134,421.0,-7.0,32.1,12.55,0.56,Loamy,5.011920916681256,0.0064731092354242,3.4,1.943803759454195,wheat,0.5717069880747633
147,638.26935,-6.853733585313659,-0.2316993170691532,Rural_Sokoto,9.697887,1343.6,-4.2,30.1,12.95,0.62,Volcanic,5.201093315104745,0.7710904461217887,2.2,0.8898384018476622,cassava,0.4044720008398464
148,442.31607,-10.679067141237049,-7.493137869265786,Rural_Hawassa,7.906821,1761.6,-5.7,33.2,13.750000000000002,0.65,Silt,5.526675370887089,0.0308243812400365,2.1,1.0167491741123031,banana,0.48416627338681095
149,641.44617,-5.727310276737866,-7.934590088940271,Rural_Amanzi,5.3720555,654.3,-4.9,29.5,12.3,0.56,Sandy,6.653153292878296,0.3171369509737457,3.2,1.7733189971715966,wheat,0.5541621866161239
150,677.46655,-7.601678662207984,-5.236326011542143,Rural_Hawassa,12.327495,939.7,-4.3,30.8,13.25,0.6,Sandy,4.595285849444123,0.2181736766501895,1.3,0.607424467603412,cassava,0.46724959046416303
151,363.7375,-11.305358500805188,-7.272411759428544,Rural_Hawassa,9.799233,1747.9,-6.6,31.6,12.5,0.65,Silt,6.477326093717219,0.0327527591885696,2.0,1.084436277463471,coffee,0.5422181387317355
152,239.25795,-12.877845439576992,-6.524645754673803,Rural_Hawassa,7.6238174,1602.1,-7.6,32.6,12.5,0.64,Silt,7.412492343620631,5.28706929057478e-06,3.6,1.0800743054451847,banana,0.30002064040144016
153,767.3484,-6.448221194226374,-7.646294761805914,Rural_Amanzi,10.849078,880.2,-3.5,29.3,12.9,0.59,Sandy,5.228197001702818,0.3790900423834134,4.3,1.7505644492696324,wheat,0.4071080114580541
154,666.95984,-2.7400356623948667,-4.2993661983554805,Rural_Kilimani,12.911469,539.4,-4.8,29.5,12.35,0.57,Sandy,5.537023039374682,0.141692578443179,1.4,0.644110714931965,maize,0.46007908209426074
155,534.1084,-5.885009539938478,-0.8893730320944064,Rural_Sokoto,18.776329,1004.8,-5.7,34.2,14.250000000000002,0.63,Loamy,5.70670375741356,0.9137351363850746,1.1,0.618848908183135,cassava,0.5625899165301227
156,837.23285,-1.8704368681743555,-3.362406385168818,Rural_Kilimani,31.039873,932.5,-2.8,31.6,14.4,0.66,Sandy,6.304953013994183,0.1332691097752228,0.9,0.5228801659302471,wheat,0.580977962144719
157,620.09814,-6.304039010728673,-2.875908020629589,Rural_Hawassa,9.491573,811.7,-4.9,29.0,12.05,0.58,Loamy,6.020753296698509,0.4922232188139918,2.6,1.4942131445185982,potato,0.5746973632763839
158,500.32855,-7.259245976400943,-1.4434406139307503,Rural_Sokoto,3.0449567,1105.6,-5.7,32.2,13.250000000000002,0.59,Loamy,6.274752330897496,0.647893090378304,12.7,4.537735151756167,coffee,0.3573019804532415
159,708.3541,-7.890043029203387,-0.7181976816083819,Rural_Sokoto,12.764147,1561.6,-3.4000000000000004,32.5,14.55,0.65,Volcanic,5.245936600441801,0.3026401833960708,0.6,0.2674210276412115,cassava,0.44570171273535253
160,570.6675,-5.916549392578599,-3.7948493758703545,Rural_Hawassa,25.662413,543.1,-5.6,35.1,14.75,0.61,Loamy,5.94062023771177,0.2174638728888867,1.3,0.8381754929403983,potato,0.6447503791849217
161,917.1353,-3.6411743092555007,-2.808338803332475,Rural_Kilimani,16.941868,1041.7,-2.0,29.8,13.9,0.62,Sandy,6.404212158067551,0.3654976235489446,1.5,0.46372205385088516,coffee,0.3091480359005901
162,551.5326,-13.918660576701024,-6.470590380836112,Rural_Hawassa,5.2290335,1668.5,-4.8,29.2,12.2,0.63,Silt,7.211823469589177,3.480937114600478e-08,4.8,2.3887500182695485,wheat,0.49765625380615597
163,703.3599,-7.660252674253925,-5.794898207864961,Rural_Hawassa,7.259696,987.6,-4.0,26.9,11.45,0.59,Sandy,5.587042664900639,0.3641015567500105,4.6,2.5152081647250695,potato,0.5467843836358847
164,396.17255,-9.859030972593873,-3.925483195978111,Rural_Hawassa,7.230681,1470.4,-6.4,35.8,14.7,0.63,Silt,6.124638434052222,0.0363311695683099,3.1,1.5464482760010707,coffee,0.4988542825809905
165,1022.13354,-4.4612104778986765,-4.150713920301827,Rural_Kilimani,12.563234,882.1,-1.1999999999999993,28.2,13.5,0.6,Rocky,4.97981324395553,0.217313092220481,1.3,0.7283055984927769,potato,0.5602350757636745
166,812.96906,-8.214452942073216,-0.0695331955560771,Rural_Sokoto,11.302348,1807.2,-2.3,28.4,13.05,0.66,Volcanic,4.869691401339796,0.1714081381801451,4.6,3.7019178464639673,tea,0.8047647492312973
167,799.35675,-4.407142159087039,-5.029113745164324,Rural_Kilimani,6.5312996,558.5,-3.5,28.8,12.65,0.55,Sandy,6.653928805722008,0.26057796478315,4.4,2.4085499852152994,maize,0.547397723912568
168,794.1614,-8.926352473093115,0.0250637086598839,Rural_Sokoto,1.9820317,1957.9,-2.3,30.0,13.85,0.65,Volcanic,4.366725490949054,0.1393712724335804,10.9,8.24993291164585,tea,0.7568745790500779
169,639.4631,-9.120097282168151,-1.465963686363122,Rural_Sokoto,5.4345727,1723.9,-3.9,29.5,12.8,0.64,Volcanic,5.791280601203616,0.0547686970878038,2.9,1.7226101576998933,banana,0.5940035026551357
170,842.554,-8.358635125570917,0.1016421549299477,Rural_Sokoto,3.698488,1878.4,-2.0,31.0,14.5,0.65,Volcanic,5.674391542300134,0.1392398469036953,7.6,4.3383999689576935,coffee,0.5708421011786439
171,611.71234,-8.669527958737834,-4.137200076842404,Rural_Hawassa,14.459661,1288.5,-4.6,30.8,13.1,0.63,Silt,5.966382662473118,0.0187719036842406,0.6,0.2573492956358705,coffee,0.42891549272645085
172,795.9156,-3.420395340774645,-0.668646922257164,Rural_Kilimani,11.987268,1358.7,-2.8,29.7,13.45,0.63,Volcanic,5.231154425553558,0.4724227945168668,1.1,0.4844839873205302,cassava,0.44043998847320925
173,842.5878,-7.655746981019622,-0.3533239082039603,Rural_Sokoto,18.014141,1686.4,-2.1,30.1,14.0,0.68,Volcanic,4.414850683561283,0.3792769791166683,2.0,1.33287779623379,tea,0.666438898116895
174,641.85486,-5.695770424097745,-1.934443592956453,Rural_Hawassa,10.20253,930.4,-4.6,28.0,11.7,0.59,Sandy,6.675482850885563,0.7806487730011448,4.2,1.0074903506929038,coffee,0.23987865492688187
175,832.8712,-3.767333719815989,-0.9118961045267782,Rural_Kilimani,7.9627376,1337.3,-2.5,32.2,14.85,0.62,Volcanic,4.037738831278485,0.6335292055835702,3.6,1.4794964003764584,tea,0.41097122232679395
176,508.8209,-7.015938541748572,-0.6641423077706896,Rural_Sokoto,12.644486,1175.1,-5.6,31.0,12.7,0.62,Loamy,5.726735427622804,0.6874095247200986,1.6,0.7210244333902491,wheat,0.4506402708689057
177,235.23508,-12.454310275552494,-7.376017892617454,Rural_Akatsi,10.051492,1653.3,-7.7,33.4,12.85,0.65,Silt,6.2013675555694805,0.0058879034419503,4.0,2.2641427475429663,rice,0.5660356868857416
178,746.5847,-4.758586231362685,-5.880485883107974,Rural_Kilimani,10.3004055,486.4,-4.1,31.0,13.45,0.56,Sandy,5.719498422400591,0.2981516407481411,3.0,1.7858354973668455,potato,0.5952784991222818
179,840.87164,-4.154823337966061,-4.619193826895159,Rural_Kilimani,7.839346,639.7,-3.1,30.0,13.45,0.56,Rocky,4.435367798907064,0.2237650300221581,3.6,1.859513704333071,potato,0.5165315845369641
180,629.72546,-10.039258701965998,-9.53372823163866,Rural_Akatsi,16.705343,1991.0,-3.5,31.5,14.0,0.69,Silt,5.979547358313559,0.1279469991178264,0.7,0.4453141338279574,banana,0.6361630483256535
181,385.8537,-10.615987435956804,-5.984092016296883,Rural_Hawassa,3.3845272,1636.0,-6.3,31.8,12.75,0.63,Silt,6.422910362158287,0.2348060724296302,14.9,6.207638666470635,banana,0.4166200447295728
182,293.50955,-13.049061782480512,-7.2273656145638,Rural_Hawassa,2.4684594,1628.8,-7.2,32.3,12.55,0.62,Silt,5.880206726609568,9.425088998298988e-05,9.5,4.2235074940350525,banana,0.4445797362142161
183,644.47266,-1.1134804048114226,-6.398516549052522,Rural_Kilimani,5.4385824,385.3,-5.1,30.3,12.6,0.54,Sandy,6.773988579675029,0.084440228271718,2.9,1.6412208359568385,wheat,0.5659382192954616
184,735.7917,-7.601678662207984,-0.2091762446367815,Rural_Sokoto,10.967901,1576.2,-3.2,31.5,14.15,0.65,Volcanic,5.241644237992943,0.3964517167364233,4.2,2.9572201006389705,tea,0.7041000239616596
185,749.7395,-3.136536667013546,-0.9254099479862016,Rural_Kilimani,8.029209,1286.9,-3.3,27.8,12.25,0.61,Volcanic,5.228278986139198,0.3766221433953147,2.3,1.0302230779496657,cassava,0.44792307736941994
186,708.6726,-7.926088575077812,-5.988596630783357,Rural_Hawassa,5.388003,1088.5,-3.9,31.8,13.95,0.59,Sandy,5.92990199613836,0.3618772742052247,3.9,1.78431324958289,wheat,0.45751621784176666
187,656.48004,-6.84021650561075,-6.168781210242331,Rural_Amanzi,9.558772,729.4,-4.5,27.9,11.7,0.58,Sandy,5.014769598877881,0.2560009163732034,3.4,1.9041772368901289,potato,0.5600521284970967
188,401.50967,-10.80973224503184,-8.281445404398795,Rural_Akatsi,25.353107,1783.3,-6.0,32.3,13.15,0.71,Silt,7.114956048808855,0.1264690532111387,1.2,0.47112775487590214,banana,0.39260646239658514
189,585.0743,-8.444243297022677,-4.957039913380734,Rural_Hawassa,0.37514654,1137.7,-5.0,29.5,12.25,0.58,Loamy,5.974417024919556,0.3128215212200847,7.5,4.52838201819292,wheat,0.6037842690923894
190,778.28925,-7.205177657589306,-7.9841408482914895,Rural_Akatsi,3.876205,1121.3,-3.2,28.7,12.75,0.59,Sandy,4.988262041520508,0.1006232884853283,10.2,5.589873607348652,tea,0.5480268242498679
191,653.0688,-7.8089405509859295,-1.3938898545795324,Rural_Sokoto,6.338085,1400.6,-4.1,28.7,12.3,0.62,Volcanic,5.414809665956351,0.396935235050165,2.7,0.9822995105351218,wheat,0.36381463353152654
192,747.023,-3.807884958924717,-0.4253977399875499,Rural_Kilimani,12.005184,1319.9,-3.3,32.9,14.8,0.63,Volcanic,4.003761496848821,0.5892343040610539,0.5,0.1722256547293427,cassava,0.3444513094586854
193,586.2007,-1.190077189794577,-4.015575485707598,Rural_Kilimani,39.819324,557.6,-5.5,33.4,13.95,0.66,Loamy,6.15242781718024,0.0243582232537485,1.0,0.7350573356810406,wheat,0.7350573356810406
194,667.496,-8.06576506534121,0.6196728208744966,Rural_Sokoto,5.9822187,1655.0,-3.7,30.5,13.4,0.64,Volcanic,4.331604896559596,0.1587104242392446,3.8,2.9688555917446697,tea,0.7812777873012289
195,748.20746,-4.154823337966061,-1.335329866255366,Rural_Kilimani,13.152989,1151.0,-3.5,29.7,13.1,0.62,Sandy,6.12456994189965,0.7412273467063267,1.8,0.4540112466587956,coffee,0.25222847036599755
196,613.4636,-5.925560779047206,-1.0965852984722264,Rural_Sokoto,11.118365,1072.3,-4.8,28.5,11.85,0.61,Loamy,6.467949862596808,0.9030663721119622,4.7,2.3918898190259807,wheat,0.5089127274523363
197,688.63477,-14.585503175377893,-5.948055100405089,Rural_Hawassa,2.5060813,1569.9,-3.6,31.6,14.0,0.62,Volcanic,4.117729226245691,1.007224240218782e-08,10.4,7.48428353656934,tea,0.7196426477470519
198,402.39825,-12.427276116146675,-8.794971455856869,Rural_Akatsi,17.431797,1853.8,-6.0,34.1,14.05,0.69,Silt,5.737510369700309,0.021181057543485,1.0,0.5361840689899809,coffee,0.5361840689899809
199,630.41345,-9.277796545368762,-0.056019352096654,Rural_Sokoto,2.244286,1862.7,-3.9,31.2,13.65,0.64,Silt,5.511640252082005,0.2096092798366832,5.3,4.041904147176412,tea,0.7626234239955495
200,723.94275,-8.908329700155903,-7.443587109914568,Rural_Akatsi,18.0124,1541.6,-3.4000000000000004,30.6,13.6,0.66,Volcanic,5.213055857389578,0.0532707073717944,1.9,0.8805075763740154,cassava,0.46342504019685027
201,684.0361,-2.5598079330227392,-2.848880333710744,Rural_Kilimani,5.9594846,846.3,-4.3,29.3,12.5,0.57,Sandy,6.35965684823381,0.3228097786472839,2.4,0.9668884832876984,coffee,0.40287020136987434
202,431.3645,-9.327359170946096,-7.083217950996622,Rural_Akatsi,20.883362,1353.6,-6.1,33.3,13.599999999999998,0.66,Silt,6.102420255081436,0.0354429143267019,1.3,0.5576032070635512,banana,0.42892554389503934
203,860.88916,-4.8487000960487485,-3.628178639870805,Rural_Kilimani,12.278118,795.0,-2.8,28.3,12.75,0.59,Rocky,4.272913832912219,0.1989053865800315,1.1,0.507947188183124,potato,0.4617701710755673
204,698.92773,-7.953122734483631,-7.448091724401043,Rural_Akatsi,17.939735,1198.6,-3.9,30.0,13.05,0.64,Sandy,5.3847545445467615,0.0612317047010237,1.1,0.6175844276117491,cassava,0.5614403887379538
205,833.18524,-2.4066143630564323,-0.9794653218238932,Rural_Kilimani,19.479332,1425.1,-2.4000000000000004,26.8,12.2,0.66,Volcanic,4.491138831811753,0.1669270297681248,0.8,0.5290800684463879,tea,0.6613500855579848
206,411.26138,-9.877053745531082,-6.876005684618803,Rural_Akatsi,21.753748,1494.4,-6.2,29.7,11.75,0.67,Silt,5.836299199551108,0.0844684622439381,1.5,0.7302978448101046,wheat,0.4868652298734031
207,798.12103,-6.781642493564808,-8.03819622212918,Rural_Amanzi,1.4956666,1046.1,-3.0,30.3,13.65,0.58,Sandy,5.362354210096352,0.1495175507428186,5.2,2.6181898812903257,tea,0.5034980540942934
208,580.6723,-8.980420791904752,-6.934565672942969,Rural_Akatsi,5.999847,1381.1,-4.8,30.9,13.05,0.61,Peaty,4.528687492060524,0.0400369707160197,3.5,2.2255192483996393,tea,0.635862642399897
209,416.33923,-10.922374575889418,-9.042725252612955,Rural_Akatsi,3.3266792,1856.4,-5.8,34.5,14.35,0.64,Silt,6.934257703272035,0.0600112786761502,9.3,4.158951874023779,banana,0.447199126239116
210,724.5819,-8.196430169136002,-3.8939508945727903,Rural_Hawassa,1.8867223,1263.8,-3.6,30.0,13.2,0.59,Volcanic,4.271490976611154,0.0335487324321239,14.5,5.802031931499689,cassava,0.40014013320687514
211,731.7884,-4.262959975589338,-2.8804126351160644,Rural_Kilimani,7.211006,807.2,-3.9,31.6,13.85,0.58,Sandy,5.887665698584114,0.2897409837676232,4.9,2.3793306049464835,maize,0.4855776744788742
212,764.61456,-3.1275252805449387,-1.4028990835524813,Rural_Kilimani,7.201251,1213.0,-3.2,28.6,12.7,0.61,Volcanic,5.60051041431675,0.3893862921917225,2.8,1.2308680379941934,coffee,0.4395957278550691
213,673.3799,-2.8121267541437174,-6.601224200943867,Rural_Kilimani,2.76646,430.9,-4.8,30.9,13.05,0.53,Sandy,6.700075724774266,0.2523358661458705,6.8,3.3239179821665656,maize,0.48881146796567143
214,757.1491,-4.114272098857333,-1.1416314433369694,Rural_Kilimani,1.4599929,1198.6,-3.3,27.1,11.9,0.59,Sandy,5.459316800751348,0.7517014492590274,5.5,1.5830055604070503,wheat,0.2878191928012819
215,730.5115,-8.255004181181942,-7.502147098238734,Rural_Akatsi,12.091201,1334.9,-3.5,31.9,14.2,0.63,Volcanic,4.25468843897883,0.0547866342864411,1.1,0.4124393960631916,cassava,0.37494490551199233
216,608.57294,-6.92582467706251,-6.421039621484893,Rural_Akatsi,10.602878,695.7,-5.1,32.2,13.55,0.58,Loamy,5.147386676459689,0.2470810813494754,3.2,2.0792279025313576,potato,0.6497587195410492
217,441.2696,-11.084579532324332,-8.177839271209885,Rural_Akatsi,9.411427,1859.3,-5.6,34.0,14.2,0.66,Silt,6.250316213168374,0.212242682498008,3.2,1.9315726559591722,rice,0.6036164549872413
218,556.58154,-9.494069820615314,-7.749900894994824,Rural_Akatsi,15.1181965,1589.8,-4.8,31.8,13.5,0.66,Silt,5.885487177104757,0.0892685650689009,1.1,0.8033892821505529,rice,0.730353892864139
219,408.72238,-9.489564127381012,-7.123759481374891,Rural_Akatsi,5.356321,1377.2,-6.4,33.2,13.400000000000002,0.61,Peaty,5.685924271875613,0.0381645029578796,3.0,1.3468416543257336,wheat,0.44894721810857785
220,328.99985,-13.733927154094594,-7.056190264077775,Rural_Hawassa,11.758385,1501.3,-6.9,33.4,13.25,0.64,Silt,5.99967842130154,1.311384144801637e-07,3.1,1.3337535900947233,banana,0.43024309357894297
221,662.96875,-6.538335058912436,-7.317457904293287,Rural_Amanzi,21.48692,740.7,-4.6,30.4,12.9,0.61,Sandy,5.743004519610167,0.401167083227912,0.7,0.3910236672692251,potato,0.5586052389560359
222,303.12317,-13.359954615647432,-6.839968768727007,Rural_Hawassa,0.5050355,1575.9,-7.0,34.1,13.55,0.61,Peaty,4.489177282792553,1.0302823964249037e-06,10.4,5.668774895491774,rice,0.5450745091819014
223,700.394,-8.34962373910231,-7.173310240726109,Rural_Akatsi,1.9536524,1306.2,-3.7,31.9,14.1,0.6,Volcanic,4.27120897015145,0.0681082980698535,11.2,4.1572367804930765,cassava,0.3711818554011676
224,829.98035,-8.268521260884853,-0.18665317220441,Rural_Sokoto,7.725165,1826.8,-2.1,28.4,13.15,0.65,Volcanic,4.872967445259256,0.1638839571802945,3.3,2.6597697405424077,tea,0.8059908304673963
225,522.3504,-9.859030972593873,-2.9434772379267047,Rural_Hawassa,6.25932,1666.4,-5.0,28.5,11.75,0.64,Silt,7.353129000834771,0.0102058353232241,4.9,2.321612961118992,wheat,0.4737985634936718
226,432.54065,-10.836766404437656,-7.925580859967323,Rural_Akatsi,10.667967,1801.7,-5.7,32.6,13.45,0.66,Silt,6.892378897331741,0.0993793197825897,3.2,1.5915636154547437,wheat,0.49736362982960736
227,596.96045,-5.429934523273857,-1.389385240093058,Rural_Kilimani,26.081364,971.2,-5.0,29.9,12.45,0.65,Loamy,6.412882581165611,0.9045005711765932,1.2,0.33357702404698414,coffee,0.2779808533724868
228,855.2364,-2.735529969160563,-8.01567314969681,Rural_Kilimani,13.283992,757.4,-2.8,27.4,12.3,0.59,Rocky,4.732460520851183,0.030868188371613,0.6,0.3312232777415126,potato,0.5520387962358544
229,626.6314,-7.628712821613803,1.0431065826030843,Rural_Sokoto,19.314589,1530.4,-4.2,31.1,13.45,0.67,Silt,5.813230015297205,0.1972804084012658,1.5,0.6301992538873216,coffee,0.42013283592488104
230,768.90674,-8.822721528704143,-4.655230742786953,Rural_Hawassa,5.695223,1467.6,-3.1,29.4,13.15,0.62,Volcanic,5.802305181921499,0.0412562195151248,2.9,1.5895358554993018,coffee,0.5481158122411386
231,632.4924,-8.746124743720989,-1.5020006022549166,Rural_Sokoto,8.469669,1612.6,-4.1,33.9,14.9,0.64,Silt,7.057102795949563,0.0815281466367322,3.6,1.4097514376872242,coffee,0.3915976215797845
232,643.86774,-9.025477724247786,-1.758763627983954,Rural_Sokoto,23.342066,1669.0,-4.0,29.9,12.95,0.69,Volcanic,4.001028423453486,0.0500068691628814,1.5,1.1224177451962922,tea,0.7482784967975282
233,513.3883,-9.512092593552527,-4.420990789490288,Rural_Hawassa,19.313427,1460.1,-5.3,30.0,12.35,0.66,Silt,7.054966119917947,0.0090598045767122,1.2,0.6338926671433962,wheat,0.5282438892861635
234,603.406,-8.83623860840705,-0.1776439432314611,Rural_Sokoto,4.8836975,1725.3,-4.2,31.0,13.4,0.64,Silt,5.559410907892697,0.1277750048066236,4.3,2.18183247269943,banana,0.5074029006277744
235,549.1137,-1.2982138274178538,-6.41653500699842,Rural_Kilimani,6.398175,289.9,-6.0,30.7,12.35,0.53,Loamy,5.056559496961321,0.1223602179111962,2.6,1.464533580905411,wheat,0.5632821465020811
236,612.5021,-1.2801910544806407,-4.186750836193622,Rural_Kilimani,7.3738832,550.2,-5.2,31.3,13.05,0.56,Loamy,5.551860039384676,0.0263292817549336,2.7,1.7936310588163418,wheat,0.664307799561608
237,687.5948,-10.151901032823575,-9.267955976936674,Rural_Akatsi,8.772305,2038.2,-3.1,32.0,14.45,0.67,Volcanic,5.368226150911827,0.1346211102939222,4.7,2.951611712069126,banana,0.6280024919296012
238,945.3568,-1.573061114710347,-1.916425135010556,Rural_Kilimani,1.0674825,1417.5,-1.4000000000000004,24.5,11.55,0.6,Volcanic,4.421718855710728,0.0828248830767923,8.8,5.317923441782586,tea,0.6043094820207484
239,320.72507,-14.152956624884787,-7.452596338887518,Rural_Hawassa,4.949014,1343.9,-7.2,30.4,11.6,0.61,Peaty,5.021106159872191,1.1395609866283294e-08,3.5,1.3540418445535773,banana,0.38686909844387923
240,375.8042,-11.742410744532595,-8.659833021262639,Rural_Akatsi,12.344337,1850.3,-6.2,31.9,12.85,0.67,Silt,5.289374944876915,0.1845520212320419,1.7,0.9076550734341591,rice,0.5339147490789171
241,505.25302,-10.92688026912372,-9.524719002665712,Rural_Akatsi,39.932186,1976.2,-4.9,29.7,12.4,0.77,Silt,6.412576355837626,0.0225608517201446,1.4,0.8193730575713901,banana,0.5852664696938501
242,817.6941,-4.429670625258554,-1.4344313849578014,Rural_Kilimani,18.070463,1192.9,-2.8,29.1,13.15,0.64,Sandy,6.117015001400572,0.7782224151110616,1.3,0.6494053032272024,cassava,0.4995425409440018
243,668.15155,-5.344326351822097,-0.4434161979334472,Rural_Kilimani,3.270398,1193.4,-4.1,31.5,13.7,0.59,Sandy,6.243852745837262,0.8919991849689576,8.2,1.9565952697839968,coffee,0.23860917924195085
244,479.31125,-9.440001501803676,-5.605704399433039,Rural_Hawassa,8.776728,1380.8,-5.7,33.0,13.65,0.62,Silt,6.257245356410776,0.0834243380667224,4.1,1.7700872562324623,banana,0.4317285990810884
245,783.677,-5.97512340462454,-7.637285532832965,Rural_Amanzi,24.1422,797.6,-3.5,27.8,12.15,0.63,Sandy,5.933261292514229,0.4303982952796517,1.1,0.5220523361913564,maize,0.474593032901233
246,679.1616,-7.308808601978278,-5.664264387757205,Rural_Hawassa,8.133283,848.4,-4.4,30.7,13.15,0.58,Sandy,5.6796051890255805,0.3085420515974293,2.4,1.3355617427331747,cassava,0.5564840594721562
247,834.3536,-5.132558769809849,-5.844448967216178,Rural_Kilimani,10.367101,597.2,-3.2,30.5,13.65,0.57,Sandy,4.960487994312925,0.3104913597221307,3.5,2.0742867811329533,potato,0.5926533660379867
248,507.50168,-9.827491119953748,-2.749778815008308,Rural_Hawassa,5.0141234,1676.8,-5.0,32.0,13.5,0.63,Silt,6.507841934125809,0.0257614385470512,2.2,1.207157480578648,wheat,0.5487079457175672
249,674.843,-5.997651870796057,0.1647067577405885,Rural_Sokoto,32.795967,1299.8,-4.0,31.1,13.55,0.69,Volcanic,4.969756172597244,0.9720795515915748,1.2,0.6203847249619022,tea,0.5169872708015852
250,648.79944,-9.084051736293729,-2.6461726818193982,Rural_Hawassa,3.5610461,1646.7,-3.5,30.3,13.4,0.63,Volcanic,5.630260347252076,0.0183096889896924,12.0,6.866983074175433,banana,0.5722485895146194
251,628.17474,-6.763619720627595,-2.227243534577285,Rural_Hawassa,18.625628,1007.2,-4.7,30.1,12.7,0.63,Loamy,5.90088788930971,0.6175469021046485,1.5,0.7950569745379705,wheat,0.5300379830253137
252,855.8754,-2.366063123947704,-7.9841408482914895,Rural_Kilimani,8.040479,749.1,-2.8,28.9,13.05,0.57,Rocky,5.671746267643287,0.0255504535648894,4.5,2.705013345700699,potato,0.6011140768223775
253,782.8814,-3.10049112113912,-3.3128556258176003,Rural_Kilimani,4.0686026,820.7,-3.4000000000000004,32.0,14.3,0.57,Sandy,6.4762944819282025,0.3197732760050734,11.7,6.128451215192052,maize,0.5237992491617138
254,765.71216,-8.209947248838912,-1.560560590579083,Rural_Sokoto,15.156538,1599.8,-2.9000000000000004,31.4,14.25,0.66,Volcanic,4.061815947942615,0.2241982330213882,1.7,1.123292591514699,tea,0.660760347949823
255,640.91986,-9.196694067151306,-5.020104516191375,Rural_Hawassa,25.823397,1447.4,-4.3,30.0,12.85,0.68,Volcanic,5.619730448485411,0.0263745038857768,1.3,0.7247041049393753,coffee,0.5574646961072117
256,428.64127,-11.6072399475035,-8.894072974559304,Rural_Akatsi,13.345416,1915.6,-5.7,30.0,12.15,0.68,Silt,6.646997291222367,0.1195527509559857,0.6,0.3030251342262759,wheat,0.5050418903771265
257,682.3821,-10.832260711203354,-1.2587514199853025,Rural_Sokoto,3.485978,2138.5,-3.2,32.1,14.45,0.66,Volcanic,4.476456099483029,0.2113393633255235,8.8,6.67918885618053,tea,0.7589987336568783
258,1003.4345,-3.5645775242723463,-2.592117307981707,Rural_Kilimani,23.123165,1182.2,-1.0999999999999996,28.4,13.65,0.65,Sandy,6.208891989098108,0.399115928704157,1.6,0.4390168968118376,tea,0.2743855605073985
259,363.24857,-10.503345105099225,-3.515563277708946,Rural_Hawassa,8.931987,1612.4,-6.7,32.7,13.000000000000002,0.64,Silt,6.581278167435416,0.1364192417805186,3.5,2.094119592702273,rice,0.598319883629221
260,828.5322,-4.348568147041098,-6.601224200943867,Rural_Kilimani,10.721512,592.1,-3.2,27.7,12.25,0.57,Sandy,5.220753486445706,0.271513994938953,2.8,1.7487983316894542,potato,0.6245708327462337
261,680.2488,-5.502025615022708,-7.231870229050275,Rural_Amanzi,7.1811347,568.3,-4.6,28.8,12.1,0.56,Sandy,5.57020595950582,0.4338178873372631,4.5,2.609377215380645,potato,0.5798616034179211
262,276.6052,-11.3233812737424,-8.34901462169591,Rural_Akatsi,6.2444873,1719.7,-7.2,34.2,13.500000000000002,0.64,Silt,6.11277513688947,0.2857156819301497,2.7,1.4423771759582236,rice,0.5342137688734161
263,392.29877,-10.863800563843476,-6.051661233593999,Rural_Hawassa,5.8429794,1697.7,-6.2,34.1,13.95,0.64,Silt,7.050420753800386,0.1539439821990899,2.8,1.323132486336182,wheat,0.47254731654863646
264,865.6767,-1.883953947877265,-1.3308252517688917,Rural_Kilimani,4.7197785,1440.7,-2.1,31.9,14.9,0.62,Volcanic,5.6447775965047295,0.0960730749680582,3.7,1.8514898521657386,coffee,0.5004026627474969
265,617.0832,-8.282038340587762,-7.020153348185981,Rural_Akatsi,24.603285,1181.8,-4.6,29.5,12.45,0.66,Loamy,5.8241665330681,0.0928368959444631,0.8,0.3878677926013759,coffee,0.48483474075171984
266,425.1166,-10.030247315497393,-3.767821688951509,Rural_Hawassa,28.446945,1558.6,-6.0,30.9,12.45,0.7,Silt,5.675061987144228,0.0650825876421454,1.3,0.8714005086327156,rice,0.6703080835636274
267,724.34436,-6.295027624260065,-7.29943944634739,Rural_Amanzi,33.23951,750.2,-4.0,30.2,13.1,0.65,Sandy,4.987327121982693,0.4690455206016833,1.7,0.8983722814569067,potato,0.5284542832099451
268,709.637,-3.267201770808338,-2.1191327869019005,Rural_Kilimani,1.0190023,993.0,-4.0,29.0,12.5,0.57,Sandy,6.128989936798075,0.4243575563866499,10.9,3.9457324859006,coffee,0.3619938060459266
269,759.17444,-5.758850129377988,-5.749852063000217,Rural_Kilimani,8.772279,582.4,-3.9,32.9,14.5,0.56,Sandy,5.989506107029019,0.2904726944973169,2.7,1.411107450387595,maize,0.5226323890324426
270,571.6264,-9.309336398008885,-2.7002280556570906,Rural_Hawassa,6.7860394,1581.2,-4.7,31.2,13.25,0.63,Silt,6.450217665310708,0.0161398735896068,3.2,1.5208456996567221,banana,0.4752642811427256
271,241.63023,-11.805490449812838,-6.443562693917266,Rural_Hawassa,7.4265685,1661.6,-7.6,31.8,12.1,0.64,Silt,5.848460062709757,0.0032878313683,3.8,1.6798828507088894,banana,0.44207443439707617
272,205.86292,-12.684100630501955,-6.493113453268482,Rural_Hawassa,2.5347846,1591.3,-8.0,33.7,12.85,0.62,Silt,6.356803403490848,1.583236546884039e-05,6.1,3.4123112407985237,rice,0.5593952853768072
273,576.6772,-1.6676806726307127,-6.299415030350088,Rural_Kilimani,33.286556,321.9,-5.8,31.0,12.6,0.62,Loamy,6.201311906431348,0.2290665124436801,1.3,0.8785773283010063,wheat,0.6758287140776972
274,623.46893,-7.475519251647495,-5.15073833629913,Rural_Hawassa,5.945678,844.7,-4.9,30.6,12.85,0.57,Loamy,6.04152493622701,0.1970940386596053,4.6,2.8417592360945245,potato,0.6177737469770705
275,649.87897,-5.623679332348894,-2.164178931766644,Rural_Hawassa,1.7971578,900.1,-4.5,31.5,13.5,0.57,Sandy,5.323120981765092,0.6689556040885201,14.6,7.177757789909173,cassava,0.49162724588419
276,760.1914,-4.25394858912073,-1.213705275120559,Rural_Kilimani,3.5463595,1181.9,-3.3,30.2,13.45,0.59,Sandy,6.594223815596879,0.7804959841219912,8.4,2.007122313129372,coffee,0.23894313251540142
277,739.4803,-2.866195072955355,-3.1281664318721525,Rural_Kilimani,4.8144636,825.3,-3.8,30.6,13.4,0.57,Sandy,4.803036364460231,0.3378770709575274,4.5,2.3394712250448957,potato,0.5198824944544213
278,324.78577,-11.016994133809783,-6.191304282674703,Rural_Hawassa,5.94897,1665.0,-6.8,34.1,13.65,0.64,Silt,7.051637084214628,0.1011460252518427,2.2,0.7726615018972357,banana,0.35120977358965255
279,343.0155,-11.071062452621424,-7.015648733699506,Rural_Hawassa,26.664206,1707.9,-6.6,29.7,11.55,0.7,Silt,7.081515042285943,0.0244951327152683,1.1,0.5472627212837179,rice,0.4975115648033799
280,587.8492,-7.250234589932337,-5.186775252190925,Rural_Hawassa,13.920897,737.8,-5.3,32.6,13.65,0.59,Loamy,6.0167939156587344,0.2050274406828528,1.2,0.8189242301438412,wheat,0.682436858453201
281,934.379,-1.4333846244469477,-2.05606818409126,Rural_Kilimani,1.7503169,1383.0,-1.5999999999999996,28.1,13.25,0.6,Volcanic,4.1607183255840745,0.0697166515968346,10.2,5.7349273159601495,tea,0.5622477760745245
282,358.92273,-12.810260041062444,-8.479648441803665,Rural_Akatsi,5.8213706,1739.7,-6.6,31.3,12.35,0.64,Silt,5.760606724457388,0.0048451538528976,3.5,2.1315541961454603,rice,0.6090154846129886
283,286.18732,-14.071854146667333,-7.466110182346941,Rural_Hawassa,2.1547751,1340.6,-7.5,33.1,12.8,0.6,Peaty,5.670863551826892,2.254708679388255e-08,11.7,5.347492511923984,banana,0.457050642044785
284,725.47546,-8.074776451809816,-4.168732378247725,Rural_Hawassa,5.289767,1200.5,-3.6,30.9,13.65,0.6,Sandy,5.0755896930106426,0.0433089113444141,4.1,2.1740814512101236,cassava,0.5302637685878351
285,606.73157,-2.330017578073278,-5.006590672731952,Rural_Kilimani,4.210642,402.6,-5.4,31.3,12.95,0.54,Loamy,5.738147257872433,0.1506090078632139,3.7,2.4068005042462137,wheat,0.650486622769247
286,289.57983,-14.121416772244666,-7.77692858191367,Rural_Hawassa,7.264153,1327.0,-7.5,34.6,13.55,0.61,Peaty,4.194851411585812,2.5087266660535235e-08,2.2,0.7129201539144538,banana,0.32405461541566083
287,941.4087,-3.1725822128879706,-7.461605567860466,Rural_Kilimani,47.578197,782.8,-2.0,27.2,12.6,0.7,Sandy,4.848963566724335,0.0876147321560951,0.7,0.33997860247561795,wheat,0.4856837178223114
288,357.36966,-9.620229231175802,-3.907464738032213,Rural_Hawassa,15.401091,1357.5,-6.8,32.6,12.9,0.64,Silt,6.075423813284665,0.0122662423079325,0.9,0.4745986947781753,wheat,0.5273318830868614
289,661.64307,-9.097568815996636,-0.7947761278784455,Rural_Sokoto,6.083312,1803.2,-3.6,31.0,13.7,0.65,Volcanic,5.511879480729952,0.1076407581426343,4.9,2.7490178090997435,banana,0.561024042673417
290,783.41394,-3.352809942260098,-1.4028990835524813,Rural_Kilimani,9.942962,1218.4,-3.1,32.3,14.599999999999998,0.61,Volcanic,5.612493644610941,0.4685183583855276,2.8,1.1369541122693687,coffee,0.40605504009620313
291,764.39703,-4.240431509417821,-2.155169702793696,Rural_Kilimani,3.0007794,995.8,-3.4000000000000004,31.9,14.25,0.58,Sandy,6.642769639033796,0.4958784677695515,7.3,3.4929112117962955,wheat,0.47848098791730076
292,658.92554,-7.876525949500477,-1.348843709714789,Rural_Sokoto,9.220897,1429.6,-4.0,31.4,13.7,0.63,Volcanic,5.373733442832069,0.3623046291955817,2.5,1.1485253139597293,cassava,0.4594101255838917
293,718.57117,-5.758850129377988,-7.339980976725658,Rural_Amanzi,8.00111,655.6,-4.2,33.5,14.65,0.57,Sandy,5.769581235178767,0.4522715931963366,2.5,1.1737558267172823,wheat,0.4695023306869129
294,882.8078,-4.844194402814447,-5.677778231216628,Rural_Kilimani,17.539904,631.2,-2.7,31.8,14.55,0.59,Rocky,5.692554404093272,0.3027391004106751,1.4,0.7753959299987276,wheat,0.5538542357133769
295,565.0046,-6.9078019041252965,-0.758739211986651,Rural_Sokoto,8.778391,1202.6,-5.1,30.7,12.8,0.61,Loamy,5.554941053685467,0.7294934783189274,4.9,1.93689867331202,banana,0.3952854435330653
296,440.38754,-10.15640672605788,-7.524670170671107,Rural_Akatsi,4.3889933,1640.8,-5.8,30.5,12.35,0.63,Silt,5.903370360868982,0.0356034606605169,2.3,1.1072705760209234,banana,0.48142198957431453
297,680.658,-9.241750999494336,-4.682258429705799,Rural_Hawassa,6.6492567,1533.4,-3.7,31.4,13.85,0.63,Volcanic,4.306534852724754,0.0130864009646959,3.4,2.537824523999218,tea,0.7464189776468289
298,731.3761,-7.236717510229427,-7.101236408942518,Rural_Akatsi,44.89459,954.7,-3.9,32.4,14.25,0.7,Sandy,5.981346729224833,0.1580845930340987,1.5,0.8851753827214172,cassava,0.5901169218142781
299,488.46014,-7.051984087622998,-3.975033955329328,Rural_Hawassa,10.768364,660.9,-6.3,29.0,11.35,0.58,Loamy,5.549870506497763,0.1136460170156265,3.1,1.9603802965396318,wheat,0.632380740819236
300,875.1697,-1.9154938005173872,-2.015526653712991,Rural_Kilimani,0.9729097,1285.4,-2.2,29.9,13.85,0.59,Volcanic,5.258812088994497,0.1459518866443964,9.8,5.146665214250321,cassava,0.5251699198214613
301,684.38824,-4.591875581693468,-0.5560315600953059,Rural_Kilimani,3.5154161,1198.1,-4.0,28.9,12.45,0.59,Sandy,5.7042155126839305,0.8002272742011293,14.6,3.3253608363206753,coffee,0.22776444084388187
302,498.5915,-1.104469018342817,-3.3128556258176003,Rural_Kilimani,12.230188,625.7,-6.2,32.3,13.05,0.58,Loamy,6.231093431072376,0.0345673523865101,1.6,1.0008383859938976,potato,0.625523991246186
303,562.77136,-6.200408066339699,-2.848880333710744,Rural_Hawassa,7.9385934,730.2,-5.5,33.4,13.95,0.57,Loamy,6.231236527341239,0.4760887643124868,4.1,2.47459371480132,maize,0.6035594426344684
304,458.29102,-12.621020925221712,-8.885063745586356,Rural_Akatsi,6.227432,1903.3,-5.3,31.9,13.3,0.65,Silt,5.827236831558148,0.0064252208950873,2.6,1.4664945145183932,banana,0.5640363517378435
305,837.0132,-4.555830035819042,-3.3533971561958698,Rural_Kilimani,3.4069543,817.9,-3.0,31.8,14.4,0.56,Rocky,5.721324206111566,0.2132042794313799,12.6,7.1627675673327555,wheat,0.5684736164549806
306,835.15094,-3.870964664204962,-4.258824667977212,Rural_Kilimani,8.7935095,684.2,-3.1,32.8,14.849999999999998,0.57,Sandy,6.375645899424155,0.2033491765438845,2.4,0.8467296230905422,coffee,0.3528040096210593
307,317.6713,-12.99949915690318,-6.556178056079124,Rural_Hawassa,11.950118,1671.1,-6.8,34.5,13.85,0.66,Silt,6.668380375744002,2.8286129293332152e-06,1.4,0.5699994522691497,banana,0.4071424659065355
308,605.04285,-1.8704368681743555,-3.4434894459253567,Rural_Kilimani,2.928153,671.7,-5.2,29.0,11.9,0.55,Loamy,6.679169461594311,0.1260841615042455,14.5,10.652869541575681,wheat,0.7346806580397022
309,692.51575,-9.336370557414703,-4.812892249813555,Rural_Hawassa,6.2819767,1574.6,-3.6,27.6,12.0,0.63,Volcanic,5.612452611147097,0.0148871719924582,2.3,1.1894843185961805,cassava,0.5171670950418177
310,622.3093,-6.583391991255468,-2.155169702793696,Rural_Hawassa,10.346278,980.7,-4.8,33.6,14.4,0.6,Loamy,5.813866482698692,0.665684362412073,4.8,1.4610011850987783,coffee,0.3043752468955788
311,681.86475,-6.966375916171238,-7.200337927644955,Rural_Akatsi,6.0851283,853.1,-4.3,32.7,14.2,0.58,Sandy,6.642450443394117,0.2172968507843591,3.0,1.514423723096134,maize,0.5048079076987113
312,535.9712,-5.844458300829748,-1.6371390368491463,Rural_Hawassa,10.1466875,888.8,-5.6,31.2,12.8,0.59,Loamy,6.40390292473987,0.8703208068000331,3.3,0.9687853790848465,coffee,0.29357132699540806
313,567.9796,-7.935099961546419,-3.5606094225736893,Rural_Hawassa,3.4237268,1048.8,-5.2,27.9,11.35,0.58,Loamy,6.764293337872859,0.0529644756748293,8.9,5.433041262759659,maize,0.6104540744673773
314,544.7251,-6.867250665016568,-1.7407451700380567,Rural_Sokoto,14.144229,1037.1,-5.3,33.7,14.2,0.61,Loamy,6.458129086650822,0.7469376295429022,0.7,0.3692332797727025,wheat,0.5274761139610036
315,130.45479,-12.562446913175773,-6.276891957917715,Rural_Hawassa,3.4851966,1522.6,-8.7,33.1,12.2,0.62,Silt,5.574274035717793,2.677487960731128e-05,9.6,5.30229412198537,rice,0.5523223043734761
316,617.6244,-7.042972701154392,-5.4705659648388085,Rural_Hawassa,1.604985,702.9,-5.1,29.9,12.4,0.55,Loamy,4.820330663032608,0.2469131665507737,9.7,5.544416939624825,wheat,0.5715893752190542
317,876.63837,-3.7357938671758655,-2.8038341888460003,Rural_Kilimani,7.5542545,996.1,-2.4000000000000004,32.5,15.05,0.59,Rocky,5.828446159391704,0.3565665216626423,4.0,2.111901924678824,cassava,0.527975481169706
318,713.039,-7.831469017157445,-7.011144119213031,Rural_Akatsi,5.7504606,1138.0,-3.7,30.6,13.45,0.6,Sandy,5.774410367123112,0.1351661780438935,4.1,1.9643253388773447,wheat,0.4791037411895963
319,744.7898,-4.33955676057249,-2.3758958126309384,Rural_Kilimani,20.52851,924.6,-3.7,29.5,12.9,0.63,Sandy,6.347606813094412,0.4195900459257618,0.9,0.31320388919140923,coffee,0.348004321323788
320,476.3871,-7.529587570459133,-1.4794775298225449,Rural_Sokoto,4.8514085,1136.2,-5.9,31.7,12.9,0.59,Loamy,4.882423926951316,0.5344841987250768,4.2,1.7565106377002675,wheat,0.41821681850006365
321,783.3612,-1.892965334345872,-7.1417779393207885,Rural_Kilimani,23.84276,578.2,-3.7,26.3,11.3,0.61,Sandy,6.196959579540812,0.1122847341358305,1.3,0.7939161432153595,wheat,0.6107047255502766
322,855.6666,-3.83942481156484,-1.8218282307945948,Rural_Kilimani,11.084231,1181.0,-2.5,28.9,13.2,0.62,Sandy,5.618462070037528,0.5547350623594804,4.7,2.585243286373769,cassava,0.5500517630582487
323,602.3666,-6.768125413861899,-1.853360532199915,Rural_Hawassa,16.265833,1034.7,-5.0,29.0,12.0,0.62,Loamy,4.763959191595971,0.7431615269635246,1.1,0.43111315362282737,wheat,0.39192104874802486
324,237.2236,-12.684100630501955,-7.623771689373542,Rural_Akatsi,6.9220257,1633.0,-7.7,33.0,12.65,0.64,Silt,6.954618911473679,0.0045021940339828,2.0,0.970833428540331,wheat,0.4854167142701655
325,586.7697,-8.282038340587762,-4.736313803543491,Rural_Hawassa,8.489628,1092.1,-5.0,29.4,12.2,0.6,Loamy,5.046494310702046,0.1439717294786403,3.9,2.121325424707579,wheat,0.5439295960788664
326,737.8809,-3.145548053482152,-2.9795141538184997,Rural_Kilimani,18.07428,841.0,-3.8,31.7,13.95,0.61,Sandy,5.347428736675767,0.3714958541194114,0.9,0.5106705014230878,potato,0.5674116682478753
327,977.853,-4.7630919245969885,-3.929987810464585,Rural_Kilimani,29.059856,868.1,-1.5999999999999996,29.8,14.1,0.65,Sandy,5.238507656890175,0.2091721502145868,1.3,0.7598936339163788,cassava,0.5845335645510605
328,697.63086,-7.520576183990527,-5.6417413153248335,Rural_Hawassa,1.6828007,933.6,-4.1,35.4,15.65,0.57,Sandy,6.278025742739795,0.326693972410355,14.8,7.674852326705269,wheat,0.5185711031557614
329,638.4171,-3.492486432523496,-6.37599347662015,Rural_Kilimani,21.675152,351.2,-5.4,30.9,12.75,0.59,Sandy,5.269921033253204,0.2103401790495536,1.5,0.705035132332332,cassava,0.47002342155488797
330,534.42596,-1.0684234724683923,-5.767870520946115,Rural_Kilimani,12.494922,280.3,-6.2,31.8,12.8,0.55,Loamy,5.559364422384986,0.0744807868192455,1.5,0.9150143894146087,wheat,0.6100095929430724
331,595.4138,-10.3276230689614,-9.655352822773468,Rural_Akatsi,15.955556,1989.6,-4.1,31.7,13.8,0.69,Silt,6.137553768370368,0.0692883506588453,1.5,0.807476233505269,coffee,0.5383174890035126
332,828.1254,-3.988112688296845,-5.434529048947014,Rural_Kilimani,21.64524,571.6,-3.3,30.5,13.6,0.6,Sandy,5.810569575364038,0.2368039967049447,0.7,0.4369243431095188,potato,0.6241776330135983
333,577.2653,-2.122755689295333,-4.925507611975414,Rural_Kilimani,14.279745,385.2,-5.7,29.8,12.05,0.57,Loamy,5.316829207105482,0.1223856115052272,1.8,1.185730826031726,potato,0.6587393477954033
334,549.3214,-2.1813297013412747,-5.047132203110221,Rural_Kilimani,28.582405,342.2,-6.0,31.8,12.9,0.61,Loamy,6.037344548633829,0.1481798078479527,1.6,1.074328160982032,wheat,0.67145510061377
335,640.9936,-7.25474028316664,-5.637236700838359,Rural_Hawassa,5.920703,791.8,-4.8,31.9,13.55,0.57,Sandy,5.131332237624378,0.2964957033642915,4.0,1.9824427252443564,cassava,0.4956106813110891
336,824.7461,-4.6098983546306815,-6.236350427539446,Rural_Kilimani,79.86596,573.3,-3.3,27.7,12.2,0.78,Sandy,6.149659391649376,0.2902447181443824,0.8,0.464338822582149,wheat,0.5804235282276862
337,657.6477,-9.710343095861866,-1.6686713382544671,Rural_Sokoto,17.057997,1874.7,-3.6,34.5,15.45,0.69,Volcanic,4.260876800379799,0.1822982588138417,1.4,1.1711367574282145,tea,0.8365262553058677
338,725.93304,-8.592931173754682,0.146688299794691,Rural_Sokoto,7.6909895,1814.0,-3.1,32.1,14.5,0.65,Volcanic,4.385691577835413,0.1180910406100642,3.1,1.0573113788784867,cassava,0.34106818673499567
339,885.3574,-7.263751669635246,-6.709334948619252,Rural_Akatsi,8.742047,1101.8,-2.3,28.9,13.3,0.6,Rocky,5.473177105731351,0.2217875722719854,4.1,1.9996173155702999,tea,0.487711540383
340,841.27527,-3.7988735724561113,-5.700301303649,Rural_Kilimani,10.905564,581.3,-3.1,27.4,12.15,0.57,Rocky,4.802218005641497,0.2275869308384485,2.3,1.1996668069104717,wheat,0.5215942638741181
341,744.4219,-9.809468347016535,-0.5380131021494081,Rural_Sokoto,3.1670716,2067.8,-2.7,29.1,13.2,0.66,Volcanic,4.87923915220834,0.2740338840705221,7.8,5.90408672311825,tea,0.7569341952715706
342,466.4494,-9.453518581506586,-3.857913978680996,Rural_Hawassa,3.8758826,1421.4,-5.8,30.8,12.5,0.61,Peaty,5.154830356483091,0.0072100794474673,9.4,4.292638203008478,cassava,0.4566636386179232
343,777.3204,-4.2899941349951565,-1.4074036980389557,Rural_Kilimani,8.8287325,1161.4,-3.2,27.6,12.2,0.61,Sandy,5.845566602277446,0.7579158194162087,4.3,0.9739700756322041,coffee,0.22650466875167538
344,758.7988,-10.287071829852673,0.6737281947121887,Rural_Sokoto,2.1231136,2208.0,-2.4000000000000004,30.0,13.8,0.67,Volcanic,4.033192567276057,0.2507398092861055,14.1,8.833340423226515,tea,0.626478044200462
345,402.7659,-11.809996143047142,-5.421015205487591,Rural_Hawassa,5.485953,1822.0,-6.0,29.8,11.9,0.65,Silt,6.508813911465747,0.0020072848785693,2.9,1.5171727620792803,wheat,0.5231630214066484
346,596.8644,-7.304302908743975,-2.479501945819848,Rural_Hawassa,2.7048478,1051.3,-4.9,32.7,13.900000000000002,0.58,Loamy,5.18803482047427,0.4004312889046391,5.4,3.148425533399827,cassava,0.5830417654444123
347,364.08893,-13.211266738915429,-6.754381093483995,Rural_Hawassa,1.6150832,1666.8,-6.5,34.3,13.9,0.62,Silt,6.119288301099454,2.0306726673056547e-06,12.5,6.655259488980119,coffee,0.5324207591184095
348,279.32495,-12.967959304263056,-6.885014913591751,Rural_Hawassa,8.116024,1620.9,-7.3,33.8,13.249999999999998,0.64,Silt,7.481469360151274,2.442047445493581e-05,4.1,1.7344772946437241,wheat,0.4230432425960303
349,796.9364,-7.718826686299867,1.3494203676833392,Rural_Sokoto,2.4565694,1730.0,-2.5,28.7,13.1,0.63,Volcanic,4.5545764745044055,0.1239625657712168,8.4,6.500559036335139,tea,0.7738760757541833
350,578.7975,-2.523762387148315,-6.470590380836112,Rural_Kilimani,37.53732,327.6,-5.7,33.3,13.8,0.63,Loamy,6.172879562316917,0.3093707308200216,1.0,0.6569260451589731,wheat,0.6569260451589731
351,584.62866,-14.076359839901636,-6.335451946241881,Rural_Hawassa,16.131746,1650.2,-4.5,32.4,13.95,0.67,Silt,5.29941520784703,2.223341862098216e-08,0.7,0.32421106566883345,banana,0.46315866524119065
352,757.1625,-2.7850925947378986,-3.398443301060613,Rural_Kilimani,2.537175,791.8,-3.7,29.0,12.65,0.56,Sandy,6.031220840980393,0.2846618026529849,8.7,4.645907779247962,wheat,0.5340123884193061
353,641.51117,-8.245992794713338,-5.961568943864512,Rural_Hawassa,35.445957,1156.5,-4.2,32.7,14.250000000000002,0.69,Sandy,5.808944041946738,0.2749676751730091,2.0,0.7970583521226206,coffee,0.3985291760613103
354,340.24576,-11.76493921070411,-8.48415305629014,Rural_Akatsi,9.566298,1812.7,-6.6,37.3,15.349999999999998,0.66,Silt,7.21917478543116,0.2324896670350928,4.7,1.6931806353465717,banana,0.3602511990099089
355,746.4594,-5.493014228554102,-5.749852063000217,Rural_Kilimani,20.052147,536.2,-4.0,28.4,12.2,0.59,Sandy,5.857593071706175,0.3046566100166658,1.1,0.6493537480306862,potato,0.5903215891188056
356,335.736,-11.566688708394771,-6.876005684618803,Rural_Hawassa,7.187056,1731.0,-6.9,30.9,12.0,0.64,Silt,7.180949338032406,0.0077643256020359,4.1,1.5017497062963518,banana,0.36628041616984197
357,647.804,-8.191924475901699,-2.083095871010106,Rural_Sokoto,11.7817135,1400.3,-4.2,28.6,12.2,0.63,Volcanic,3.700337047698453,0.1984123683739601,1.8,1.1949964715243944,rice,0.6638869286246635
358,728.1969,-4.105260712388727,-5.83543973824323,Rural_Kilimani,9.62226,459.1,-4.3,30.3,13.0,0.56,Sandy,6.356839950258629,0.2469670890175139,3.3,1.7212389205800362,maize,0.5215875516909201
359,872.8219,-8.061259372106907,-8.114774668399244,Rural_Akatsi,8.160593,1496.4,-2.0,31.4,14.7,0.63,Volcanic,5.146980533690278,0.0786603157373591,4.1,1.7324854678033166,coffee,0.42255743117154065
360,668.52686,-2.046158904312179,-3.916473967005162,Rural_Kilimani,3.3651302,633.5,-4.7,29.8,12.55,0.55,Sandy,5.992275499606906,0.1055942227592464,14.8,8.836279801052596,potato,0.5970459325035538
361,588.61615,-7.042972701154392,-1.9659758943617736,Rural_Sokoto,10.344858,1051.7,-5.1,31.3,13.1,0.6,Loamy,5.201006363374609,0.6602456808286977,4.6,1.9688735511448803,wheat,0.42801598937932184
362,641.7104,-6.862744971782265,-5.745347448513743,Rural_Amanzi,9.344527,683.5,-4.8,30.8,13.0,0.57,Sandy,5.097383274985142,0.2581626373564608,4.0,1.7381380552905255,wheat,0.43453451382263136
363,988.2216,-7.398922466664342,-6.722848792078675,Rural_Akatsi,7.098476,1251.5,-1.1999999999999993,30.5,14.65,0.61,Volcanic,4.987465466396876,0.2223099495020813,2.2,1.0700757512376071,cassava,0.48639806874436686
364,367.6916,-11.08007383909003,-7.380522507103929,Rural_Hawassa,13.780358,1752.1,-6.3,31.8,12.75,0.67,Silt,6.094544337785386,0.0399238810485905,1.3,0.7935394579866224,rice,0.6104149676820172
365,852.05035,-8.376657898508128,-7.916571630994373,Rural_Akatsi,14.805778,1552.6,-2.1,30.3,14.1,0.66,Volcanic,5.562423921402032,0.0793189604447642,0.6,0.4097133260758684,tea,0.6828555434597807
366,625.9631,-7.592667275739378,-2.664191139765296,Rural_Hawassa,4.4577093,1127.9,-4.6,29.6,12.5,0.59,Loamy,6.650922265186574,0.2555448168577824,2.6,1.5371737449788647,maize,0.5912206711457172
367,836.0447,-3.807884958924717,-2.592117307981707,Rural_Kilimani,9.888564,995.8,-2.8,31.5,14.35,0.6,Sandy,6.538907654454369,0.3831252102344348,3.8,1.9980646394552066,wheat,0.5258064840671597
368,394.33014,0.1345966210905533,-3.754307845492086,Rural_Kilimani,7.889691,402.3,-7.4,33.4,13.0,0.55,Loamy,4.812072963099848,0.0009264444068848,2.5,1.3898404663256438,wheat,0.5559361865302576
369,726.0996,-2.208363860747093,-7.353494820185081,Rural_Kilimani,17.6474,542.7,-4.2,30.8,13.3,0.59,Sandy,5.0198544434080565,0.0909679889557398,1.9,0.8211081000741952,maize,0.432162157933787
370,379.7259,-12.048797884465207,-8.470639212830717,Rural_Akatsi,12.621451,1850.2,-6.2,32.5,13.15,0.67,Silt,5.3693106038503045,0.1369856872361773,2.0,0.933500975997523,banana,0.4667504879987615
371,600.8204,-0.8115989581131107,-3.168707962250422,Rural_Kilimani,14.69938,778.4,-5.1,34.2,14.55,0.6,Loamy,5.876611357090562,0.0185586212944571,1.0,0.6649493819017998,potato,0.6649493819017998
372,720.2499,-7.935099961546419,-2.9614956958726024,Rural_Hawassa,5.6346865,1282.3,-3.6,30.3,13.35,0.61,Volcanic,5.246140741076603,0.1116708572706519,3.3,2.3549181241843358,tea,0.7136115527831322
373,682.7774,-10.300588909555582,0.0475867810922556,Rural_Sokoto,14.634008,2131.0,-3.1,30.5,13.7,0.7,Volcanic,5.197085301297657,0.3850979467548645,0.8,0.38898981193746507,banana,0.48623726492183134
374,414.5284,-12.742674642547897,-9.177863687207187,Rural_Akatsi,6.002241,1829.5,-5.9,33.3,13.7,0.65,Silt,7.080587141890298,0.001178743675632,4.9,2.3550332263256335,wheat,0.4806190257807415
375,489.52853,-10.147395339589274,-4.596670754462787,Rural_Hawassa,12.069673,1626.0,-5.4,32.0,13.3,0.65,Silt,5.369047701572401,0.0519741796025507,1.1,0.49902358500384697,cassava,0.45365780454895177
376,851.6262,-7.998179666826663,0.2998451923348186,Rural_Sokoto,21.500334,1818.8,-1.9000000000000004,28.1,13.1,0.7,Volcanic,4.423549901151331,0.2075525893432681,1.1,0.8354831313017576,tea,0.7595301193652341
377,480.56284,-1.7983457764255046,-5.249839855001566,Rural_Kilimani,22.160954,259.3,-6.7,30.9,12.1,0.58,Loamy,6.19776680475008,0.1462004345726734,1.4,0.9325503606876248,wheat,0.6661074004911606
378,668.92944,-8.169396009730182,1.065629655035456,Rural_Sokoto,2.5642123,1689.8,-3.7,26.9,11.6,0.63,Volcanic,5.172571725278557,0.0926945262854147,12.5,6.447492137180992,banana,0.5157993709744794
379,657.46497,-9.521103980021133,-0.335305450258063,Rural_Sokoto,17.171558,1929.4,-3.6,32.9,14.65,0.69,Volcanic,4.934650531357894,0.2490961264197411,0.7,0.3766605654912794,banana,0.5380865221303992
380,302.44403,-14.103393999307452,-7.42556865196867,Rural_Hawassa,6.1679664,1340.2,-7.4,31.9,12.25,0.61,Peaty,4.92457820115397,1.6706841350266395e-08,3.3,1.1590308221356918,wheat,0.35122146125323994
381,689.19336,-8.885801233984386,-1.4524498429036987,Rural_Sokoto,16.540262,1715.0,-3.5,31.1,13.8,0.67,Volcanic,5.488647907731408,0.0659960202392265,1.0,0.5556116716178856,banana,0.5556116716178856
382,822.2667,-1.0143551536567532,-1.8353420742540176,Rural_Kilimani,15.338443,1356.3,-2.6,28.2,12.8,0.64,Volcanic,4.16992694035245,0.0272082722893653,0.7,0.43119451466161934,tea,0.6159921638023134
383,712.1572,-8.047742292403997,-4.583156911003364,Rural_Hawassa,8.695976,1149.4,-3.8,29.3,12.75,0.61,Sandy,6.0686694907252425,0.076512454195083,3.2,1.8345588749513717,cassava,0.5732996484223036
384,880.41144,-8.23698140824473,-0.79928074236492,Rural_Sokoto,62.283863,1816.7,-1.5999999999999996,29.8,14.1,0.82,Volcanic,5.394628598581128,0.187122904365153,0.6,0.45906814454659484,tea,0.7651135742443248
385,397.3322,-14.414286832474373,-7.394036350563351,Rural_Hawassa,10.840539,1315.6,-6.6,32.9,13.15,0.63,Silt,5.985009341353429,2.1762123203376132e-09,3.7,1.553945578464169,banana,0.4199852914768024
386,433.93597,-10.55290773067656,-7.137273324834314,Rural_Akatsi,2.851742,1707.2,-5.8,32.2,13.2,0.63,Silt,7.160703263551264,0.0402519299553361,5.8,2.2234037833513796,banana,0.3833454798881689
387,711.58936,-10.318611682492794,-0.5650407890682543,Rural_Sokoto,3.6353676,2128.3,-2.9000000000000004,30.2,13.65,0.66,Volcanic,4.112979405962115,0.3252554068506354,10.9,7.247609863201642,tea,0.6649183360735451
388,497.49493,-7.565633116333559,-1.5785790485249802,Rural_Sokoto,6.831744,1152.3,-5.7,30.8,12.55,0.6,Loamy,5.717021282942289,0.5192508536993794,4.2,2.4367118017073635,cassava,0.5801694765969913
389,785.5658,-10.674561448002745,0.5791312904962276,Rural_Sokoto,4.1751466,2287.4,-2.1,29.2,13.55,0.68,Volcanic,4.505282675662799,0.2504314884484631,3.4,2.2798814878093316,tea,0.6705533787674505
390,450.3478,-7.407933853132948,-2.0290404971724145,Rural_Sokoto,18.57341,995.6,-6.3,33.7,13.7,0.62,Loamy,5.572627549071821,0.5278489368710954,1.5,0.9063831985407826,cassava,0.6042554656938551
391,426.28522,-11.688342425720956,-8.997679107748214,Rural_Akatsi,10.440955,1918.3,-5.7,33.0,13.65,0.67,Silt,7.000250906552022,0.0812356521675665,2.6,1.2043028946003462,banana,0.4631934210001331
392,674.8506,-8.399186364679643,-5.173261408731502,Rural_Hawassa,4.7297072,1213.2,-4.1,32.1,14.0,0.6,Volcanic,5.941141908094301,0.4068004254317385,2.3,1.1790138418165437,cassava,0.51261471383328
393,712.7882,-8.552379934645952,-1.2317237330664563,Rural_Sokoto,40.553238,1675.0,-3.3,30.4,13.55,0.74,Volcanic,5.115645948427954,0.1191456900469637,0.6,0.4853469525707544,tea,0.808911587617924
394,964.7261,-4.55132434258474,-4.231796981058365,Rural_Kilimani,15.995544,810.8,-1.8000000000000007,25.1,11.65,0.6,Rocky,4.8330907170739765,0.2233552527674183,1.2,0.6318638696781728,potato,0.5265532247318107
395,707.94745,-8.610953946691893,-1.862369761172864,Rural_Sokoto,3.8639815,1612.0,-3.4000000000000004,28.7,12.65,0.63,Volcanic,4.281773700548119,0.0964373522610369,12.7,9.474048627433755,tea,0.7459880809002957
396,468.4148,-12.7471803357822,-9.06524832504533,Rural_Akatsi,8.851626,1883.6,-5.3,34.2,14.45,0.66,Silt,7.012084892479708,0.001800786724549,3.4,1.5818176900224157,banana,0.46524049706541637
397,625.7746,-2.6634388774117124,-4.263329282463686,Rural_Kilimani,9.027057,504.6,-5.2,29.7,12.25,0.56,Loamy,5.117660454686525,0.1382372808281603,2.3,1.5308074428317853,potato,0.665568453405124
398,701.29846,-3.145548053482152,-1.9794897378211964,Rural_Kilimani,3.6811728,1023.5,-4.0,30.7,13.35,0.58,Sandy,6.414491107710707,0.4050980794370742,8.4,3.7748318187011534,maize,0.44938474032156583
399,438.77597,-11.09809661202724,-8.281445404398795,Rural_Akatsi,25.938314,1863.1,-5.6,33.7,14.05,0.71,Silt,5.957964616963593,0.2214868938487712,1.2,0.7229056428242758,rice,0.6024213690202299
400,758.4476,-5.195638475090092,-5.128215263866759,Rural_Kilimani,16.035671,534.7,-3.9,28.5,12.3,0.58,Sandy,6.181049773857512,0.2988249330671721,1.8,1.0163576529892673,wheat,0.564643140549593
401,635.8302,-7.863008869797568,-3.6912432426814448,Rural_Hawassa,3.7573378,1082.5,-4.5,34.0,14.75,0.59,Loamy,5.916493112729105,0.0536734067938625,12.1,5.857420921046351,coffee,0.4840843736401943
402,918.32623,-7.029455621451481,-7.619267074887067,Rural_Akatsi,30.196648,1169.2,-1.9000000000000004,26.8,12.45,0.67,Sandy,4.576983278069968,0.1592683804352752,0.8,0.39242389808730505,tea,0.4905298726091313
403,527.0599,-1.0729291657026945,-3.59214172397901,Rural_Kilimani,9.025749,590.1,-6.0,30.5,12.25,0.56,Loamy,6.245803401303703,0.0265755540690701,3.3,2.252747828520495,maize,0.6826508571274228
404,380.71686,-10.88182333678069,-8.542713044614306,Rural_Akatsi,12.317688,1786.7,-6.2,32.0,12.9,0.67,Silt,7.108012192899043,0.1309388834899567,1.7,0.6607757799096153,banana,0.3886916352409502
405,592.1802,-7.899054415671993,-3.4479940604118307,Rural_Hawassa,14.594082,1075.8,-4.9,31.1,13.1,0.62,Loamy,5.065957431494406,0.0614190732613436,0.8,0.48020638423349365,cassava,0.600257980291867
406,638.74744,-6.952858836468328,-2.416437343009207,Rural_Hawassa,9.92532,1022.4,-4.6,30.7,13.05,0.6,Sandy,5.796896069368911,0.5076961507148156,5.0,2.7294501420309256,cassava,0.5458900284061852
407,445.43057,-12.355185024397825,-9.105789855423598,Rural_Akatsi,4.1373568,1912.1,-5.5,31.9,13.2,0.65,Silt,6.321472813406765,0.0105685147889192,4.0,2.213894381371744,banana,0.553473595342936
408,440.20743,-7.538598956927739,-1.7272313265786334,Rural_Sokoto,21.56419,1063.6,-6.3,32.3,12.999999999999998,0.64,Loamy,5.408097921704426,0.5252438851258457,0.6,0.3258705885949145,potato,0.5431176476581909
409,532.606,-10.05728147490321,-4.902984539543042,Rural_Hawassa,3.4212112,1638.5,-5.0,29.9,12.45,0.63,Silt,5.956109259706633,0.0382895021142714,8.7,6.205545098019123,rice,0.7132810457493246
410,445.99252,-11.368438206085433,-5.213802939109772,Rural_Hawassa,17.36603,1829.8,-5.6,31.2,12.8,0.68,Silt,6.79903133859753,0.0108308225758212,1.1,0.5673334939055075,wheat,0.5157577217322795
411,613.4102,-8.94888093926463,-5.366959831649899,Rural_Hawassa,6.3697686,1346.3,-4.5,30.9,13.2,0.61,Peaty,5.684468350507933,0.0803328113526921,3.7,1.862573107152574,cassava,0.5033981370682632
412,459.81903,-10.174429498995092,-7.19583331315848,Rural_Akatsi,6.6973834,1646.6,-5.6,33.3,13.849999999999998,0.64,Silt,7.237686544085305,0.0437190402708952,2.0,0.9539453944076927,wheat,0.47697269720384633
413,570.71594,-1.4649244770870702,-2.988523382791448,Rural_Kilimani,24.224598,764.0,-5.4,31.6,13.1,0.63,Loamy,5.523605139046928,0.0831916261070332,0.6,0.3576558148563916,maize,0.5960930247606526
414,394.29935,-11.003477054106874,-8.033691607642705,Rural_Akatsi,12.401465,1792.7,-6.1,33.4,13.65,0.67,Silt,6.81081774856625,0.1639711264633755,1.3,0.6600165301877282,coffee,0.5077050232213294
415,642.213,-2.888723539126872,-6.533654983646753,Rural_Kilimani,20.67763,394.8,-5.1,30.4,12.65,0.59,Sandy,6.488314760034772,0.255226335196575,1.6,0.7775943614601092,maize,0.4859964759125682
416,988.4746,-1.9290108802202963,-8.371537694128282,Rural_Kilimani,31.845781,932.3,-1.5,27.4,12.95,0.66,Sandy,5.380411162799817,0.0077051250478848,1.0,0.6501728455520662,potato,0.6501728455520662
417,679.6506,-7.389911080195735,-3.65520632678965,Rural_Hawassa,17.237352,990.3,-4.2,29.6,12.7,0.62,Sandy,6.054269654065744,0.0921681815735103,1.0,0.588461649445864,cassava,0.588461649445864
418,777.8683,-8.759641823423898,0.0070452507139866,Rural_Sokoto,11.156063,1901.0,-2.5,28.8,13.15,0.67,Volcanic,5.331317312989646,0.123581286659106,4.9,2.632597408761868,coffee,0.5372647772983403
419,711.3635,-9.106580202465242,-2.240757378036708,Rural_Sokoto,6.195657,1714.6,-3.3,30.7,13.7,0.64,Volcanic,4.84009589242065,0.0402138539091381,4.7,3.890863244324697,tea,0.8278432434733397
420,234.30486,-12.494861514661224,-7.66431321975181,Rural_Akatsi,2.96689,1646.5,-7.7,31.7,12.0,0.63,Silt,7.226024539406566,0.0129674729754522,12.5,5.478035823727969,rice,0.43824286589823747
421,793.29614,-3.4158896475403413,-3.087624901493884,Rural_Kilimani,2.2582881,863.4,-3.3,31.6,14.15,0.56,Sandy,5.350445509105029,0.347386886463576,9.1,5.011966091962097,cassava,0.5507655046112194
422,896.57416,-4.335051067338188,-4.556129224084518,Rural_Kilimani,18.069315,702.0,-2.5,29.6,13.55,0.6,Rocky,4.742604922950708,0.2321464253256998,1.3,0.5572830738956553,tea,0.42867928761204255
423,678.26587,-14.4548380715831,-6.074184306026369,Rural_Hawassa,3.3995695,1609.8,-3.7,27.5,11.9,0.62,Volcanic,5.96625516384049,9.962044245034504e-09,7.3,4.239984585501469,banana,0.580819806233078
424,437.59686,-9.80045696054793,-3.0425787566291405,Rural_Hawassa,2.6544812,1554.1,-5.9,34.1,14.1,0.62,Silt,6.796534797997581,0.0077904657726682,12.5,4.920783467233575,banana,0.393662677378686
425,747.0485,-9.24625669272864,-1.6596621092815182,Rural_Sokoto,15.465384,1850.6,-2.8,32.7,14.95,0.68,Volcanic,5.070211983659347,0.0623610464252947,1.8,1.0354339730393352,banana,0.5752410961329639
426,657.01483,-7.394416773430038,-3.326369469277024,Rural_Hawassa,11.540901,1010.3,-4.4,29.9,12.75,0.6,Sandy,5.708109628528287,0.1256105696221073,2.1,1.2485878002575725,cassava,0.5945656191702726
427,475.4802,-10.15640672605788,-4.948030684407786,Rural_Hawassa,21.958174,1606.9,-5.5,31.9,13.2,0.68,Silt,5.638373184339661,0.0459395744820283,1.0,0.6842173985934052,rice,0.6842173985934052
428,747.3376,-8.9038240069216,-2.006517424740043,Rural_Sokoto,23.258797,1719.6,-2.9000000000000004,27.5,12.3,0.69,Volcanic,4.725738569902911,0.0494627881403752,1.7,1.3754813288497456,tea,0.8091066640292621
429,864.3398,-11.300852807570884,0.2097529026053317,Rural_Sokoto,5.8119025,2412.1,-1.1999999999999993,29.9,14.35,0.69,Volcanic,5.206125019821828,0.270191823050002,4.3,2.676156127788837,tea,0.6223618901834505
430,748.4479,-9.994201769622965,-0.2407085460421019,Rural_Sokoto,2.8585384,2125.3,-2.6,30.2,13.8,0.66,Volcanic,4.028303768117705,0.3583838346569091,7.7,4.787339190121263,tea,0.6217323623534108
431,836.035,-1.03688361982827,-2.425446571982156,Rural_Kilimani,6.9275994,1212.2,-2.6,30.1,13.75,0.61,Volcanic,5.732168561190232,0.035212906419474,2.6,1.3146970136266891,coffee,0.5056526975487265
432,687.02423,-9.881559438765386,-9.19137753066661,Rural_Akatsi,7.293294,1958.4,-3.3,30.5,13.6,0.66,Volcanic,4.029574145402472,0.202643298972298,4.0,2.975070273990255,tea,0.7437675684975638
433,531.22833,-6.664494469472926,-3.0605972145750373,Rural_Hawassa,7.2354574,742.5,-5.8,32.6,13.4,0.57,Loamy,5.464023837607795,0.4154338945612167,2.1,1.3018184497721992,potato,0.619913547510571
434,750.7113,-11.093590918792938,-0.6326100063653695,Rural_Sokoto,3.7213225,2261.1,-2.4000000000000004,30.3,13.95,0.67,Volcanic,4.057802675647118,0.3268453202256918,5.1,3.080130220946318,tea,0.603947102146337
435,880.355,-3.4744636595862826,-2.5335573196575405,Rural_Kilimani,13.067347,1070.6,-2.3,31.3,14.5,0.61,Rocky,5.820322409543396,0.4090706195302474,2.0,0.5811129072878198,coffee,0.2905564536439099
436,817.93713,-3.2131334519966988,-0.5965730904735749,Rural_Kilimani,9.297343,1406.5,-2.6,28.6,13.0,0.63,Volcanic,4.281916314204224,0.3854856011189265,2.8,1.6343315272530134,tea,0.5836898311617905
437,698.38605,-3.25819038433973,-4.862443009164773,Rural_Kilimani,7.3157444,487.7,-4.5,27.7,11.6,0.55,Sandy,5.721360151233047,0.1691975924887863,2.2,1.3360102474261994,potato,0.607277385193727
438,606.77576,-10.588953276550985,-9.87607893261071,Rural_Akatsi,3.4983594,2078.6,-3.7,34.0,15.15,0.66,Silt,5.89122841521274,0.0289366334780124,7.5,4.190290880783815,coffee,0.5587054507711753
439,985.0954,-4.235925816183519,-4.245310824517788,Rural_Kilimani,3.2930224,833.6,-1.5999999999999996,30.0,14.2,0.57,Rocky,6.078742467359742,0.2151569727239797,14.9,5.361297017465809,coffee,0.35981859177622877
440,740.41943,-2.028136131374966,-7.952608546886169,Rural_Kilimani,0.49929333,618.9,-4.0,29.8,12.9,0.54,Sandy,6.304569696726696,0.0209801307556881,8.5,5.017165354638125,maize,0.5902547476044854
441,758.85034,-5.389383284165129,-3.96602472635638,Rural_Kilimani,2.6558452,660.7,-3.8,29.0,12.6,0.55,Sandy,5.699823386655578,0.2081721567645639,5.6,2.8847362653533084,maize,0.515131475955948
442,360.59494,-12.19298006796291,-8.96164219185642,Rural_Akatsi,24.30872,1834.1,-6.4,34.7,14.150000000000002,0.71,Silt,6.417986130390406,0.0318933173722694,0.6,0.2958719544391894,banana,0.4931199240653157
443,694.6692,-9.138120055105365,-0.7542345975001765,Rural_Sokoto,10.923704,1844.1,-3.4000000000000004,32.9,14.75,0.67,Volcanic,5.5941698583186,0.1165647745067411,2.6,1.6391612539148752,banana,0.6304466361211059
444,765.0989,-3.848436198033445,-0.6776561512301129,Rural_Kilimani,4.8598347,1299.9,-3.2,28.4,12.6,0.61,Volcanic,5.338644968950105,0.6416436779749829,4.6,2.13595039818002,cassava,0.4643370430826131
445,744.90704,-3.884481743907872,-0.4479208124199216,Rural_Kilimani,0.99649376,1310.2,-3.3,28.6,12.65,0.59,Volcanic,4.247546006734591,0.6188917684197949,9.4,3.2191012274364006,cassava,0.3424575773868511
446,800.6331,-7.416945239601554,-7.88053471510258,Rural_Akatsi,39.468826,1190.8,-2.9000000000000004,30.6,13.85,0.7,Sandy,6.20960218189091,0.0752123555003528,0.8,0.33138416102463064,coffee,0.41423020128078825
447,639.48376,-6.069742962544908,-4.222787752085417,Rural_Hawassa,6.6157913,583.1,-5.0,31.7,13.35,0.56,Sandy,6.790682752908148,0.1995593850532929,2.0,1.1511516781250517,wheat,0.5755758390625259
448,310.4072,-11.499103309880224,-7.006639504726558,Rural_Hawassa,10.143724,1725.1,-6.9,32.7,12.900000000000002,0.65,Silt,6.682438388023138,0.0119109267727129,2.8,1.1665316325713886,banana,0.41661844020406735
449,954.54474,-3.0914797346705143,-7.704854750130081,Rural_Kilimani,39.186047,824.7,-1.9000000000000004,30.5,14.3,0.68,Sandy,5.656271670226956,0.0617472267480293,1.1,0.7160608262301683,potato,0.6509643874819712
450,689.4866,-7.691792526894047,-3.074111058034461,Rural_Hawassa,20.380554,1163.1,-4.0,28.5,12.25,0.64,Sandy,4.606062986673271,0.129602635551004,0.8,0.3718389531458942,cassava,0.46479869143236774
451,691.2481,-3.1140082008420293,-2.3804004271174124,Rural_Kilimani,5.79777,919.7,-4.2,30.9,13.35,0.58,Sandy,5.28826622396441,0.4056696453893146,4.7,2.4846329160746126,cassava,0.5286453012924708
452,817.38635,-2.4696940683366773,-8.146306969804565,Rural_Kilimani,19.791403,732.0,-3.2,29.1,12.95,0.61,Sandy,4.973461881684759,0.0202352499536164,0.8,0.40331931383239655,tea,0.5041491422904957
453,448.4534,-10.63851590212832,-5.466061350352335,Rural_Hawassa,2.7428215,1701.7,-5.7,30.8,12.55,0.63,Silt,6.949900659601313,0.1249306121209263,9.4,4.358226025103333,coffee,0.4636410665003545
454,676.4807,-8.187418782667397,-3.587637109492535,Rural_Hawassa,48.189087,1207.1,-4.4,30.5,13.05,0.73,Volcanic,4.77661984036114,0.036123811377355,0.6,0.2762775440315285,cassava,0.4604625733858808
455,590.28467,-10.120361180183457,-5.4750705793252825,Rural_Hawassa,22.207952,1713.8,-4.4,31.0,13.3,0.69,Silt,6.0619457432042525,0.1656486698805557,1.9,0.9926572179021137,banana,0.522451167316902
456,796.2615,-4.371096613212613,-6.168781210242331,Rural_Kilimani,4.341215,536.6,-3.6,28.3,12.35,0.55,Sandy,5.8632318969520165,0.2667333523281557,2.6,1.4090308286949846,wheat,0.5419349341134556
457,557.13904,-2.5778307059599523,-4.853433780191824,Rural_Kilimani,6.6361675,359.5,-5.9,31.1,12.6,0.54,Loamy,6.779033938882111,0.1403956832247688,2.3,1.5968905082295128,wheat,0.6943002209693535
458,690.1351,-8.376657898508128,0.8854450755764824,Rural_Sokoto,5.9720635,1755.2,-3.4000000000000004,30.7,13.65,0.64,Volcanic,4.261510115555076,0.0851148425153491,3.1,2.4817576469652685,tea,0.800566982892022
459,669.49805,-9.967167610217146,-1.1281175998775466,Rural_Sokoto,1.6103495,1986.4,-3.4000000000000004,30.7,13.65,0.65,Volcanic,4.655153237126618,0.1534733560594988,8.7,7.257618028117933,tea,0.8342089687491877
460,627.7626,-7.42595662607016,-2.547071163116964,Rural_Hawassa,6.747976,1103.6,-4.6,32.9,14.15,0.6,Loamy,5.757742705847414,0.3410248230713275,2.6,1.6352132979097405,cassava,0.6289281915037463
461,828.6586,-8.083787838278422,-0.0064685927454364,Rural_Sokoto,2.4374533,1795.5,-2.1,30.9,14.4,0.64,Volcanic,4.783689694825153,0.2030050935005325,9.2,7.237175571589545,tea,0.7866495186510376
462,700.9978,-5.060467678060999,-1.3218160227959432,Rural_Kilimani,25.355158,1082.8,-3.9,29.9,13.0,0.65,Sandy,5.337801210186974,0.8823431909221476,1.9,0.4882558015518435,wheat,0.25697673765886503
463,773.8566,-4.429670625258554,-6.173285824728805,Rural_Kilimani,20.014322,514.1,-3.8,30.8,13.5,0.59,Sandy,6.20258577059204,0.272502171415015,0.7,0.38867241887353804,potato,0.555246312676483
464,510.40384,-13.603262050299804,-6.177790439215279,Rural_Hawassa,4.143964,1720.7,-5.1,31.9,13.4,0.63,Silt,7.228062754617591,1.3519459754896984e-07,3.0,1.4545940247510214,wheat,0.48486467491700713
465,669.0654,-4.695506526082442,-7.988645462777963,Rural_Amanzi,11.980579,595.6,-4.7,29.7,12.5,0.57,Sandy,6.03284850397452,0.3098361010334342,1.5,0.8496040760980919,potato,0.5664027173987279
466,634.82764,-6.574380604786862,0.3493959516860363,Rural_Sokoto,10.164586,1333.5,-4.3,30.7,13.2,0.62,Silt,7.469005080248955,0.8155217610214314,3.7,1.0179256704743367,cassava,0.27511504607414505
467,668.16425,-8.011696746529573,-6.871501070132328,Rural_Akatsi,20.008425,1128.1,-4.2,29.2,12.5,0.64,Sandy,4.617102744932348,0.1544597425566189,1.7,1.0194810892478987,tea,0.599694758381117
468,608.09467,-8.583919787286074,-5.389482904082271,Rural_Hawassa,21.243387,1208.3,-4.7,31.8,13.55,0.65,Silt,6.32709614865922,0.264704769894496,0.7,0.396674669321444,wheat,0.5666780990306344
469,800.39526,-8.137856157090061,0.3764236386048822,Rural_Sokoto,8.017056,1800.2,-2.4000000000000004,30.5,14.05,0.65,Volcanic,4.354708335887706,0.1655105443447616,4.7,3.631656322892165,tea,0.7726928346579074
470,702.22675,-7.944111348015024,1.196263475143212,Rural_Sokoto,10.528784,1667.8,-3.5,29.9,13.2,0.65,Volcanic,5.268681039415183,0.1097925440817752,3.7,1.6869185925795578,cassava,0.455923943940421
471,492.91104,-10.196957965166607,-7.812965497805464,Rural_Akatsi,8.72441,1724.5,-5.3,31.4,13.05,0.65,Silt,7.319580241218036,0.0522444557305876,4.7,1.8252477240583513,banana,0.38835057958688324
472,625.91516,-9.367910410054826,-1.3263206372824172,Rural_Sokoto,13.82126,1786.7,-4.0,27.2,11.6,0.67,Silt,6.454287842188306,0.0708567256882268,1.8,0.869455979460343,coffee,0.4830310997001906
473,616.5677,-5.966112018155934,-4.321889270787852,Rural_Hawassa,7.4153595,532.5,-5.2,32.8,13.8,0.56,Loamy,5.101334296134483,0.2116062086566636,4.2,2.503837593856424,wheat,0.5961518080610533
474,809.13074,-1.568555421476043,-1.3668621676606862,Rural_Kilimani,0.66192937,1405.8,-2.7,28.5,12.9,0.6,Volcanic,4.694507408388301,0.0607719719659029,14.4,9.973853060112424,tea,0.6926286847300294
475,795.51666,-11.305358500805188,0.0701098535246274,Rural_Sokoto,11.206374,2334.6,-2.0,31.3,14.65,0.7,Volcanic,4.137091536904842,0.2930383927698248,2.2,1.3017490550250657,tea,0.5917041159204843
476,655.0967,-10.223992124572426,-9.173359072720713,Rural_Akatsi,6.24642,1998.7,-3.5,32.2,14.35,0.66,Volcanic,4.638615023455962,0.1268457425875759,4.9,2.6093865759231063,banana,0.5325278726373686
477,693.9275,-8.592931173754682,-1.092080683985752,Rural_Sokoto,1.1717285,1681.2,-3.5,29.5,13.0,0.62,Volcanic,5.824323684010378,0.1108197596211109,14.7,8.658178882322284,coffee,0.5889917607021962
478,453.15692,-9.935627757577024,-7.240879458023223,Rural_Akatsi,2.5921428,1576.3,-5.7,32.2,13.250000000000002,0.62,Silt,5.850743093983876,0.0413035536690024,8.7,5.97560138748709,rice,0.6868507341939184
479,624.0069,-2.0957215298895147,-4.844424551218876,Rural_Kilimani,27.314398,443.7,-5.2,29.7,12.25,0.61,Loamy,4.611885157732003,0.1087972772728284,1.8,1.0496821269867433,wheat,0.5831567372148574
480,630.451,-14.256587569273762,-6.677802647213931,Rural_Hawassa,17.438766,1635.7,-4.1,29.5,12.7,0.67,Silt,7.04679650306798,7.920473775053764e-09,1.5,0.8016977402773663,wheat,0.5344651601849109
481,619.0371,-1.4739358635556776,-6.119230450891113,Rural_Kilimani,22.581512,364.7,-5.3,29.9,12.3,0.59,Loamy,5.542207880234352,0.1812590834985958,1.7,1.1210500551302676,potato,0.6594412089001574
482,802.1448,-9.998707462857269,0.0520913955787298,Rural_Sokoto,6.9614134,2194.3,-2.0,25.5,11.75,0.68,Volcanic,4.051335722119401,0.3712173762128509,3.9,2.2518180182943426,tea,0.5773892354600878
483,628.5701,-8.4757831496628,-6.970602588834763,Rural_Akatsi,16.844633,1259.6,-4.4,32.1,13.85,0.64,Silt,6.538791827421993,0.0781680138792885,1.7,1.019249593869596,wheat,0.5995585846291741
484,627.06006,-7.398922466664342,-8.376042308614755,Rural_Akatsi,9.015627,1075.0,-4.6,31.4,13.4,0.6,Loamy,5.550829575843373,0.2089167650431444,4.2,2.6967658944136,cassava,0.6420871177175238
485,461.73886,-10.62499882242541,-8.925605275964624,Rural_Akatsi,9.180796,1838.1,-5.6,31.9,13.15,0.66,Silt,6.043035985294454,0.0762048625524078,2.5,1.3319592653887917,coffee,0.5327837061555167
486,688.2915,-4.731552071956866,-0.6010777049600489,Rural_Kilimani,8.564776,1192.0,-4.0,29.0,12.5,0.61,Sandy,5.989842788365734,0.8237951781288718,4.3,0.9642662000840546,coffee,0.22424795350791968
487,676.0831,-7.151109338777667,-3.330874083763498,Rural_Hawassa,4.670087,964.9,-4.3,33.1,14.4,0.58,Sandy,5.119522023527368,0.1628146309595732,4.4,2.452241154179875,potato,0.5573275350408806
488,638.9919,-9.300325011540275,-2.317335824306772,Rural_Hawassa,17.479929,1686.7,-4.0,31.5,13.75,0.67,Volcanic,3.890677317520376,0.0640693160233123,0.8,0.590674332845302,tea,0.7383429160566275
489,642.2163,-2.645416104474501,-6.195808897161177,Rural_Kilimani,26.890575,386.3,-5.1,30.7,12.8,0.6,Sandy,4.793924399875256,0.3338205077585943,1.1,0.42388851900204927,wheat,0.38535319909277205
490,389.38843,-11.773950597172718,-5.542639796622398,Rural_Hawassa,1.7748966,1806.2,-6.1,32.2,13.05,0.63,Silt,6.216652633234438,0.0029847615770509,9.9,6.065325292405135,rice,0.6126591204449632
491,682.99146,-2.902240618829781,-6.6462703458086105,Rural_Kilimani,17.379866,443.0,-4.7,28.6,11.95,0.58,Sandy,5.720600318823834,0.2323348004260201,1.1,0.6479917286626697,potato,0.5890833896933361
492,550.1422,-10.692584220939956,-9.592288219962828,Rural_Akatsi,2.044085,1998.1,-4.5,30.1,12.8,0.65,Silt,6.611185245581815,0.0347073436117929,11.0,6.0195796027108175,coffee,0.5472345093373471
493,621.4282,-8.169396009730182,-2.164178931766644,Rural_Sokoto,13.957196,1383.9,-4.2,27.9,11.85,0.64,Silt,7.18994031171441,0.1955163494273793,1.5,0.7669942598816618,wheat,0.5113295065877745
494,807.6577,-4.871228562220265,-1.8173236163081203,Rural_Kilimani,4.631101,1097.2,-3.0,28.5,12.75,0.59,Sandy,4.846138773616283,0.7259522128253958,2.5,1.1272981090618996,cassava,0.4509192436247599
495,459.50684,-6.934836063531115,-0.9884745507968422,Rural_Sokoto,11.274784,1065.7,-6.2,31.3,12.55,0.61,Loamy,5.100175356931134,0.7251122265304875,2.8,1.4615278819309518,cassava,0.5219742435467686
496,676.38495,-9.156142828042576,-0.4524254269063961,Rural_Sokoto,15.211281,1858.8,-3.5,28.7,12.6,0.68,Volcanic,4.599272298082679,0.1539078198270312,2.0,1.7589309256588699,tea,0.8794654628294349
497,372.5474,-9.566160912364165,-7.101236408942518,Rural_Akatsi,3.7436635,1367.7,-6.7,33.7,13.500000000000002,0.61,Peaty,4.89535447078473,0.0406912907976553,7.0,4.194218259939031,rice,0.5991740371341474
498,698.8462,-4.303511214698066,-6.200313511647651,Rural_Kilimani,17.167469,435.2,-4.6,30.4,12.9,0.58,Sandy,4.544759859737463,0.2598113748390137,0.5,0.20680191316346633,wheat,0.41360382632693266
499,373.83395,-11.12513077143306,-5.353445988190476,Rural_Hawassa,4.85442,1719.7,-6.3,33.9,13.8,0.64,Silt,5.6499167443560605,0.0331569474687973,2.0,0.9372789392396266,banana,0.4686394696198133
500,787.45184,-8.669527958737834,0.8674266176305852,Rural_Sokoto,54.73229,1922.9,-2.4000000000000004,33.2,15.400000000000002,0.81,Volcanic,4.802064519441164,0.0708116799205671,1.7,0.6430615008282784,cassava,0.3782714710754579
501,481.1333,-7.051984087622998,-0.93441917695915,Rural_Sokoto,22.183624,1117.6,-5.9,30.2,12.15,0.65,Loamy,6.011149514599147,0.6817225606427153,1.3,0.6374132621523513,wheat,0.49031789396334713
502,515.6503,-1.8794482546429627,-5.22281216808272,Rural_Kilimani,18.50055,297.1,-6.3,31.3,12.5,0.57,Loamy,5.157872153329704,0.1523391412732983,0.6,0.37265688684936144,potato,0.6210948114156024
503,348.60696,-10.904351802952206,-6.222836584080023,Rural_Hawassa,12.998814,1649.2,-6.8,32.7,12.95,0.66,Silt,5.420678381316455,0.1328285551805057,1.3,0.5311615982268661,banana,0.408585844789897
504,703.4392,-8.939869552796026,-7.53818401413053,Rural_Akatsi,11.346068,1549.0,-3.5,27.5,12.0,0.64,Volcanic,4.62493516053633,0.0624674883439676,2.1,1.6227076011177783,tea,0.7727179052941802
505,719.18066,-10.255531977212549,-1.1146037564181237,Rural_Sokoto,12.614158,2095.6,-2.9000000000000004,31.2,14.15,0.69,Volcanic,4.746614358767106,0.1860198772638934,0.7,0.5422207427351683,tea,0.7746010610502405
506,840.283,-5.407406057102342,-4.875956852624196,Rural_Kilimani,21.63722,651.8,-3.1,30.5,13.7,0.61,Rocky,5.249042792595102,0.2814054907584925,1.9,1.000436147776987,wheat,0.5265453409352563
507,758.8936,-9.881559438765386,0.4845343862802664,Rural_Sokoto,1.9600044,2140.9,-2.5,32.5,15.0,0.66,Volcanic,5.814178998013304,0.2880172912489313,7.0,4.1905561070359685,banana,0.5986508724337098
508,368.8722,-13.54468803825386,-6.659784189268033,Rural_Hawassa,2.0648673,1589.7,-6.5,34.1,13.8,0.62,Silt,5.691074939130322,1.622108408437789e-07,7.3,3.232221552928519,banana,0.44277007574363275
509,746.87744,-6.6915286288787446,-7.101236408942518,Rural_Amanzi,10.186744,814.8,-4.0,33.1,14.55,0.59,Sandy,5.774916257253186,0.3143983324129172,3.5,1.6395230924660766,maize,0.4684351692760219
510,555.8972,-10.462793865990497,-9.903106619529556,Rural_Akatsi,20.161633,1991.3,-4.4,31.7,13.65,0.7,Silt,6.7054071657883005,0.0369750470468235,1.8,1.0209544910131645,banana,0.567196939451758
511,645.81647,-6.497783819803708,0.4259743979560999,Rural_Sokoto,4.2183185,1339.6,-4.2,29.7,12.75,0.61,Volcanic,4.600864195109542,0.8126619088424308,3.2,0.947616769232506,cassava,0.2961302403851581
512,467.66193,-7.09704101996603,-0.7046838381489586,Rural_Sokoto,19.434458,1142.0,-6.0,31.9,12.95,0.64,Loamy,6.059621773715595,0.6536913903040049,1.8,0.6555089135108673,coffee,0.3641716186171485
513,651.7275,-7.628712821613803,-5.3038952288392585,Rural_Hawassa,6.6997437,920.6,-4.5,31.7,13.6,0.58,Sandy,6.613024777804703,0.2370776348585915,2.1,0.8717019209584072,coffee,0.4150961528373367
514,708.77094,-2.852677993252445,-4.389458488084967,Rural_Kilimani,39.267128,566.2,-4.3,30.2,12.95,0.66,Sandy,5.629967795189065,0.1444607835773124,1.8,0.8776467397199599,maize,0.48758152206664435
515,849.2491,-4.456704784664373,-2.898431093061961,Rural_Kilimani,8.062198,921.1,-2.7,29.0,13.15,0.59,Rocky,5.394677165273537,0.2736973578851527,3.5,1.9890581851692186,potato,0.5683023386197767
516,765.86505,-10.003213156091572,-0.3308008357715886,Rural_Sokoto,2.4043486,2143.3,-2.4000000000000004,29.4,13.5,0.66,Volcanic,5.481931933901221,0.3470178333494705,10.2,7.021947395632104,tea,0.6884262152580495
517,542.12445,-1.3748106124010064,-4.366935415652596,Rural_Kilimani,31.975773,442.8,-6.0,31.7,12.85,0.62,Loamy,6.44594559633191,0.0302821013065843,0.5,0.32943113664745327,maize,0.6588622732949065
518,566.58417,-1.856919788471446,-4.790369177381184,Rural_Kilimani,13.960553,395.9,-5.8,28.8,11.5,0.57,Loamy,5.327717919984908,0.0821539273015468,1.2,0.6541457283847852,maize,0.5451214403206543
519,709.85406,-2.2128695539813954,-6.628251887862713,Rural_Kilimani,17.259249,467.9,-4.5,31.0,13.25,0.58,Sandy,5.99518154103745,0.2738283287918485,1.1,0.6207819653795779,potato,0.5643472412541617
520,649.4998,-9.755400028204898,-1.2001914316611362,Rural_Sokoto,10.425662,1914.3,-3.7,29.8,13.05,0.67,Volcanic,4.942943286163072,0.1189874175371937,4.0,3.524663999820712,tea,0.881165999955178
521,769.56366,-3.7267824807072607,-3.429975602465934,Rural_Kilimani,7.156063,757.5,-3.6,29.0,12.7,0.57,Sandy,6.40505658262637,0.271247906534514,4.5,2.33234387834417,potato,0.5182986396320378
522,703.6537,-2.866195072955355,-3.0200556841967687,Rural_Kilimani,6.8138914,811.1,-4.2,30.7,13.25,0.57,Sandy,4.879866578399863,0.3523633377609923,2.8,1.4660366837911947,potato,0.5235845299254267
523,849.68005,-4.73605776519117,-4.560633838570992,Rural_Kilimani,6.5311785,653.6,-3.0,27.5,12.25,0.56,Rocky,5.3029160244214015,0.2514669065319567,3.0,1.8418331185864085,potato,0.6139443728621362
524,607.4277,-6.687022935644441,-2.4299511864686307,Rural_Hawassa,24.311073,934.9,-4.9,31.5,13.3,0.64,Loamy,5.81576659415939,0.5368011627708967,0.8,0.4563725637791831,potato,0.5704657047239788
525,301.06308,-13.760961313500411,-7.763414738454247,Rural_Hawassa,20.795876,1458.6,-7.2,33.8,13.3,0.67,Silt,6.819471435804704,1.1620284946842977e-06,0.5,0.26020352085472565,wheat,0.5204070417094513
526,818.8161,-4.772103311065596,-5.583181327000667,Rural_Kilimani,52.355083,562.4,-3.3,28.7,12.7,0.7,Sandy,5.600281760894916,0.2988661639248423,1.7,1.0607420921216337,potato,0.6239659365421375
527,431.35556,-14.364724206897035,-6.939070287429442,Rural_Hawassa,4.9096303,1379.1,-6.2,31.0,12.4,0.61,Peaty,5.648571664269637,4.151048031051219e-09,4.4,2.039196770209081,wheat,0.46345381141115477
528,681.821,-8.313578193227883,-3.8173724483027263,Rural_Hawassa,7.6110806,1265.4,-4.0,32.3,14.15,0.61,Volcanic,5.889947842621333,0.0283075572397321,2.9,1.6239886838432533,coffee,0.5599960978769839
529,251.72498,-13.945694736106844,-7.605753231427644,Rural_Hawassa,3.797257,1347.5,-7.8,34.6,13.4,0.61,Peaty,5.72179262090449,1.1192930459221337e-07,10.1,4.583769901816916,banana,0.4538386041402887
530,208.18797,-12.715640483142078,-6.722848792078675,Rural_Hawassa,6.0719337,1589.7,-8.0,33.4,12.7,0.63,Silt,5.703162560874859,4.384908031984658e-05,3.5,1.9730699646871495,rice,0.5637342756248999
531,909.0517,-10.944903042060933,0.1917344446594344,Rural_Sokoto,4.2112765,2437.4,-0.8000000000000007,27.9,13.55,0.69,Volcanic,4.268456369208806,0.3076548527668518,2.8,1.5085921498491177,tea,0.5387829106603992
532,681.95874,-7.59717296897368,-5.123710649380285,Rural_Hawassa,7.131657,945.3,-4.2,33.3,14.55,0.59,Sandy,5.705313031537329,0.1886602792452548,2.7,1.5427812019889975,potato,0.5714004451811101
533,846.81696,-4.528795876413224,-2.9434772379267047,Rural_Kilimani,33.198418,908.1,-2.8,26.0,11.6,0.66,Sandy,5.326711812681916,0.2621064361096347,1.2,0.5798293045109076,tea,0.48319108709242303
534,693.7846,-3.465452273117677,-6.7183441775922,Rural_Kilimani,9.585423,457.3,-4.6,31.4,13.4,0.56,Sandy,6.096821101690126,0.1797941114643888,2.1,1.1728587546161529,wheat,0.5585041688648347
535,393.37585,-14.549457629503468,-7.376017892617454,Rural_Hawassa,12.269459,1277.1,-6.5,32.9,13.2,0.63,Silt,5.691689569884769,8.890559897211364e-10,1.8,0.888571364520083,wheat,0.49365075806671277
536,849.0866,-3.3573156354944,-2.281298908414977,Rural_Kilimani,7.3687606,1099.5,-2.6,28.2,12.8,0.6,Rocky,4.727082883858633,0.4266252665443158,3.2,1.3899148451759293,tea,0.43434838911747786
537,436.40424,-5.272235260073247,0.7277835685498807,Rural_Kilimani,5.1327047,1049.4,-6.4,33.1,13.35,0.59,Loamy,5.99590229663995,0.6527269054693047,4.6,2.6704067217347194,cassava,0.5805232003771129
538,304.45282,-12.50387290112983,-8.191353114669308,Rural_Akatsi,4.5802646,1732.9,-7.0,32.3,12.65,0.64,Silt,6.519484866206474,0.0287904606480088,2.9,1.2672060560735896,banana,0.4369676055426171
539,422.26913,-12.702123403439169,-8.695869937154434,Rural_Akatsi,6.4723735,1837.6,-5.8,33.7,13.95,0.65,Silt,7.278531842440298,0.0067559393746466,4.5,1.8540516673987033,banana,0.4120114816441563
540,569.79535,-7.308808601978278,-2.065077413064209,Rural_Sokoto,9.736429,1091.1,-5.1,30.0,12.45,0.6,Loamy,6.085407430453511,0.5536745031402117,2.3,0.8594958155675421,coffee,0.3736938328554531
541,313.19266,-13.634801902939923,-6.880510299105276,Rural_Hawassa,13.704342,1533.5,-6.8,32.5,12.85,0.65,Silt,6.5590979680108985,1.5673255328860008e-07,1.6,0.6253641514195407,banana,0.3908525946372129
542,365.12784,-12.85982266663978,-9.218405217585456,Rural_Akatsi,16.051785,1757.8,-6.4,33.7,13.650000000000002,0.67,Silt,6.228955586350162,0.0004852596382102,1.0,0.48936048679640637,banana,0.48936048679640637
543,834.514,-1.0909519386399076,-2.758788043981257,Rural_Kilimani,4.01443,1118.9,-2.7,29.0,13.15,0.59,Sandy,6.166747831322834,0.0405289982683991,5.9,3.4898881986772454,cassava,0.5915064743520755
544,503.58212,-5.452462989445372,0.4755251573073178,Rural_Kilimani,15.087322,1111.3,-5.7,32.0,13.15,0.62,Loamy,6.093316357538447,0.7853330010255496,0.7,0.3370528450908725,wheat,0.4815040644155322
545,298.8951,-14.130428158713272,-7.803956268832516,Rural_Hawassa,0.9702146,1333.5,-7.4,32.0,12.3,0.6,Peaty,5.847617992564232,2.3746176466377098e-08,5.2,2.451973892635428,banana,0.47153344089142846
546,738.4141,-5.362349124759311,-5.240830626028617,Rural_Kilimani,26.517874,522.0,-4.1,28.5,12.2,0.61,Sandy,5.968309262824953,0.3018699583682408,1.1,0.6330664692529974,potato,0.5755149720481794
547,812.91626,-5.19113278185579,-4.44351386192266,Rural_Kilimani,2.3713167,644.8,-3.3,30.3,13.5,0.55,Sandy,6.416530153478214,0.2491528850103501,12.5,7.272523363896259,maize,0.5818018691117007
548,502.9343,-11.458552070771496,-9.30399289282847,Rural_Akatsi,17.577532,2003.7,-4.9,33.0,14.05,0.7,Silt,6.836744144460585,0.0279672686021599,0.8,0.4317688277203951,coffee,0.5397110346504939
549,811.8005,-10.832260711203354,-0.18665317220441,Rural_Sokoto,10.832914,2315.9,-1.8000000000000007,32.9,15.55,0.7,Volcanic,5.31172867116649,0.3558126539302952,4.4,2.4935335476257556,coffee,0.5667121699149444
550,610.05585,-6.84021650561075,-2.650677296305873,Rural_Hawassa,7.6359835,915.6,-5.1,31.8,13.35,0.58,Loamy,5.856476339435195,0.4250796473727877,3.4,2.0024974837557608,wheat,0.5889698481634591
551,513.31256,-14.017785827855691,-6.686811876186879,Rural_Hawassa,12.822404,1607.6,-5.1,30.6,12.75,0.65,Silt,6.816137910107057,2.0980523022662672e-08,1.3,0.6013493733153427,coffee,0.46257644101180206
552,569.08514,-0.8115989581131107,-2.9660003103590764,Rural_Kilimani,0.8851692,798.4,-5.4,31.6,13.1,0.56,Loamy,6.027959696388282,0.0200116594982287,13.2,9.198435140875418,wheat,0.6968511470360166
553,237.64502,-12.724651869610684,-7.011144119213031,Rural_Hawassa,4.0970554,1593.8,-7.9,34.6,13.35,0.63,Silt,6.319913581696931,0.0002324348415196,12.5,6.408197324764653,wheat,0.5126557859811722
554,470.81656,-1.03688361982827,-4.5471199951115695,Rural_Kilimani,9.777466,342.0,-6.7,33.2,13.250000000000002,0.55,Loamy,6.491107741584559,0.0167278909174409,4.2,2.9560563116658916,wheat,0.7038229313490217
555,655.74255,-9.0480061904193,-4.23630159554484,Rural_Hawassa,6.3312225,1460.2,-4.0,32.3,14.15,0.62,Volcanic,4.995170608667209,0.0109385649121421,2.2,1.7276435638746797,tea,0.7852925290339452
556,759.6535,-7.628712821613803,-0.1686347142585125,Rural_Sokoto,2.6064858,1610.4,-2.9000000000000004,29.5,13.3,0.62,Volcanic,5.214132127718665,0.3818131247168591,8.5,3.5209325145371326,cassava,0.41422735465142735
557,681.3796,-5.948089245218721,-6.62374727337624,Rural_Amanzi,5.1126823,571.2,-4.6,32.3,13.849999999999998,0.55,Sandy,5.213271101836725,0.3107188308388982,4.0,1.6186084418154016,maize,0.4046521104538504
558,764.5369,-2.5913477856628617,-0.7677484409595994,Rural_Kilimani,3.298558,1373.5,-3.1,29.1,13.0,0.61,Volcanic,4.859492343203415,0.2005353313902227,5.7,3.985471264141196,tea,0.6992054849370519
559,546.6847,-10.426748320116069,-9.105789855423598,Rural_Akatsi,16.568285,1919.7,-4.6,31.8,13.6,0.69,Silt,7.189567804781341,0.0919672115296685,1.3,0.6144101013841446,wheat,0.47262315491088047
560,178.43117,-12.170451601791395,-6.276891957917715,Rural_Hawassa,5.4603004,1596.6,-8.2,34.3,13.05,0.63,Silt,7.271482231871293,0.0004181982847676,4.0,1.6700209718547492,rice,0.4175052429636873
561,678.224,-8.669527958737834,-4.871452238137722,Rural_Hawassa,6.3884954,1321.2,-3.9,33.9,15.0,0.61,Volcanic,5.833997056269968,0.1633019125208481,4.1,2.018023396183046,banana,0.49220082833732826
562,743.66016,-8.137856157090061,-5.578676712514192,Rural_Hawassa,21.96459,1190.3,-3.5,27.2,11.85,0.65,Sandy,5.8631722385436005,0.2882613822984172,0.8,0.36939447386986446,wheat,0.4617430923373306
563,940.96155,-4.317028294400975,-4.110172389923559,Rural_Kilimani,11.712166,804.6,-2.0,28.8,13.4,0.59,Rocky,4.364833318936009,0.2134709267382163,2.3,1.1239224175978215,potato,0.48866192069470504
564,777.7707,-5.042444905123785,-1.799305158362223,Rural_Kilimani,3.8849366,1070.4,-3.3,29.8,13.25,0.58,Sandy,6.581852289777701,0.7631728301608045,12.9,4.84352461843501,maize,0.3754670246848845
565,492.9202,-6.768125413861899,-3.2858279388987546,Rural_Hawassa,21.518444,707.6,-6.0,30.9,12.45,0.61,Loamy,5.848301165503222,0.3199570102407905,2.0,1.1889423300860076,maize,0.5944711650430038
566,700.983,-2.2714435660273367,-3.3894340720876643,Rural_Kilimani,3.5620484,762.1,-4.2,31.5,13.65,0.56,Sandy,5.264946149329799,0.2068040559519568,13.7,8.14045048503266,potato,0.5941934660607782
567,511.8814,-7.290785829041066,-2.1371512448477983,Rural_Sokoto,18.324877,1014.6,-5.7,31.0,12.65,0.63,Loamy,6.044221302420509,0.5367407701790183,1.5,0.826466719401288,wheat,0.550977812934192
568,703.32983,-5.055961984826695,-7.353494820185081,Rural_Kilimani,3.8052454,555.9,-4.5,32.5,14.0,0.55,Sandy,4.9440141341323045,0.4481910348221134,9.4,3.35253062605751,maize,0.35665219426143724
569,356.11102,-13.238300898321246,-6.592214971970919,Rural_Hawassa,10.183756,1651.8,-6.6,32.8,13.099999999999998,0.65,Silt,6.494131490828657,7.712525987513043e-07,2.1,1.1136835379176648,coffee,0.530325494246507
570,589.98456,-8.182913089433093,-4.722799960084068,Rural_Hawassa,5.0829883,1055.2,-5.0,29.3,12.15,0.59,Loamy,6.225722382578902,0.1257778014031328,3.6,2.4313419779572616,wheat,0.6753727716547948
571,568.33435,-7.498047717819011,-4.457027705382083,Rural_Hawassa,4.520347,827.6,-5.4,31.9,13.25,0.57,Loamy,6.095770978433336,0.0934622201014288,4.9,3.393145780549527,wheat,0.6924787307243931
572,761.5491,-5.240695407433124,-5.857962810675602,Rural_Kilimani,6.7706685,529.4,-3.9,31.5,13.8,0.55,Sandy,5.675683192564698,0.3103954864516873,4.8,2.402961560723551,wheat,0.5006169918174065
573,611.379,-8.768653209892504,-0.7362161395542792,Rural_Sokoto,9.627502,1674.2,-4.2,30.6,13.2,0.65,Silt,6.761768129831109,0.102282159043056,2.6,1.1922973300059294,banana,0.4585758961561267
574,689.12683,-5.520048387959921,-7.488633254779311,Rural_Amanzi,18.595715,612.4,-4.5,28.4,11.95,0.6,Sandy,4.944365144503216,0.437515749215727,1.4,0.5154399245872009,maize,0.3681713747051435
575,746.366,-7.853997483328961,1.5746510920070562,Rural_Sokoto,4.827591,1725.4,-2.8,28.2,12.7,0.64,Volcanic,5.078407600938527,0.076534669146947,4.7,3.822419779374816,tea,0.8132808041223012
576,541.1688,-9.165154214511183,-7.033667191645404,Rural_Akatsi,18.588913,1410.5,-5.1,30.3,12.6,0.66,Silt,6.669974665575264,0.034771534745501,1.5,0.6708586159805476,coffee,0.44723907732036505
577,349.32782,-11.900110007733206,-5.682282845703102,Rural_Hawassa,6.751405,1743.8,-6.8,32.3,12.749999999999998,0.64,Silt,6.833065633926069,0.0018200184847855,3.2,1.6124962779397152,wheat,0.503905086856161
578,702.47986,-4.988376586312148,-7.470614796833414,Rural_Kilimani,21.099218,589.7,-4.2,31.8,13.8,0.6,Sandy,4.618522830618133,0.4452879030998803,1.1,0.5526378106063253,potato,0.5023980096421139
579,544.37384,-8.683045038440744,-2.8533849481972178,Rural_Hawassa,18.739925,1352.2,-5.1,33.1,14.0,0.65,Silt,5.459418760863973,0.0323900181260772,0.7,0.3400033309117612,cassava,0.48571904415965894
580,600.27386,-5.087501837466817,-0.2767454619338967,Rural_Kilimani,8.303114,1139.4,-4.8,30.3,12.75,0.6,Loamy,5.648920965104861,0.836932923075876,3.5,1.9599062788584187,cassava,0.5599732225309768
581,721.94574,-9.719354482330472,-0.4344069689604983,Rural_Sokoto,0.992639,2034.0,-2.9000000000000004,33.7,15.400000000000002,0.65,Volcanic,5.388240636378234,0.2794397106440702,5.6,3.1963698947629586,coffee,0.5707803383505283
582,669.2058,-8.87678984751578,-0.5650407890682543,Rural_Sokoto,5.594961,1775.8,-3.6,32.7,14.55,0.64,Volcanic,5.080833701317093,0.1125459885094223,2.7,1.3553490481022232,banana,0.5019811289267493
583,301.57947,-11.13864785113597,-6.31292887380951,Rural_Hawassa,34.71063,1656.3,-7.1,34.6,13.75,0.72,Silt,5.529153582520036,0.0659689488993367,0.9,0.3774224374030086,banana,0.4193582637811207
584,649.5447,-8.430726217319766,-4.209273908625994,Rural_Hawassa,12.065196,1239.9,-4.3,31.6,13.65,0.62,Volcanic,4.580677598687754,0.0283660966397757,1.1,0.45998122870598934,wheat,0.4181647533690812
585,720.8318,-5.263223873604641,-5.123710649380285,Rural_Kilimani,17.867073,500.5,-4.3,30.5,13.1,0.59,Sandy,6.298020245920445,0.2983527871721324,1.4,0.7390301198423574,potato,0.5278786570302554
586,767.17334,-4.118777792091636,-1.3758713966336351,Rural_Kilimani,2.2031121,1164.8,-3.3,29.1,12.9,0.59,Sandy,6.017525777794911,0.7253069356817656,14.8,5.453828110082865,wheat,0.36850189932992333
587,758.05426,-1.8884596411115684,-8.371537694128282,Rural_Kilimani,43.992733,690.4,-3.8,29.6,12.9,0.68,Sandy,5.725176246389977,0.0073311298268914,1.3,0.8323135180849444,potato,0.6402411677576495
588,391.66562,-11.007982747341178,-5.078664504515541,Rural_Hawassa,8.826451,1719.0,-6.2,33.5,13.65,0.65,Silt,7.021123107258417,0.0303220474817089,2.8,1.4794509921760943,rice,0.5283753543486052
589,628.61115,-9.750894334970596,-2.6191449949005525,Rural_Hawassa,23.790745,1784.5,-3.9,30.3,13.2,0.7,Silt,6.656435113753709,0.0532764955742051,0.7,0.33217374121605814,coffee,0.47453391602294026
590,623.36896,-9.43099011533507,-2.326345053279721,Rural_Hawassa,2.233521,1708.4,-4.1,30.9,13.4,0.63,Silt,7.152060620374858,0.1047534110709743,10.2,4.330935326841187,banana,0.424601502631489
591,278.64334,-11.372943899319734,-6.524645754673803,Rural_Hawassa,19.536598,1676.0,-7.2,32.7,12.750000000000002,0.68,Silt,7.017263246660282,0.0223230650364007,1.9,0.9170739243641602,rice,0.48267048650745276
592,761.76587,-4.974859506609239,-1.092080683985752,Rural_Kilimani,9.7825985,1187.3,-3.3,28.1,12.4,0.61,Sandy,6.593701211659171,0.8830138641911865,4.1,1.5086275245891443,wheat,0.3679579328266206
593,748.6428,-0.73950786636426,-2.839871104737795,Rural_Kilimani,18.038786,1015.2,-3.6,28.9,12.65,0.62,Sandy,5.914236612030471,0.0171417721339837,1.0,0.5308265209743922,wheat,0.5308265209743922
594,680.26807,-2.235398020152912,-2.8849172496025384,Rural_Kilimani,0.61176217,854.9,-4.3,29.8,12.75,0.56,Sandy,6.4267554205272965,0.2494570538539493,9.2,5.0610881974215145,wheat,0.5501182823284255
595,641.74225,-6.524817979209526,-0.2226900880962046,Rural_Sokoto,23.805483,1286.9,-4.3,29.5,12.6,0.66,Volcanic,3.990651608175157,0.9104825268693206,1.4,0.38125891573820825,cassava,0.27232779695586307
596,743.09607,-1.9245051869859928,-4.074135474031764,Rural_Kilimani,14.178763,687.6,-3.9,31.2,13.65,0.59,Sandy,6.417098944585336,0.0796100856957868,1.6,0.9342983155141864,maize,0.5839364471963665
597,622.72174,-5.781378595549505,-7.006639504726558,Rural_Amanzi,17.108318,519.8,-5.2,28.2,11.5,0.58,Loamy,4.655370932756394,0.4023597008650325,1.5,0.8519022121668928,potato,0.5679348081112618
598,654.2441,-6.835710812376446,-2.7227511280894623,Rural_Hawassa,1.921074,963.2,-4.5,31.8,13.65,0.57,Sandy,5.656251199847272,0.4022880949264953,13.3,5.542014001107353,wheat,0.41669278203814686
599,550.62494,-6.267993464854246,-4.042603172626444,Rural_Hawassa,7.9616923,544.5,-5.8,28.4,11.3,0.56,Loamy,6.739027443873301,0.1892154870547334,2.9,1.865167722517869,maize,0.6431612836268514
600,323.99857,-6.344590249837401,-1.6686713382544671,Rural_Hawassa,13.908305,718.7,-7.7,29.5,10.9,0.59,Loamy,4.905469581349475,0.827351481244664,1.1,0.41432847212542195,wheat,0.3766622473867472
601,299.9205,-11.945166940076238,-5.497593651757654,Rural_Hawassa,8.8503475,1722.1,-7.0,32.3,12.65,0.65,Silt,6.44958434156517,0.0010450168203494,4.6,2.361100122892132,wheat,0.5132826354113331
602,347.66638,-10.025741622263087,-6.916547214997071,Rural_Akatsi,6.8638744,1473.5,-6.8,34.8,13.999999999999998,0.62,Silt,6.431831294098496,0.0857898190347734,3.7,2.3345817434013285,rice,0.6309680387571158
603,864.65704,-3.672714161895623,-3.668720170249073,Rural_Kilimani,24.962778,814.9,-2.7,30.2,13.75,0.63,Sandy,5.57809858141893,0.2449613880949373,1.1,0.5491129734057902,wheat,0.49919361218708197
604,916.2983,-3.879976050673568,-2.078591256523632,Rural_Kilimani,31.376312,1187.6,-1.9000000000000004,30.7,14.4,0.68,Sandy,6.315422894035678,0.4944722945833458,2.0,0.5563546797337687,coffee,0.27817733986688437
605,377.13028,-1.108974711577121,-4.930012226461888,Rural_Kilimani,9.895636,188.9,-7.7,29.3,10.8,0.54,Loamy,6.237140164870614,0.0304572957686265,4.3,2.8285463697658635,wheat,0.6578014813408986
606,386.60968,-11.06655675938712,-5.006590672731952,Rural_Hawassa,3.8329833,1724.4,-6.2,32.6,13.2,0.63,Silt,6.972750531689202,0.0274295135190062,5.5,2.1839957152983054,banana,0.3970901300542373
607,466.20282,-9.41747303563216,-3.092129515980358,Rural_Hawassa,17.861168,1467.7,-5.7,32.3,13.3,0.66,Silt,5.441451705382074,0.0058896947779699,0.9,0.3748668457026588,banana,0.41651871744739866
608,651.2241,-7.403428159898644,-4.290356969382532,Rural_Hawassa,8.262776,898.8,-4.6,31.1,13.25,0.59,Sandy,5.913937322195623,0.0912148549522124,2.1,1.192041110792884,potato,0.5676386241870877
609,756.6148,-2.366063123947704,-6.506627296727907,Rural_Kilimani,12.518321,515.5,-4.0,30.8,13.4,0.57,Sandy,5.626455420680044,0.3073732369183407,1.9,0.9352089527723586,wheat,0.49221523830124136
610,652.4048,-5.267729566838943,-7.452596338887518,Rural_Amanzi,10.279172,542.0,-4.9,32.2,13.650000000000002,0.57,Sandy,5.0266870973843645,0.447851683310337,3.2,1.7238367271717614,potato,0.5386989772411754
611,291.61734,-13.377977388584643,-7.704854750130081,Rural_Hawassa,4.35575,1556.2,-7.2,33.1,12.95,0.62,Silt,6.225565229572149,3.9806147381454586e-05,4.8,2.9475045200790446,rice,0.6140634416831343
612,691.9521,-7.295291522275368,-6.98862104678066,Rural_Akatsi,0.66108894,934.5,-4.2,31.1,13.45,0.56,Sandy,4.8827903139491164,0.1669991705354529,9.7,5.1904618159493765,potato,0.535099156283441
613,648.3,-6.213925146042609,-2.3083265953338232,Rural_Hawassa,13.218062,921.5,-4.6,30.6,13.0,0.6,Sandy,5.350419960025054,0.6123091733756871,1.5,0.7495679440941048,potato,0.4997119627294032
614,747.9583,-3.807884958924717,-6.020128932188678,Rural_Kilimani,25.975958,483.6,-4.1,31.3,13.6,0.61,Sandy,5.583190041519522,0.2253463184855723,1.6,0.7976510797860347,wheat,0.4985319248662716
615,769.43964,-8.98943217837336,-2.330849667766195,Rural_Hawassa,25.681625,1731.4,-2.7,32.0,14.65,0.7,Volcanic,4.477729318939365,0.0332343122701738,1.7,1.3363694974166076,tea,0.7860997043627104
616,537.6321,-9.13361436187106,-6.772399551429893,Rural_Akatsi,13.716626,1378.3,-5.2,31.4,13.1,0.64,Silt,5.52986268857712,0.0423570276055084,1.6,0.6859435440929307,banana,0.4287147150580816
617,675.0533,-7.281774442572459,-5.421015205487591,Rural_Hawassa,17.07238,835.0,-4.4,31.0,13.3,0.61,Sandy,5.8424785036239415,0.2558562812906407,1.0,0.49740620442932537,wheat,0.49740620442932537
618,558.40546,-6.209419452808305,-3.3939386865741383,Rural_Hawassa,20.050722,634.1,-5.7,28.9,11.6,0.6,Loamy,6.210141872003598,0.4541520251386582,1.4,0.9116510219440402,wheat,0.6511793013886003
619,762.97943,-7.331337068149794,-7.2273656145638,Rural_Akatsi,11.8293295,1044.7,-3.4000000000000004,27.9,12.25,0.61,Sandy,5.444941094933164,0.1276730177784888,1.2,0.550221327777348,wheat,0.45851777314779
620,606.9744,-2.3210061916046723,-4.074135474031764,Rural_Kilimani,7.423347,529.1,-5.3,31.4,13.05,0.56,Loamy,4.843518890492192,0.1224033279033901,4.9,2.6484378686793812,maize,0.5404975242202819
621,302.74683,-11.66581395954944,-6.114725836404639,Rural_Hawassa,8.925541,1713.6,-7.0,34.1,13.55,0.65,Silt,6.108640028960707,0.0084802806270599,2.4,1.4114516474868923,rice,0.5881048531195385
622,640.3584,-6.4347041145234645,-7.353494820185081,Rural_Amanzi,17.653564,748.2,-4.4,31.8,13.7,0.6,Sandy,5.484345577042353,0.4374495521400455,0.8,0.4449743430589206,potato,0.5562179288236507
623,800.60724,-2.902240618829781,-7.2273656145638,Rural_Kilimani,18.53317,609.8,-3.5,30.1,13.3,0.6,Sandy,5.690706724890664,0.116479938089277,0.8,0.4435132400052367,wheat,0.5543915500065458
624,838.43396,-5.209155554793002,-3.664215555762599,Rural_Kilimani,9.981896,777.8,-3.0,31.0,14.0,0.58,Rocky,4.535708585020026,0.1970634106893562,2.4,1.1782333711125106,tea,0.4909305712968794
625,822.456,-8.3361066593994,0.0881283114705246,Rural_Sokoto,4.301949,1853.2,-2.1,28.3,13.1,0.65,Volcanic,4.146247113701077,0.1437891570452291,4.3,3.2250647794671865,tea,0.750015064992369
626,594.45905,-1.487452943258587,-4.078640088518238,Rural_Kilimani,21.703142,546.4,-5.4,30.4,12.5,0.6,Loamy,5.547903666546315,0.0409658093579474,0.8,0.5595944396950417,potato,0.6994930496188022
627,969.9751,-4.2899941349951565,-3.8714278221404186,Rural_Kilimani,4.92645,871.5,-1.6999999999999993,28.0,13.15,0.57,Rocky,4.323959894444741,0.2105660502421513,2.7,1.022504678219341,tea,0.3787054363775337
628,849.4523,-2.221880940450003,-0.961446863877996,Rural_Kilimani,13.276266,1463.8,-2.2,29.8,13.8,0.64,Volcanic,5.657370599428862,0.1318656586074801,0.7,0.3569572595246289,cassava,0.5099389421780414
629,856.2192,-0.8386331175189294,-2.578603464522284,Rural_Kilimani,18.270403,1202.5,-2.4000000000000004,27.2,12.4,0.64,Sandy,6.460492234623668,0.0224135317402108,1.2,0.6318681185173758,maize,0.5265567654311465
630,524.0104,-1.7127376049737446,-5.105692191434387,Rural_Kilimani,12.165357,319.0,-6.3,32.8,13.249999999999998,0.55,Loamy,5.069695573913489,0.1085744399173836,1.1,0.68435149065787,potato,0.6221377187798818
631,857.4263,-7.358371227555613,-0.267736232960948,Rural_Sokoto,22.021997,1648.2,-2.0,29.0,13.5,0.68,Volcanic,3.909054072915109,0.5177037910572548,1.6,0.8010130712651313,tea,0.500633169540707
632,825.18896,-4.2224087364806095,-5.2183075535962455,Rural_Kilimani,3.758104,575.2,-3.3,31.8,14.25,0.55,Sandy,5.20620115186575,0.2520604504497921,12.2,7.60430935749763,potato,0.6233040456965271
633,374.60858,-0.415097953494433,-4.042603172626444,Rural_Kilimani,4.5945487,332.4,-7.6,31.7,12.05,0.53,Loamy,5.268066366306623,0.0037923254615629,2.6,1.659330501047751,potato,0.6382040388645196
634,885.4076,-4.398130772618432,-5.416510591001116,Rural_Kilimani,3.7613816,629.4,-2.7,28.2,12.75,0.55,Rocky,5.6525442074526,0.2712673104230685,7.5,4.571941904613425,potato,0.6095922539484566
635,542.87646,-1.744277457613867,-5.416510591001116,Rural_Kilimani,12.114856,312.4,-6.1,30.6,12.25,0.55,Loamy,4.880787439982724,0.1703589759966015,0.7,0.4150821647085346,potato,0.5929745210121923
636,435.98947,-0.2393759173566092,-3.803858604843304,Rural_Kilimani,32.076405,447.5,-6.9,31.6,12.35,0.63,Loamy,4.553353432506571,0.0026689156599636,1.0,0.5727547284794645,potato,0.5727547284794645
637,672.56177,-7.407933853132948,-5.8985043410538704,Rural_Hawassa,8.668825,877.0,-4.4,32.1,13.85,0.59,Sandy,5.727443665643464,0.3541018757822009,3.9,2.1640499936404316,cassava,0.5548846137539568
638,777.4731,-7.610690048676591,0.0205590941734095,Rural_Sokoto,9.9657135,1640.2,-2.7,27.4,12.35,0.65,Volcanic,5.050606560932707,0.3769136460965449,4.6,3.2757045922371613,tea,0.7121096939646003
639,371.51312,-11.192716169947609,-7.321962518779761,Rural_Hawassa,13.0767565,1781.3,-6.2,35.4,14.6,0.67,Silt,5.284847561326735,0.0361785210896108,1.3,0.7284168408676438,rice,0.5603206468212645
640,747.2899,-5.511037001491314,-2.1281420158748494,Rural_Hawassa,7.503821,972.9,-3.8,32.0,14.1,0.59,Sandy,6.058899067413317,0.6779949091712156,3.8,2.0102978424865623,cassava,0.5290257480227796
641,505.53125,-10.561919117145164,-7.317457904293287,Rural_Akatsi,13.922118,1794.7,-5.1,30.6,12.75,0.67,Silt,6.075528608348862,0.0283371913583366,1.7,1.1409337956293528,rice,0.6711375268407958
642,698.70374,-9.624734924410106,-9.30399289282847,Rural_Akatsi,4.3889475,1918.6,-3.2,30.7,13.75,0.65,Volcanic,4.7289324244198,0.2394959349934259,4.4,3.6814301190123677,tea,0.8366886634119017
643,903.53107,-3.65469138895841,-3.0200556841967687,Rural_Kilimani,19.646078,982.3,-2.2,30.8,14.3,0.63,Sandy,5.556448142458688,0.3350549523125726,1.2,0.5220111727380254,tea,0.43500931061502124
644,629.7452,-5.641702105286106,-0.1100747259343462,Rural_Sokoto,4.4494057,1203.7,-4.5,29.9,12.7,0.6,Peaty,5.736849411891232,0.9519247439207912,4.2,1.3079504427592556,wheat,0.31141677208553703
645,325.36624,-13.490619719442224,-6.7273534065651495,Rural_Hawassa,8.16713,1567.0,-6.8,34.7,13.95,0.64,Silt,5.812126640675389,2.522979471434764e-07,3.4,1.4831036466326584,banana,0.4362069548919584
646,785.5549,-4.163834724434668,-1.6236251933897237,Rural_Kilimani,6.235189,1132.6,-3.1,28.3,12.6,0.6,Sandy,6.265268463277883,0.675645305177112,4.2,1.6281335382698499,maize,0.3876508424452023
647,548.1013,-1.3522821462294914,-3.5606094225736893,Rural_Kilimani,5.1718593,610.0,-5.8,30.5,12.35,0.55,Loamy,6.011564413468356,0.0488590274609611,2.5,1.6566139249854377,potato,0.6626455699941751
648,830.35297,-4.30801690793237,-5.08767373348849,Rural_Kilimani,31.357258,587.5,-3.2,29.1,12.95,0.63,Sandy,4.999228765802256,0.2550547295116139,1.1,0.6645984571092461,potato,0.60418041555386
649,561.06793,-14.04031429402721,-6.556178056079124,Rural_Hawassa,6.2949696,1630.2,-4.8,29.2,12.2,0.63,Silt,5.510942310437508,2.0425112729960608e-08,2.5,1.152257998834114,cassava,0.46090319953364556
650,752.8724,-6.27249915808855,-0.0740378100425513,Rural_Sokoto,28.944984,1387.0,-3.2,30.9,13.85,0.69,Volcanic,4.40774524322685,0.9805720293483404,0.6,0.2787368036079941,tea,0.4645613393466568
651,855.0053,-8.498311615834314,-7.930085474453796,Rural_Akatsi,18.908815,1597.5,-2.1,31.1,14.5,0.67,Volcanic,5.29747964230138,0.0906091789403429,2.0,0.9305181812948293,cassava,0.46525909064741466
652,749.4832,-8.800193062532626,-1.722726712092159,Rural_Sokoto,39.44482,1724.9,-2.9000000000000004,27.7,12.4,0.74,Volcanic,4.936352801288171,0.0684929955242866,1.0,0.8120806606895451,tea,0.8120806606895451
653,603.8375,-7.601678662207984,-2.997532611764397,Rural_Hawassa,11.729171,1058.4,-4.9,32.1,13.6,0.61,Loamy,6.585774499562654,0.160065371091271,2.2,1.5009082091694361,wheat,0.6822310041679255
654,667.9047,-6.047214496373391,-7.493137869265786,Rural_Amanzi,27.768421,669.1,-4.6,30.7,13.05,0.63,Sandy,5.275558167048778,0.4705784143037284,1.2,0.4774847499909437,wheat,0.39790395832578646
655,678.9252,-5.727310276737866,0.5836359049827018,Rural_Sokoto,2.1646903,1312.5,-3.9,31.5,13.8,0.6,Volcanic,5.124346741317751,0.792791126988143,12.5,5.066650963375184,cassava,0.40533207707001473
656,719.75055,-9.025477724247786,-7.367008663644504,Rural_Akatsi,17.276016,1613.6,-3.0,30.9,13.95,0.67,Volcanic,4.878928512477136,0.0467495496550193,1.0,0.39677254488266567,cassava,0.39677254488266567
657,255.2269,-13.981740281981269,-7.754405509481297,Rural_Hawassa,2.9694586,1334.7,-7.8,33.1,12.65,0.6,Peaty,5.675920626494921,1.0229054782234863e-07,8.2,5.303880695136574,rice,0.6468147189190944
658,460.43793,-9.949144837279936,-2.7182465136029883,Rural_Hawassa,4.1531596,1646.7,-5.6,30.6,12.5,0.63,Silt,5.590934635434235,0.028980992710703,2.1,1.4004628263026075,rice,0.6668870601440988
659,488.3734,-9.038994803950692,-4.015575485707598,Rural_Hawassa,27.37799,1295.7,-5.7,32.6,13.45,0.67,Silt,5.466152958875723,0.0097170657678914,1.9,0.910553372289273,wheat,0.4792386169943542
660,699.37494,-6.412175648351948,-0.5425177166358826,Rural_Sokoto,17.671478,1295.8,-3.8,29.1,12.65,0.64,Volcanic,5.301747304937849,0.9027986052666458,1.7,0.7026609216653505,cassava,0.41332995392079447
661,654.35187,-8.241487101479034,1.106171185413725,Rural_Sokoto,4.329422,1697.8,-3.8,31.2,13.7,0.63,Volcanic,5.003112160017586,0.0796551639927604,3.9,3.3083501963044695,tea,0.8482949221293512
662,340.47922,-11.107107998495849,-6.015624317702203,Rural_Hawassa,7.066408,1682.3,-6.7,32.2,12.750000000000002,0.64,Silt,5.724924367300524,0.0797428062533165,4.5,2.0396115562714465,banana,0.45324701250476584
663,653.30994,-4.204385963543396,-0.2587270039879994,Rural_Kilimani,6.3369455,1221.2,-4.3,32.2,13.95,0.6,Volcanic,4.511033822838648,0.6733671100593067,2.8,0.9885739431019739,cassava,0.3530621225364193
664,821.0447,-10.147395339589274,0.160202143254114,Rural_Sokoto,4.9105515,2243.5,-1.8000000000000007,31.5,14.85,0.68,Volcanic,5.456048754477373,0.3733333397767747,2.3,1.4040959673762756,coffee,0.6104765075549025
665,713.36017,-3.979101301828237,-5.110196805920862,Rural_Kilimani,20.5398,467.9,-4.4,31.7,13.65,0.59,Sandy,4.993106955703076,0.2276886313710363,0.7,0.39951699902276394,potato,0.5707385700325199
666,497.04648,-1.1450202574515451,-4.623698441381633,Rural_Kilimani,17.562574,357.0,-6.5,30.1,11.8,0.57,Loamy,4.805255949780917,0.0223350564313468,1.5,0.9003812466428347,potato,0.6002541644285565
667,305.7894,-12.057809270933816,-8.150811584291038,Rural_Akatsi,2.595562,1768.3,-6.9,35.5,14.3,0.63,Silt,5.7463904489284605,0.1423532278512213,6.3,3.5533965368743963,rice,0.5640311963292692
668,410.6626,-14.517917776863346,-7.7363870515354,Rural_Hawassa,3.7614744,1297.8,-6.4,35.0,14.3,0.6,Peaty,4.418449261714759,6.657928340415211e-10,7.6,2.7122373142996885,banana,0.3568733308289064
669,666.1967,-5.695770424097745,-3.920978581491636,Rural_Hawassa,11.70484,598.4,-4.7,27.8,11.55,0.57,Sandy,6.207843223847501,0.2026848216829861,2.7,1.5704083051692705,wheat,0.5816327056182483
670,644.6085,-7.317819988446884,-1.9704805088482475,Rural_Sokoto,3.7171013,1186.7,-4.4,30.8,13.2,0.59,Sandy,5.659774957997141,0.5764305643375763,14.1,7.242817777613659,cassava,0.513675019688912
671,492.16647,-11.733399358063988,-5.335427530244578,Rural_Hawassa,6.04406,1911.4,-5.1,33.3,14.099999999999998,0.66,Silt,7.00889999018294,0.0025579767745078,4.4,2.120854912185539,banana,0.4820124800421679
672,877.0457,-4.501761717007405,-3.083120287007409,Rural_Kilimani,2.6625178,912.3,-2.5,30.7,14.1,0.57,Rocky,5.08356407450678,0.2415588267715779,12.0,5.866335656989786,tea,0.48886130474914885
673,885.0746,-4.312522601166672,-2.8804126351160644,Rural_Kilimani,15.174278,966.0,-2.4000000000000004,27.7,12.65,0.61,Rocky,5.036487182611011,0.2859178662660945,2.0,1.0413764942928714,potato,0.5206882471464357
674,711.9186,-6.335578863368793,-6.8985287570511735,Rural_Amanzi,2.7256188,700.7,-4.2,30.0,12.9,0.55,Sandy,5.503011514947338,0.3578279661729371,11.9,7.005794804936501,potato,0.5887222525156723
675,780.4144,-10.944903042060933,0.0025406362275122,Rural_Sokoto,2.418983,2298.6,-2.1,29.1,13.5,0.67,Volcanic,5.569995043086236,0.3340182755792368,11.3,5.982401015352429,banana,0.529416019057737
676,408.2185,-1.0098494604224513,-4.8894706960836185,Rural_Kilimani,22.217062,226.2,-7.4,32.6,12.6,0.58,Loamy,5.750507082182341,0.0231158801821026,1.3,0.8040841064103577,potato,0.6185262357002751
677,528.3222,-9.854525279359567,-2.77230188744068,Rural_Hawassa,4.886948,1680.7,-5.0,28.9,11.95,0.63,Silt,7.465094048008345,0.0226590759308998,4.7,1.781276405015683,banana,0.37899497979057084
678,918.03503,-3.758322333347383,-6.357975018674254,Rural_Kilimani,12.265815,671.4,-2.3,27.0,12.35,0.58,Rocky,4.919414092603664,0.2113926311367255,1.9,1.072091691717779,potato,0.5642587851146206
679,502.82468,-7.214189044057911,-0.961446863877996,Rural_Sokoto,2.1339421,1168.3,-5.7,31.6,12.95,0.59,Loamy,5.014497969762834,0.621199570137892,10.6,4.2381864772207125,wheat,0.3998289129453503
680,633.83014,-1.5910838876475584,-3.839895520735098,Rural_Kilimani,5.1923375,630.8,-5.0,31.7,13.35,0.56,Loamy,5.171342942259131,0.0593344651424023,2.0,1.262173867744299,wheat,0.6310869338721495
681,688.1153,-2.906746312064083,-4.285852354896058,Rural_Kilimani,7.688359,557.4,-4.5,30.9,13.2,0.56,Sandy,6.240424505217289,0.1550009042612761,3.2,1.8860113722664005,wheat,0.5893785538332501
682,732.8572,-7.772895005111504,-3.75881245997856,Rural_Hawassa,14.985387,1148.5,-3.6,29.5,12.95,0.63,Sandy,5.436396436035795,0.0582655949838973,0.9,0.521161086359792,cassava,0.5790678737331022
683,901.29645,-3.8123906521590207,-4.420990789490288,Rural_Kilimani,11.31634,733.9,-2.4000000000000004,25.9,11.75,0.58,Rocky,5.847242163432895,0.1990961677888309,3.1,1.7666586449222925,maize,0.569889885458804
684,647.6598,-6.078754349013513,-2.083095871010106,Rural_Hawassa,23.839304,949.0,-4.5,29.2,12.35,0.64,Sandy,5.5470607095661775,0.7196827512268033,0.7,0.22079039278535764,wheat,0.3154148468362252
685,894.8818,-3.1140082008420293,-7.646294761805914,Rural_Kilimani,41.814926,755.3,-2.5,29.6,13.55,0.68,Sandy,6.112489207558195,0.0675663761214357,0.5,0.29777060605137784,maize,0.5955412121027557
686,405.19174,-14.4548380715831,-7.844497799210784,Rural_Hawassa,13.724886,1324.5,-6.4,32.7,13.150000000000002,0.63,Silt,6.158116147131597,1.1268848770207911e-09,0.6,0.2515304861281665,banana,0.41921747688027744
687,874.33307,-7.146603645543364,-7.668817834238285,Rural_Akatsi,6.4035673,1161.9,-2.3,27.6,12.65,0.6,Rocky,5.731601074179767,0.1203951821851469,3.2,1.6621047928999488,wheat,0.519407747781234
688,668.9178,-6.254476385151337,-7.578725544508798,Rural_Amanzi,0.6206682,720.5,-4.6,32.2,13.8,0.55,Sandy,5.95943141009957,0.4449848014660612,11.6,6.197472423551478,potato,0.5342648640992653
689,621.7154,-5.731815969972169,-0.1551208707990896,Rural_Sokoto,4.407593,1195.6,-4.6,31.4,13.4,0.6,Loamy,4.92881307099247,0.9699112807090664,3.6,1.2554814856190057,wheat,0.34874485711639047
690,908.96967,-3.154559439950757,-2.655181910792347,Rural_Kilimani,0.7064519,1090.1,-2.0,28.6,13.3,0.58,Rocky,5.692139063900485,0.4006271161984404,6.9,2.109426163740175,coffee,0.30571393677393843
691,378.53366,-11.25129018199355,-5.137224492839708,Rural_Hawassa,3.676311,1766.9,-6.1,33.0,13.45,0.64,Silt,6.438598421842681,0.0153725666436529,14.9,7.0808574511781455,banana,0.47522533229383523
692,535.1116,-6.898790517656689,-0.5920684759871004,Rural_Sokoto,17.651728,1190.8,-5.4,30.8,12.7,0.64,Loamy,4.518101987693541,0.7374171825453143,1.8,0.6484547654569213,wheat,0.36025264747606733
693,563.3928,-9.494069820615314,-7.596744002454696,Rural_Akatsi,3.2066677,1584.3,-4.7,33.1,14.2,0.62,Silt,7.064505010867743,0.0663166313992897,13.3,6.902964799270022,wheat,0.5190199097195505
694,774.3505,-3.4158896475403413,-1.5740744340385062,Rural_Kilimani,3.451103,1170.4,-3.2,27.2,12.0,0.59,Sandy,6.244472660456066,0.4826817679937849,7.5,3.4317695420059917,wheat,0.4575692722674656
695,663.2668,-6.123811281356545,-7.475119411319889,Rural_Amanzi,14.734483,675.6,-4.7,31.1,13.2,0.59,Sandy,5.33532156761353,0.4759371080420383,1.1,0.4398378621783193,wheat,0.39985260198029027
696,834.859,-8.191924475901699,-0.6416192353383179,Rural_Sokoto,3.9138854,1774.0,-2.1,31.1,14.5,0.64,Volcanic,5.075692013847664,0.19394350640584,7.3,4.035431353142112,banana,0.5527988154989195
697,767.877,-3.596117376912469,-0.9974837797697906,Rural_Kilimani,0.41681483,1264.2,-3.2,30.8,13.8,0.59,Volcanic,4.688868830340259,0.5679864366344307,7.1,3.8633609088882324,tea,0.5441353392800328
698,967.808,-4.90727410809469,-4.13269546235593,Rural_Kilimani,15.2689295,831.8,-1.6999999999999993,30.5,14.4,0.6,Rocky,4.636532369214143,0.2223922176355053,0.9,0.3620704712242709,tea,0.4023005235825232
699,360.79214,-1.4649244770870702,-5.35795060267695,Rural_Kilimani,3.3150723,127.9,-7.9,33.5,12.8,0.51,Loamy,6.390356511968743,0.109198241291874,8.8,5.699020761629468,wheat,0.6476159956397122
700,650.7205,-5.443451602976767,-0.3848562096092809,Rural_Kilimani,5.9266715,1185.7,-4.3,31.3,13.5,0.6,Sandy,5.688502727071542,0.9097096634215522,3.4,1.6256630612554592,cassava,0.4781361944868998
701,580.33374,-7.142097952309061,-1.880388219118761,Rural_Sokoto,7.1371646,1094.4,-5.0,29.6,12.3,0.6,Loamy,6.603743215260408,0.6553466412938684,3.5,1.913717579304255,wheat,0.5467764512297871
702,751.48706,-7.799929164517323,-3.8669232076539446,Rural_Hawassa,5.173813,1165.2,-3.4000000000000004,30.8,13.7,0.6,Sandy,6.798344409823039,0.0552834148800775,2.1,0.8037541081222153,coffee,0.38274005148676915
703,599.2358,-6.578886298021166,-2.1191327869019005,Rural_Hawassa,12.716914,972.1,-4.9,29.4,12.25,0.6,Loamy,6.172459635260363,0.6820878626589398,1.0,0.5434988711803186,wheat,0.5434988711803186
704,264.6121,-12.783225881656628,-7.389531736076877,Rural_Hawassa,2.8099818,1637.3,-7.5,34.4,13.45,0.62,Silt,6.743591840347138,0.001087375380154,6.4,3.4134854166363087,rice,0.5333570963494232
705,749.4789,-7.899054415671993,-6.285901186890663,Rural_Hawassa,6.4100723,1132.0,-3.5,30.1,13.3,0.6,Sandy,5.366133776985053,0.338294075686646,2.2,1.2033320409097372,cassava,0.546969109504426
706,678.1884,-2.63189902477159,-4.6327076703545815,Rural_Kilimani,3.1527948,509.7,-4.7,30.1,12.7,0.54,Sandy,4.961369093037889,0.1272579461821169,13.3,6.0549510783658365,wheat,0.4552594795763787
707,808.7639,-8.444243297022677,-1.7542590134974796,Rural_Sokoto,6.9860063,1677.6,-2.5,33.2,15.35,0.64,Volcanic,5.369877133058409,0.140235970228679,2.2,1.6579548429124251,tea,0.7536158376874659
708,89.34869,-12.197485761197214,-7.168805626239634,Rural_Hawassa,10.180563,1514.1,-9.1,35.9,13.4,0.64,Silt,7.493580063266162,0.0061464443450145,4.4,1.9230261062588772,rice,0.4370513877861084
709,824.9876,-3.037411415858875,-3.2002402636557425,Rural_Kilimani,20.228958,890.9,-3.0,30.8,13.9,0.62,Sandy,4.581150263264512,0.3374452956392203,0.6,0.28608314272985197,tea,0.47680523788308665
710,510.0518,-8.768653209892504,-6.371488862133677,Rural_Hawassa,8.852018,1197.6,-5.6,29.5,11.95,0.61,Loamy,6.594032534034647,0.0989942128917236,2.8,1.847825164694803,wheat,0.6599375588195725
711,721.4696,-8.624471026394803,-1.6911944106868388,Rural_Sokoto,4.2133107,1650.5,-3.2,30.1,13.45,0.63,Volcanic,4.496403526992794,0.0991960976197234,4.6,3.5883208439952274,tea,0.7800697486946148
712,585.2942,-6.659988776238622,-1.8308374597675432,Rural_Hawassa,15.305453,1013.1,-5.1,30.6,12.75,0.62,Loamy,4.54603837673618,0.7637357606028433,0.9,0.3449675035875933,wheat,0.383297226208437
713,647.7286,-9.530115366489738,-2.276794293928502,Rural_Hawassa,6.348182,1792.8,-3.5,29.8,13.15,0.65,Volcanic,5.171525984150596,0.1650421336301011,4.8,2.5885563067083477,banana,0.5392825638975725
714,967.90314,-4.474727557601586,-4.294861583869007,Rural_Kilimani,10.985777,806.2,-1.8000000000000007,30.3,14.25,0.59,Rocky,5.174931909478974,0.2246892126792208,3.7,1.6282068665322325,tea,0.44005590987357635
715,482.1706,-10.850283484140569,-8.71388839510033,Rural_Akatsi,16.730902,1897.2,-5.2,28.4,11.6,0.69,Silt,6.682341417883285,0.1029491003655784,1.4,0.7390401813069909,coffee,0.5278858437907078
716,275.8716,-13.022027623074694,-7.038171806131879,Rural_Hawassa,1.3571546,1614.3,-7.3,31.6,12.15,0.62,Silt,5.526114472492806,4.270113663900223e-05,6.8,2.776563958944836,banana,0.4083182292565935
717,615.6537,-9.64275769734732,-2.339858896739144,Rural_Hawassa,21.014996,1755.2,-4.1,32.0,13.95,0.69,Silt,5.683806346491669,0.1736587531374706,1.4,0.7347747238778349,banana,0.5248390884841678
718,859.50476,-3.573588910740952,-4.637212284841056,Rural_Kilimani,3.3790054,671.2,-2.9000000000000004,30.4,13.75,0.55,Rocky,5.253078594588781,0.184091936039288,6.6,3.5324791687276855,wheat,0.5352241164738918
719,589.2608,-11.13864785113597,-9.718417425584107,Rural_Akatsi,6.910313,2093.8,-4.0,29.0,12.5,0.67,Silt,5.604784026233588,0.0094359616540025,2.1,1.1337917260858845,coffee,0.5399008219456592
720,601.029,-6.227442225745518,-3.673224784735548,Rural_Hawassa,2.9507537,639.2,-5.3,32.3,13.499999999999998,0.55,Loamy,5.135874986253339,0.2973985932938496,5.7,3.1373152181874278,maize,0.5504061786293732
721,840.9234,-7.975651200655147,-0.5560315600953059,Rural_Sokoto,5.048563,1737.2,-2.1,29.0,13.45,0.64,Volcanic,4.6521110669185415,0.2600974816732201,4.7,3.4890949220551963,tea,0.7423606217138715
722,672.0867,-9.034489110716391,-5.110196805920862,Rural_Hawassa,3.0657983,1440.7,-3.9,28.2,12.15,0.61,Volcanic,4.632897004069287,0.0522254303354271,11.8,9.014759630084486,tea,0.7639626805156343
723,760.91797,-7.953122734483631,1.6962756831418633,Rural_Sokoto,3.2827313,1742.2,-2.8,30.6,13.9,0.63,Volcanic,5.2869476391170895,0.0564461678918273,11.3,9.153510048334086,tea,0.8100451370207156
724,486.56946,-6.623943230364196,-3.41646175900651,Rural_Hawassa,6.209389,631.7,-6.3,32.2,12.95,0.56,Loamy,6.368833606986308,0.3642408938418318,3.4,2.2953063004347847,wheat,0.675090088363172
725,688.5084,-7.804434857751627,-5.312904457812206,Rural_Hawassa,7.435866,1017.4,-4.1,31.0,13.45,0.59,Sandy,6.085674399149778,0.2417024613688397,2.2,0.8961995155317767,coffee,0.40736341615080757
726,443.90762,-11.264807261696458,-9.27246059142315,Rural_Akatsi,7.675051,1929.9,-5.5,32.0,13.25,0.66,Silt,6.626881035335365,0.0327378977711858,4.5,2.494127356315385,coffee,0.5542505236256411
727,716.44946,-3.6276572295525913,-0.6911699946895358,Rural_Kilimani,18.060072,1259.6,-3.6,32.1,14.25,0.64,Volcanic,5.270833602718088,0.5586888255825195,1.5,0.6911455122898218,cassava,0.4607636748598812
728,496.0449,-9.043500497184995,-6.245359656512394,Rural_Hawassa,6.3738904,1275.5,-5.6,31.4,12.9,0.61,Peaty,4.699974990705623,0.0726488911976987,3.6,1.4038889195766844,wheat,0.38996914432685675
729,875.39606,-1.640646513224894,-1.7542590134974796,Rural_Kilimani,2.9586484,1377.7,-2.1,28.3,13.1,0.61,Volcanic,5.884694875580141,0.0844011258829055,7.2,3.9196084832001428,cassava,0.5443900671111309
730,688.125,-9.349887637117613,-1.974985123334722,Rural_Sokoto,32.623985,1785.8,-3.4000000000000004,29.9,13.25,0.73,Volcanic,5.437320932419554,0.1201850775479687,1.5,0.8318278070506764,coffee,0.5545518713671176
731,788.16034,-6.231947918979822,-0.042505508637231,Rural_Sokoto,2.4362955,1427.8,-2.8,28.7,12.95,0.61,Volcanic,5.010184261440276,0.9854947426437768,13.0,6.290769443475617,tea,0.4839053418058167
732,527.0001,-5.749838742909383,-0.8488315017161374,Rural_Sokoto,10.996401,1007.4,-5.6,31.8,13.1,0.6,Loamy,6.59349524258931,0.917424631472116,4.7,2.3476572790982626,wheat,0.49950154874431113
733,266.00876,-11.710870891892473,-6.362479633160727,Rural_Hawassa,15.261618,1670.1,-7.5,33.9,13.2,0.67,Silt,6.20890340175063,0.0057156139406231,0.8,0.35420302617749433,banana,0.4427537827218679
734,692.2768,-8.858767074578568,-1.6866897962003644,Rural_Sokoto,5.9733033,1685.3,-3.5,32.6,14.55,0.64,Volcanic,4.882186509728641,0.0623732123644079,3.7,3.0570273787454503,tea,0.8262236158771487
735,427.91647,-10.845777790906263,-9.177863687207187,Rural_Akatsi,15.005951,1872.4,-5.7,32.1,13.2,0.68,Silt,6.534488411157603,0.0468433238222461,0.5,0.25973721845030323,wheat,0.5194744369006065
736,742.2018,-3.1095025076077256,-1.8263328452810688,Rural_Kilimani,5.636904,1102.0,-3.6,28.1,12.25,0.59,Sandy,6.161655458017694,0.3941031770142513,4.2,2.010581872952196,wheat,0.4787099697505228
737,540.4187,-5.839952607595446,-0.7542345975001765,Rural_Sokoto,4.8226066,1047.2,-5.4,33.2,13.900000000000002,0.59,Loamy,6.155764727175678,0.9250512340909224,3.7,1.0864338106479425,coffee,0.293630759634579
738,577.2588,-7.529587570459133,-2.339858896739144,Rural_Sokoto,3.059855,1109.9,-5.0,30.9,12.95,0.59,Loamy,4.814633982142353,0.3853505558803872,7.1,3.726596887850249,cassava,0.5248728011056689
739,660.7308,-9.011960644544876,-0.8623453451755607,Rural_Sokoto,1.1253446,1775.4,-3.7,31.1,13.7,0.63,Volcanic,4.13120584890819,0.0956278197693506,11.9,9.511320839401183,tea,0.7992706587732086
740,457.22073,-9.944639144045633,-7.439082495428095,Rural_Akatsi,6.8929124,1595.7,-5.7,30.5,12.4,0.63,Silt,6.304380329655364,0.0397232533246091,2.6,1.295052104943556,coffee,0.4980969634398292
741,318.5562,-10.890834723249297,-7.0651994930507245,Rural_Hawassa,13.83115,1653.9,-6.9,33.9,13.5,0.66,Silt,5.975007943495192,0.030934037788222,1.7,0.8196465032775364,wheat,0.4821450019279626
742,366.46924,-10.962925814998147,-5.993101245269831,Rural_Hawassa,11.801263,1678.7,-6.5,32.1,12.8,0.66,Silt,5.615708965612877,0.1192193248077778,1.6,0.7111626305127663,banana,0.4444766440704789
743,397.6422,-12.134406055916967,-8.335500778236486,Rural_Akatsi,1.9028625,1862.2,-6.0,31.6,12.8,0.64,Silt,7.114719264199728,0.1181738246251975,5.0,2.0938750604489043,banana,0.41877501208978085
744,242.46747,-14.008774441387088,-7.547193243103478,Rural_Hawassa,9.8264065,1328.2,-7.8,31.4,11.8,0.62,Silt,5.70267995120251,4.8412616084616945e-08,5.0,2.8175975819073775,rice,0.5635195163814755
745,823.7611,-4.9343082675005085,-4.91199376851599,Rural_Kilimani,4.8609753,601.7,-3.3,30.3,13.5,0.55,Sandy,6.642173390476339,0.2828875951777889,3.8,2.1254179192834,maize,0.559320505074579
746,556.82324,-1.6046009673504695,-5.560658254568295,Rural_Kilimani,24.587034,318.7,-6.0,33.1,13.55,0.59,Loamy,4.689117827938279,0.1676369826079357,1.9,0.879263774805305,cassava,0.46277040779226586
747,751.56635,-1.942527959923206,-3.515563277708946,Rural_Kilimani,19.362568,805.7,-3.7,30.3,13.3,0.61,Sandy,5.686386062238909,0.1314993643334231,1.4,0.6893116176443701,maize,0.4923654411745501
748,598.95905,-6.569874911552558,-0.8037853568513944,Rural_Sokoto,17.554686,1177.8,-4.8,32.0,13.6,0.64,Loamy,6.3865730747661225,0.8320777635306833,1.5,0.6945763500891784,maize,0.46305090005945226
749,845.7247,-3.780850799518898,-1.092080683985752,Rural_Kilimani,5.2500443,1318.3,-2.4000000000000004,27.5,12.55,0.61,Volcanic,5.824850515748617,0.6432864490979385,2.1,1.014229132649824,cassava,0.4829662536427733
750,777.75366,-3.677219855129925,-5.921027413486242,Rural_Kilimani,9.565434,515.2,-3.8,29.0,12.6,0.56,Sandy,5.452799302211111,0.2239617712343423,3.7,2.3059097253596357,potato,0.6232188446917933
751,610.60425,-8.83623860840705,-3.713766315113817,Rural_Hawassa,3.9867504,1377.2,-4.5,29.3,12.4,0.61,Peaty,4.708254116554402,0.0122559184490259,5.9,2.2705774719035965,wheat,0.3848436393056943
752,756.2731,-8.822721528704143,-5.123710649380285,Rural_Hawassa,17.959898,1448.9,-3.2,30.6,13.7,0.66,Volcanic,4.7821332537463,0.1416350086354841,0.8,0.5791707128386386,tea,0.7239633910482983
753,465.15396,-11.318875580508095,-5.371464446136373,Rural_Hawassa,22.666265,1843.5,-5.4,35.2,14.900000000000002,0.7,Silt,5.42410584501974,0.0177196699767576,0.9,0.5554353390336183,rice,0.6171503767040203
754,729.9696,-3.1320309737792424,-0.6010777049600489,Rural_Kilimani,11.44809,1319.5,-3.5,29.0,12.75,0.63,Volcanic,4.425223468574655,0.3561388156096517,2.6,1.6720325926775443,tea,0.6430894587221324
755,839.1313,-5.218166941261609,-3.6912432426814448,Rural_Kilimani,2.4376607,774.7,-3.0,30.6,13.8,0.56,Rocky,5.6172298500329605,0.1975409918774375,12.3,7.051983904286759,potato,0.5733320247387609
756,578.9127,-6.78614818679911,-2.6326588383599754,Rural_Hawassa,8.258308,889.4,-5.2,31.0,12.9,0.58,Loamy,5.062154869230888,0.4424949867801809,2.2,1.2099284676332365,cassava,0.5499674852878347
757,727.7874,-1.793840083191201,-4.074135474031764,Rural_Kilimani,10.92825,676.5,-4.1,32.8,14.349999999999998,0.58,Sandy,6.145569791938109,0.0667079174591206,4.2,2.4600713095032436,potato,0.5857312641674389
758,696.38367,-2.8076210609094137,-3.839895520735098,Rural_Kilimani,11.81741,642.6,-4.4,31.5,13.55,0.58,Sandy,4.54021802449506,0.2050711552596801,1.2,0.6322532602799946,potato,0.5268777168999955
759,668.75867,-7.96663981418654,-1.015502237715688,Rural_Sokoto,22.012236,1504.5,-3.9,30.1,13.1,0.67,Volcanic,4.480352127259764,0.2958046274764042,1.7,0.6096031733485119,cassava,0.35859010196971286
760,371.5034,-11.143153544370271,-7.191328698672005,Rural_Hawassa,9.789698,1786.8,-6.0,34.9,14.45,0.66,Silt,6.175878800884585,0.0243979086590882,3.3,1.813379080608441,coffee,0.5495088123055882
761,466.27332,0.0309656767015802,-3.578627880519587,Rural_Kilimani,14.390517,527.4,-6.6,35.9,14.65,0.58,Loamy,4.901819006310481,0.0013659153578147,0.5,0.31711845703389197,potato,0.6342369140677839
762,797.7817,-8.106316304449939,-1.3173114083094688,Rural_Sokoto,1.0256929,1637.3,-2.6,31.6,14.5,0.62,Volcanic,5.567186647582679,0.2596819980781054,11.0,7.812350750042292,tea,0.7102137045492992
763,420.3306,-10.634010208894017,-6.339956560728356,Rural_Hawassa,10.678797,1684.5,-5.9,32.3,13.2,0.65,Silt,7.448161008210461,0.2037095941105535,2.6,1.2538054270600196,rice,0.482232856561546
764,662.87103,-9.24625669272864,-0.0965608824749231,Rural_Sokoto,6.1682024,1887.4,-3.6,30.8,13.6,0.65,Volcanic,4.185516606850475,0.2006554681748307,2.6,2.1130494473819468,tea,0.8127113259161334
765,547.3409,-11.719882278361078,-9.704903582124686,Rural_Akatsi,4.8526483,2068.8,-4.4,33.1,14.35,0.66,Silt,5.784005901896193,0.0029930542403844,4.1,2.43815125156358,banana,0.594671036966727
766,454.81158,-7.142097952309061,-1.074062226039855,Rural_Sokoto,5.7110567,1088.1,-6.2,33.5,13.65,0.59,Loamy,6.389825753764413,0.6599469958847654,4.1,2.0314295408487792,maize,0.49547061971921447
767,551.4903,-2.073193063717998,-5.988596630783357,Rural_Kilimani,13.007944,295.8,-6.0,29.9,11.95,0.55,Loamy,6.322452243375016,0.3291465524899611,2.0,1.0816798098855203,potato,0.5408399049427601
768,841.2936,-2.4696940683366773,-0.8578407306890863,Rural_Kilimani,25.36466,1449.6,-2.3,27.1,12.4,0.68,Volcanic,5.079966370731952,0.1758082858189751,1.3,0.6145648912521351,cassava,0.4727422240401039
769,665.903,-8.741619050486685,-5.826430509270281,Rural_Hawassa,8.197059,1330.7,-4.0,28.9,12.45,0.62,Volcanic,4.826098995403676,0.1191028025715338,4.9,2.1230578374905327,cassava,0.43327710969194544
770,669.47296,-9.944639144045633,-9.340029808720264,Rural_Akatsi,12.133554,1967.3,-3.4000000000000004,30.9,13.75,0.68,Volcanic,5.691094169297298,0.1726779165505143,1.7,1.1381891312893977,banana,0.6695230184055281
771,632.16504,-3.6051287633810745,-6.578701128511496,Rural_Kilimani,22.163286,383.9,-5.2,33.5,14.15,0.59,Loamy,5.440539769646145,0.1934160794843999,1.9,1.1572364544483897,wheat,0.6090718181307315
772,733.28033,-9.72836586879908,-1.853360532199915,Rural_Sokoto,9.052362,1942.7,-2.9000000000000004,31.1,14.1,0.67,Volcanic,4.845299070006153,0.2814221718392579,2.4,1.928653347666679,tea,0.803605561527783
773,713.59985,-2.0326418246092697,-4.020080100194072,Rural_Kilimani,0.93266416,662.2,-4.2,30.7,13.25,0.55,Sandy,4.967125662166591,0.0949939320786213,8.4,3.9455404599747954,wheat,0.46970719761604707
774,892.56995,-4.627921127567893,-4.26783389695016,Rural_Kilimani,32.989246,730.8,-2.5,28.6,13.05,0.65,Sandy,5.025903463356725,0.227423592052337,0.5,0.22065264763397852,tea,0.44130529526795703
775,616.45496,-10.305094602789884,-6.7273534065651495,Rural_Akatsi,6.5553246,1822.3,-4.0,30.7,13.35,0.65,Silt,5.688959873168541,0.1426830726106429,2.3,1.0621163794176727,coffee,0.4617897301815968
776,854.70575,-4.875734255454567,-5.002086058245477,Rural_Kilimani,27.868086,625.8,-3.0,29.6,13.3,0.63,Sandy,5.626248866996424,0.2863453586353797,1.6,0.8177955306885201,maize,0.511122206680325
777,645.5982,-6.781642493564808,-6.159771981269382,Rural_Amanzi,1.3436301,681.5,-4.8,28.8,12.0,0.55,Sandy,6.00700843891551,0.25094442180332,10.3,5.278929143062794,maize,0.5125173925303683
778,981.6874,-4.740563458425473,-3.8714278221404186,Rural_Kilimani,1.4468552,880.8,-1.5999999999999996,28.4,13.4,0.56,Rocky,5.786335319279012,0.2065524460942844,6.5,3.645506106793563,wheat,0.5608470933528559
779,474.2781,-8.97591509867045,-6.515636525700855,Rural_Akatsi,8.706329,1241.7,-5.9,33.9,14.0,0.61,Peaty,4.047425494030355,0.0622766629696188,4.6,1.7610155006082144,cassava,0.3828294566539597
780,893.41125,-4.920791187797599,-4.222787752085417,Rural_Kilimani,3.642837,742.6,-2.5,31.4,14.45,0.56,Rocky,5.439072419160833,0.2293419571215522,10.2,5.988365210362494,potato,0.5870946284669112
781,842.4643,-5.240695407433124,-3.65520632678965,Rural_Kilimani,16.455849,785.1,-2.9000000000000004,30.3,13.7,0.6,Rocky,5.015586224190304,0.1968807271646392,0.6,0.3129385982735705,wheat,0.5215643304559509
782,733.7607,-2.5778307059599523,-3.75881245997856,Rural_Kilimani,37.286278,706.9,-4.0,29.7,12.85,0.66,Sandy,5.059361292341782,0.1953114566584161,0.6,0.2736406004029585,wheat,0.4560676673382642
783,521.5132,-6.578886298021166,-0.547022331122357,Rural_Sokoto,9.441348,1109.7,-5.7,31.2,12.75,0.61,Loamy,6.301336359402469,0.8559437709046267,4.9,1.5085365453925021,coffee,0.3078646011005106
784,491.10342,-10.255531977212549,-4.569643067543941,Rural_Hawassa,24.097864,1658.4,-5.3,31.0,12.85,0.69,Silt,6.0188101822148345,0.0730698068864929,1.1,0.5435617087851322,coffee,0.4941470079864838
785,843.45886,-4.645943900505106,-5.22281216808272,Rural_Kilimani,29.219316,595.7,-3.1,27.7,12.3,0.63,Sandy,4.994232767089154,0.2847523775994858,1.1,0.514872483064679,wheat,0.4680658936951627
786,660.4994,-9.836502506422356,-9.524719002665712,Rural_Akatsi,7.9729586,1930.9,-3.7,32.1,14.2,0.66,Volcanic,4.714011051489214,0.1653720711794002,3.2,1.6793550801732484,banana,0.5247984625541401
787,709.18774,-2.2038581675127897,-3.2678094809528577,Rural_Kilimani,4.697721,800.7,-4.1,30.5,13.2,0.57,Sandy,6.239265974247056,0.2090201347538393,4.4,2.4672711689237032,wheat,0.5607434474826598
788,462.76132,0.1165738481533402,-3.6056555674384327,Rural_Kilimani,1.8869421,513.1,-6.6,31.0,12.2,0.54,Loamy,4.955266630854626,0.0010419293626193,9.7,5.704885913893134,wheat,0.5881325684425911
789,775.79816,-2.7850925947378986,-0.9974837797697906,Rural_Kilimani,8.034039,1328.0,-3.0,28.4,12.7,0.62,Volcanic,4.5040981108501,0.2612636604546986,3.7,2.433418221035977,tea,0.6576806002799938
790,787.87726,-11.007982747341178,0.5881405194691762,Rural_Sokoto,11.432857,2321.9,-2.0,29.9,13.95,0.7,Volcanic,5.605756260112564,0.2160768547890152,3.3,1.83631176483422,banana,0.5564581105558243
791,679.1627,-7.601678662207984,-4.8894706960836185,Rural_Hawassa,4.6946454,951.6,-4.3,31.3,13.5,0.58,Sandy,6.289048551572932,0.1378534833061135,2.1,1.1575716838435712,wheat,0.5512246113540815
792,438.48843,-9.768917107907807,-7.191328698672005,Rural_Akatsi,3.8754654,1499.4,-6.0,33.1,13.55,0.62,Silt,6.543318701586326,0.0422204158386327,12.8,6.240926552859162,coffee,0.487572386942122
793,616.026,-5.294763726244762,-0.2452131605285763,Rural_Kilimani,18.707205,1162.1,-4.6,30.7,13.05,0.64,Loamy,5.992603659291577,0.8773006442730191,1.1,0.6026080424294339,cassava,0.5478254931176672
794,546.2794,-7.912571495374903,-3.587637109492535,Rural_Hawassa,18.284283,1015.9,-5.4,29.7,12.15,0.63,Loamy,5.714735348512843,0.0535024329756437,1.1,0.7259744032112366,cassava,0.6599767301920333
795,541.85986,-1.3973390785725233,-5.560658254568295,Rural_Kilimani,21.9111,303.0,-6.1,33.0,13.45,0.58,Loamy,5.61007510202364,0.1223801223584931,0.7,0.43001602146225193,wheat,0.6143086020889313
796,711.1448,-3.609634456615378,-0.3172869923121657,Rural_Kilimani,10.1810665,1308.3,-3.6,31.0,13.7,0.62,Volcanic,5.783793850667941,0.5024738745506534,3.4,1.4814655520953919,coffee,0.4357251623809976
797,766.1265,-8.930858166327418,-1.8893974480917093,Rural_Sokoto,5.125341,1760.1,-2.7,30.1,13.7,0.64,Volcanic,5.328114256859054,0.0510246984212637,3.8,2.177157476405847,banana,0.5729361780015387
798,565.89935,-9.237245306260034,-5.290381385379835,Rural_Hawassa,28.952644,1399.9,-4.9,32.5,13.8,0.69,Silt,7.0780381064371065,0.0399750364962671,0.9,0.4827933591901932,wheat,0.5364370657668813
799,294.08762,-11.566688708394771,-6.506627296727907,Rural_Hawassa,33.368755,1666.8,-7.4,32.6,12.6,0.72,Silt,5.297183775327107,0.0097804995150859,1.9,1.0411283590733715,rice,0.5479622942491429
800,897.61084,-7.70981529983126,-8.182343885696358,Rural_Akatsi,7.824952,1421.6,-1.8000000000000007,29.8,14.0,0.62,Volcanic,4.595591143653159,0.1040956725835368,3.6,2.3191514243443905,tea,0.644208728984553
801,689.9065,-6.231947918979822,-7.276916373915019,Rural_Amanzi,8.919456,697.6,-4.4,30.6,13.1,0.57,Sandy,5.719625090943935,0.4739946837450243,4.9,2.733549233691184,potato,0.5578671905492212
802,818.4037,-5.015410745717967,-6.303919644836561,Rural_Kilimani,20.145409,587.7,-3.3,28.6,12.65,0.6,Sandy,5.148153201778098,0.3172851489623495,1.7,0.7885733212807924,wheat,0.46386665957693674
803,398.1538,-10.471805252459102,-6.051661233593999,Rural_Hawassa,9.613,1632.9,-6.1,31.4,12.65,0.65,Silt,6.05834545376658,0.2781124685998916,2.7,1.1720373920163714,banana,0.43408792296902643
804,466.16754,-10.422242626881769,-5.988596630783357,Rural_Hawassa,4.13083,1673.1,-5.5,32.3,13.4,0.63,Silt,6.645574972639977,0.2869657772125384,5.0,2.030598420205712,banana,0.4061196840411424
805,518.53674,-11.490091923411615,-5.452547506892911,Rural_Hawassa,5.864134,1919.4,-4.8,29.7,12.45,0.66,Silt,6.691571485704164,0.0103535373293025,2.5,1.324972591305245,coffee,0.5299890365220981
806,736.6465,-4.317028294400975,-2.402923499549784,Rural_Kilimani,19.46903,908.4,-3.8,29.4,12.8,0.62,Sandy,4.894411013894903,0.411448904140439,1.0,0.4726514931802261,tea,0.4726514931802261
807,636.65204,-6.966375916171238,-2.731760357062411,Rural_Hawassa,17.111107,971.9,-4.6,30.0,12.7,0.62,Loamy,5.533762109282429,0.3703565026579983,0.5,0.30732790088526535,potato,0.6146558017705307
808,311.34018,-11.318875580508095,-8.51568535769546,Rural_Akatsi,5.072056,1762.5,-6.9,34.6,13.85,0.64,Silt,7.006824723101537,0.2507385313222646,2.1,0.7454463102758213,banana,0.3549744334646768
809,796.16956,-8.119833384152848,-1.4028990835524813,Rural_Sokoto,11.962784,1628.2,-2.6,30.8,14.1,0.65,Volcanic,3.88647934506366,0.2576297788963654,0.8,0.49532336317829184,tea,0.6191542039728648
810,608.8834,-5.578622400005862,-0.6100869339329977,Rural_Kilimani,4.2454534,1117.9,-4.8,32.0,13.6,0.59,Loamy,6.640960084933838,0.9207220944509056,3.3,0.8964936292780498,coffee,0.2716647361448636
811,742.3673,-3.44292380694616,-1.6731759527409416,Rural_Kilimani,7.6076727,1114.9,-3.5,29.4,12.95,0.6,Sandy,6.044569355237358,0.4837953590074523,4.6,2.019376363204707,wheat,0.43899486156624073
812,676.5394,-10.048270088434602,-0.8713545741485091,Rural_Sokoto,7.949481,2026.6,-3.3,30.0,13.35,0.67,Volcanic,5.461999132620676,0.2230930388903518,2.2,1.3659011025355694,banana,0.6208641375161679
813,543.8887,-1.8794482546429627,-4.357926186679647,Rural_Kilimani,31.224918,432.8,-6.0,30.8,12.4,0.62,Loamy,5.129499636752083,0.0653660421840026,1.2,0.7829170819791758,potato,0.6524309016493132
814,735.25323,-9.890570825233992,-0.4389115834469728,Rural_Sokoto,2.532277,2084.8,-2.7,32.0,14.65,0.66,Volcanic,4.748788112699224,0.3096823224928211,6.0,4.470238706687756,tea,0.7450397844479593
815,984.9977,-7.606184355442287,-6.254368885485343,Rural_Hawassa,3.5010483,1281.9,-1.1999999999999993,29.3,14.05,0.6,Volcanic,4.596913200891992,0.356959056170732,9.4,4.973418961730952,tea,0.5290871235883992
816,636.8434,-9.14713144157397,-1.1596499012828667,Rural_Sokoto,10.528432,1757.6,-3.9,28.6,12.35,0.66,Silt,7.4645483731287,0.0735363435555391,2.8,1.181393397136175,banana,0.4219262132629197
817,333.4007,-11.129636464667364,-6.218331969593549,Rural_Hawassa,7.110274,1686.3,-6.7,32.2,12.750000000000002,0.64,Silt,7.345917591643836,0.0725637153117242,3.5,1.5266042240743563,wheat,0.4361726354498161
818,678.44305,-5.682253344394836,0.5791312904962276,Rural_Sokoto,6.3212385,1303.7,-4.0,31.6,13.8,0.61,Volcanic,4.295151309582518,0.7862111876458864,2.1,0.6622545525630762,cassava,0.315359310744322
819,725.89374,-7.516070490756224,-3.402947915547087,Rural_Hawassa,3.8169806,1106.4,-3.7,30.4,13.35,0.59,Sandy,5.127946431049781,0.1013695356557584,12.3,5.188036482268206,wheat,0.4217915839242444
820,561.59186,-8.795687369298324,-6.790418009375789,Rural_Akatsi,16.524296,1271.5,-5.2,30.9,12.85,0.64,Silt,5.455133222873923,0.0597221541655888,0.8,0.39001779329215985,wheat,0.4875222416151998
821,537.12524,-7.286280135806762,-0.8983822610673553,Rural_Sokoto,2.9135644,1227.2,-5.3,31.7,13.2,0.59,Peaty,4.547867021809717,0.5852077083120346,11.8,3.071524981952929,wheat,0.2602987272841465
822,640.5043,-9.214716840088515,-7.785937810886618,Rural_Akatsi,7.7593102,1593.1,-4.0,31.3,13.65,0.64,Volcanic,4.7919554485680464,0.1020856246745476,4.9,2.157674594191889,banana,0.44034175391671204
823,782.7689,-7.921582881843509,1.2683373069268011,Rural_Sokoto,8.171777,1757.1,-2.6,29.1,13.25,0.65,Volcanic,5.317356047901853,0.104593039805348,3.9,3.1232578477242408,tea,0.8008353455703182
824,638.84985,-8.444243297022677,-6.029138161161627,Rural_Hawassa,9.946329,1188.7,-4.5,30.4,12.95,0.61,Sandy,5.027000666742374,0.2071327432236986,3.8,1.8783204489815337,cassava,0.4942948549951405
825,705.3804,-5.506531308257012,-0.8713545741485091,Rural_Kilimani,7.3544865,1176.6,-3.8,31.2,13.7,0.6,Sandy,6.012871065071268,0.9090807140200972,4.3,0.9001241959974566,coffee,0.20933120837150154
826,902.3298,-2.6994844232861386,-7.231870229050275,Rural_Kilimani,20.582266,715.8,-2.5,29.5,13.5,0.61,Rocky,5.900528077409798,0.1189076443703316,1.9,1.196626213748626,maize,0.6298032703940137
827,586.7087,-5.596645172943076,-8.182343885696358,Rural_Amanzi,20.708065,618.6,-5.4,31.2,12.9,0.6,Loamy,5.64920815219257,0.2366246913288969,1.7,1.0376500572847207,maize,0.610382386638071
828,795.52783,-9.913099291405508,0.6286820498474452,Rural_Sokoto,25.032454,2188.1,-2.1,28.5,13.2,0.73,Volcanic,4.319082434009543,0.2530805384788089,1.3,0.8613713347467593,tea,0.6625933344205841
829,664.95166,-9.940133450811327,-9.213900603098985,Rural_Akatsi,8.490381,1950.8,-3.5,32.5,14.5,0.67,Volcanic,5.5750529849090125,0.1873106522638682,2.0,1.2225936869040148,coffee,0.6112968434520074
830,599.2727,-6.659988776238622,-0.7046838381489586,Rural_Sokoto,24.570477,1205.0,-4.8,31.0,13.1,0.66,Silt,6.202027534440199,0.8155090843515241,0.8,0.3320326566187246,wheat,0.41504082077340576
831,785.49927,-2.974331710578632,-1.3623575531742125,Rural_Kilimani,10.648174,1253.6,-3.0,30.0,13.5,0.62,Volcanic,5.503613498327619,0.3376865669960774,4.9,3.0392249377256206,tea,0.6202499872909429
832,500.37042,-9.223728226557125,-6.484104224295535,Rural_Akatsi,17.46591,1354.3,-5.5,30.4,12.45,0.65,Silt,7.0552095069139495,0.0625143450560696,0.8,0.2841976863142827,cassava,0.3552471078928534
833,630.5046,-9.178671294214093,-1.1776683592287644,Rural_Sokoto,8.494329,1757.3,-4.0,30.1,13.05,0.65,Silt,6.057971696086389,0.0729213484712242,2.1,1.0009719716894292,coffee,0.4766533198521091
834,809.4209,-10.899846109717902,-0.335305450258063,Rural_Sokoto,7.9727387,2316.3,-1.8000000000000007,26.7,12.45,0.69,Volcanic,5.767072031539637,0.3494627348865259,3.5,1.9940611681980642,banana,0.569731762342304
835,483.2444,-6.493278126569406,-3.3804248431147155,Rural_Hawassa,11.329003,615.1,-6.3,31.7,12.7,0.57,Loamy,6.609173097327044,0.4442645328350547,2.2,1.1379570591162385,potato,0.5172532086891992
836,715.7269,-1.6992205252708352,-3.0425787566291405,Rural_Kilimani,5.4104185,888.9,-4.0,28.3,12.15,0.58,Sandy,4.977417462739176,0.1217436405896125,4.7,2.645841940027032,potato,0.5629450936227728
837,790.03217,-3.681725548364229,-1.862369761172864,Rural_Kilimani,2.6912007,1111.9,-3.1,28.8,12.85,0.58,Sandy,5.021361491085236,0.5159137699600763,9.7,3.1985015811652637,wheat,0.32974243104796536
838,586.2164,-7.146603645543364,-4.560633838570992,Rural_Hawassa,27.037706,735.6,-5.3,30.3,12.5,0.63,Loamy,5.259440298839129,0.127739394127586,1.3,0.787873468426554,wheat,0.6060565141742723
839,826.0861,-8.15137323679297,-0.6236007773924206,Rural_Sokoto,33.537655,1756.8,-2.2,29.8,13.8,0.73,Volcanic,4.20256088321886,0.2051020535791191,0.7,0.49856230957905573,tea,0.7122318708272225
840,98.41461,-12.43178180938098,-6.2273411985664975,Rural_Hawassa,14.703995,1499.8,-9.0,33.4,12.2,0.65,Silt,5.583831937486532,6.928169157701177e-05,0.6,0.253952710164075,banana,0.42325451694012506
841,482.47665,-9.976178996685752,-3.074111058034461,Rural_Hawassa,4.2089114,1660.0,-5.3,31.1,12.9,0.63,Silt,7.1591874969392935,0.0111441967531825,2.7,1.3312031836823568,wheat,0.4930382161786506
842,747.40375,-8.291049727056368,-5.975082787323935,Rural_Hawassa,14.456315,1257.1,-3.4000000000000004,30.9,13.75,0.63,Volcanic,3.8473946027391976,0.2615718105399112,1.7,0.9479739759181066,tea,0.5576317505400628
843,559.2854,-9.020972031013482,-3.2092494926286905,Rural_Hawassa,21.072151,1429.9,-4.9,30.4,12.75,0.67,Silt,5.804833570696073,0.0102166964270439,1.9,0.8434087379302757,coffee,0.44389933575277674
844,520.09686,-11.674825346018046,-9.700398967638211,Rural_Akatsi,4.6713724,2040.4,-4.7,31.0,13.15,0.66,Silt,7.017196062768047,0.0033431992194082,4.9,2.4882546833535306,banana,0.5078070782354144
845,383.8851,-13.332920456241611,-6.583205742997969,Rural_Hawassa,0.63370454,1654.0,-6.3,33.4,13.55,0.62,Silt,6.412494246520014,4.15141816739618e-07,5.7,3.029219511815093,wheat,0.5314420196166829
846,714.7195,-2.9157576985326905,-2.9660003103590764,Rural_Kilimani,5.5740056,831.7,-4.0,28.5,12.25,0.57,Sandy,6.488433154182424,0.3630357780123358,4.6,2.449902484219942,wheat,0.5325874965695527
847,539.5656,-1.7397717643795634,-4.524596922679198,Rural_Kilimani,7.8125067,406.7,-6.0,32.2,13.1,0.55,Loamy,6.733642165157995,0.056267299520688,3.2,2.0243237452330303,maize,0.6326011703853219
848,831.22656,-8.06576506534121,-1.425422155984853,Rural_Sokoto,17.925264,1647.9,-2.2,30.8,14.3,0.67,Volcanic,4.418362175450468,0.2809465413661122,1.0,0.6905114054894748,tea,0.6905114054894748
849,678.34357,-8.25049848794764,-7.709359364616554,Rural_Akatsi,7.6235375,1305.2,-3.9,31.2,13.65,0.61,Volcanic,4.227906278496108,0.0579457326725275,4.5,3.0899129906963125,tea,0.6866473312658472
850,462.03885,-9.43099011533507,-3.177717191223371,Rural_Hawassa,5.6572433,1463.5,-5.8,34.4,14.3,0.62,Silt,5.995743666704337,0.0054120650328812,4.5,2.167041499554605,coffee,0.4815647776788011
851,478.74045,-9.940133450811327,-4.664239971759902,Rural_Hawassa,13.923988,1552.1,-5.5,32.1,13.3,0.65,Silt,5.227015642039434,0.0262752814527037,0.5,0.32473585649446585,rice,0.6494717129889317
852,739.4273,-14.405275446005769,-6.267882728944766,Rural_Hawassa,7.132496,1687.9,-3.1,31.1,14.0,0.64,Volcanic,4.538485230352215,7.108529225801467e-09,2.1,1.6644789939202311,tea,0.7926090447239196
853,602.72406,-1.7532888440824728,-4.281347740409584,Rural_Kilimani,11.144455,510.8,-5.4,31.0,12.8,0.57,Loamy,5.841200513555187,0.0561435731529381,3.9,2.6410116810723765,potato,0.6771824823262504
854,678.1962,-8.17840739619879,-2.727255742575937,Rural_Hawassa,17.509398,1342.8,-3.9,29.9,13.0,0.65,Volcanic,4.432991545275531,0.1059734277640367,1.4,1.0093606752906357,tea,0.7209719109218826
855,483.71768,-10.543896344207951,-9.03371602364001,Rural_Akatsi,13.29828,1869.9,-5.2,34.0,14.4,0.67,Silt,5.432401254858049,0.0785773366932518,1.7,0.8737349024709518,banana,0.513961707335854
856,542.45105,-5.515542694725617,-1.601102120957352,Rural_Hawassa,7.9695144,878.8,-5.6,34.1,14.25,0.58,Loamy,5.602402104073399,0.87854436298016,3.8,1.6690693265387082,wheat,0.4392287701417653
857,371.37827,-10.602470356253892,-3.574123266033112,Rural_Hawassa,2.057994,1654.3,-6.4,33.8,13.7,0.62,Silt,7.3116958415908835,0.1742096547785797,7.4,3.5367869028766816,rice,0.4779441760644164
858,758.32776,-4.276477055292247,-6.033642775648101,Rural_Kilimani,5.705213,492.6,-4.0,28.6,12.3,0.55,Sandy,5.818807021896977,0.2589048435219453,2.6,1.2727047620335326,maize,0.4895018315513586
859,579.1737,-8.719090584315168,-6.848977997699955,Rural_Akatsi,19.176643,1298.1,-4.7,32.6,13.95,0.65,Silt,5.749605357362408,0.0637788904917612,1.0,0.5220449656989425,cassava,0.5220449656989425
860,847.1894,-2.0551702907807847,-7.051685649591302,Rural_Kilimani,31.083424,639.7,-3.0,28.3,12.65,0.64,Sandy,5.310098449850223,0.1470613938649095,1.3,0.663603703734378,wheat,0.5104643874879831
861,880.06445,-3.249178997871125,-2.488511174792797,Rural_Kilimani,3.6173577,1091.7,-2.3,30.0,13.85,0.59,Rocky,5.959739626476646,0.4115607981337437,5.5,1.8244506459094,coffee,0.33171829925625457
862,557.4538,-6.412175648351948,-2.1371512448477983,Rural_Hawassa,9.804945,887.7,-5.4,30.1,12.35,0.59,Loamy,6.122097257066825,0.683909429053617,4.5,2.285824242045854,potato,0.5079609426768564
863,773.2735,-4.384613692915522,-1.074062226039855,Rural_Kilimani,6.67517,1215.3,-3.2,30.3,13.55,0.6,Volcanic,5.18729044722671,0.8149622733599853,2.6,1.0923656209083066,cassava,0.4201406234262718
864,643.8217,-7.434968012538767,-5.871476654135025,Rural_Hawassa,13.46384,854.6,-4.7,29.3,12.3,0.6,Sandy,5.959714378697661,0.3558514152728086,0.9,0.47448284739240876,potato,0.5272031637693431
865,631.97327,-6.421187034820555,-7.344485591212133,Rural_Amanzi,2.7421916,685.6,-4.9,30.5,12.8,0.55,Loamy,5.808610909962104,0.441536600170581,7.8,4.6605572198131515,maize,0.5975073358734809
866,601.2301,-6.84021650561075,-0.3172869923121657,Rural_Sokoto,18.460999,1293.2,-4.6,30.3,12.85,0.65,Silt,6.345884292688456,0.7748821338022,1.0,0.260432379212509,banana,0.260432379212509
867,782.9519,-4.659460980208015,-7.493137869265786,Rural_Kilimani,9.361892,642.8,-3.6,27.6,12.0,0.57,Sandy,6.121883052235231,0.3909952314250031,3.6,1.9536113287139132,wheat,0.5426698135316426
868,796.59625,-4.654955286973713,-5.25434446948804,Rural_Kilimani,29.694298,545.4,-3.6,31.4,13.9,0.63,Sandy,5.234686123533854,0.2863167067883369,0.6,0.2804574648150951,wheat,0.46742910802515847
869,691.2452,-14.400769752771463,-5.966073558350986,Rural_Hawassa,11.563782,1640.5,-3.5,32.7,14.6,0.65,Volcanic,4.12386939907078,1.6918899279620927e-08,3.0,2.21957019200814,tea,0.7398567306693801
870,946.9521,-3.8754703574392657,-4.637212284841056,Rural_Kilimani,11.535215,755.0,-2.0,26.6,12.3,0.58,Rocky,5.646697915275131,0.2049612619187371,4.9,2.7131373683044213,wheat,0.5537015037355961
871,652.31195,-1.6136123538190752,-3.132671046358628,Rural_Kilimani,13.843441,806.0,-4.6,31.1,13.25,0.6,Sandy,5.7561955239105576,0.1023383870202898,0.7,0.3583737085281346,wheat,0.511962440754478
872,533.86096,-7.344854147852703,-1.7857913149027995,Rural_Sokoto,5.744696,1106.6,-5.4,32.3,13.45,0.59,Loamy,6.774724477491378,0.60152818789537,4.2,2.0279254369991624,maize,0.48283938976170526
873,777.8602,-6.335578863368793,-8.101260824939821,Rural_Amanzi,12.038464,928.0,-3.4000000000000004,31.5,14.05,0.6,Sandy,5.298601276865605,0.1996622237672262,1.4,0.8229467232804782,potato,0.5878190880574845
874,685.10504,-7.903560108906296,-6.799427238348739,Rural_Akatsi,2.137481,1104.3,-4.1,30.3,13.1,0.58,Sandy,6.418265339423197,0.1867244307077208,14.3,6.383598588820467,coffee,0.44640549572171095
875,925.3427,-4.015146847702663,-4.096658546464136,Rural_Kilimani,12.197046,797.3,-2.2,30.3,14.05,0.59,Rocky,4.5672223136996175,0.2093513439125886,1.6,0.6538327823957206,cassava,0.40864548899732533
876,443.724,-12.211002840900123,-9.299488278341997,Rural_Akatsi,5.4692965,1927.3,-5.5,31.1,12.8,0.65,Silt,5.661067524462369,0.0077290964931523,3.8,2.1194569527872757,banana,0.5577518296808621
877,524.57965,-11.499103309880224,-9.322011350774366,Rural_Akatsi,14.542662,2028.5,-4.7,29.0,12.15,0.69,Silt,6.128824498359154,0.0254135674214216,1.0,0.5697423167646967,coffee,0.5697423167646967
878,828.7853,-5.141570156278455,-4.74532303251644,Rural_Kilimani,1.577944,629.9,-3.2,28.0,12.4,0.54,Sandy,5.474007630159043,0.2744541310425254,5.7,2.860081769952202,wheat,0.5017687315705618
879,751.7769,-7.989168280358056,-3.659710941276125,Rural_Hawassa,2.4995472,1247.4,-3.3,29.6,13.15,0.59,Volcanic,5.550045934089374,0.0463120852435594,14.9,7.49458436075086,coffee,0.5029922389765678
880,913.35565,-1.1990885762631844,-2.425446571982156,Rural_Kilimani,5.5078545,1282.8,-1.8000000000000007,29.9,14.05,0.61,Volcanic,4.570972223321792,0.0501596919828642,2.5,1.534407401321477,tea,0.6137629605285908
881,757.4198,-6.128316974590849,-7.7363870515354,Rural_Amanzi,22.696264,811.3,-3.7,28.6,12.45,0.62,Sandy,5.605155308062676,0.394477856651809,1.6,0.6908981290326852,maize,0.4318113306454282
882,635.8844,-5.871492460235569,-1.8488559177134405,Rural_Hawassa,2.8569298,956.6,-4.6,31.9,13.65,0.57,Loamy,6.338616054151606,0.813628120788527,6.4,3.4283452983781224,wheat,0.5356789528715816
883,279.80353,-10.989959974403966,-6.538159598133226,Rural_Hawassa,41.15808,1632.5,-7.1,30.4,11.65,0.74,Silt,5.597451205684234,0.076198192042869,1.1,0.4665095112129261,wheat,0.42409955564811463
884,497.66983,-13.58523927736259,-5.86697203964855,Rural_Hawassa,9.583479,1712.0,-5.2,30.3,12.55,0.65,Silt,5.975152997721829,2.429472300177027e-07,3.5,2.3955907378254304,rice,0.6844544965215515
885,812.4005,-4.443187704961463,-5.673273616730154,Rural_Kilimani,12.081053,548.0,-3.4000000000000004,32.0,14.3,0.57,Sandy,5.901164316905402,0.2764891638366775,0.6,0.36182049014232215,potato,0.6030341502372036
886,468.1968,-11.215244636119124,-9.173359072720713,Rural_Akatsi,4.602395,1947.1,-5.3,31.1,12.9,0.65,Silt,7.023956903748863,0.0463652769370628,2.2,1.1060668044223305,coffee,0.5027576383737865
887,592.4327,-5.957100631687329,-6.497618067754957,Rural_Amanzi,9.256704,470.0,-5.5,31.6,13.05,0.56,Loamy,6.087710598087974,0.2906051320403124,3.8,2.3631326703470674,maize,0.6218770185123862
888,586.39935,-6.790653880033414,-5.853458196189127,Rural_Amanzi,2.2443585,609.2,-5.4,32.9,13.75,0.55,Loamy,6.650672067100214,0.2554277961627367,5.3,3.816678345578135,wheat,0.7201279897317237
889,924.0038,-4.389119386149826,-2.9750095393320253,Rural_Kilimani,17.763071,985.4,-2.0,26.0,12.0,0.62,Sandy,5.58377747415205,0.2642269506074302,1.0,0.5996740902982598,potato,0.5996740902982598
890,413.8626,-12.111877589745454,-8.831008371748664,Rural_Akatsi,11.163341,1891.8,-5.8,33.7,13.95,0.67,Silt,6.5958508195544345,0.0600755162431066,2.5,1.2578485184573505,banana,0.5031394073829402
891,721.5092,-4.420659238789948,-0.4208931255010755,Rural_Kilimani,6.346943,1261.8,-3.6,28.5,12.45,0.61,Volcanic,4.62542374250186,0.7503792139520827,4.2,2.115430374601883,tea,0.5036738987147341
892,823.2931,-5.254212487136034,-5.997605859756306,Rural_Kilimani,9.209545,598.1,-3.3,28.7,12.7,0.57,Sandy,5.142679048949877,0.3103021840498628,2.2,1.3451570451297397,potato,0.611435020513518
893,470.88922,-5.29025803301046,0.4169651689831513,Rural_Kilimani,2.2548587,1069.6,-6.0,32.4,13.2,0.58,Loamy,5.763752865723852,0.765922969263377,11.9,5.280087034263019,wheat,0.4437047927952117
894,736.6279,-4.276477055292247,-0.5244992586899853,Rural_Kilimani,9.8504715,1269.8,-3.5,29.0,12.75,0.62,Volcanic,4.912133849925267,0.7408702621293075,4.4,2.2316343949763238,tea,0.5071896352218918
895,306.45764,-11.755927824235505,-5.7273289905678455,Rural_Hawassa,24.287903,1741.1,-6.7,31.6,12.45,0.7,Silt,5.669405773504711,0.0042961633172904,1.6,0.9276518381271773,rice,0.5797823988294858
896,705.11145,-10.160912419292185,-1.0200068522021624,Rural_Sokoto,7.252278,2069.1,-3.0,29.4,13.2,0.67,Volcanic,4.795794179970657,0.1982864994296706,3.1,2.445260784909305,tea,0.7887938015836466
897,752.66833,-2.902240618829781,-0.929914562472676,Rural_Kilimani,16.327837,1306.5,-3.3,31.1,13.9,0.64,Volcanic,4.218828354192561,0.2943248535293953,1.0,0.6169927951468452,tea,0.6169927951468452
898,681.0556,-2.433648522462251,-3.0200556841967687,Rural_Kilimani,6.9073224,812.5,-4.4,29.9,12.75,0.57,Sandy,5.032364062734406,0.284314191825162,3.4,1.8698462086277636,potato,0.5499547672434599
899,466.17514,-14.671111346829653,-7.1507871682937365,Rural_Hawassa,5.5841584,1303.4,-5.9,30.1,12.1,0.61,Peaty,5.357355058726626,4.2197786329327367e-10,3.5,1.4461038212529687,wheat,0.41317252035799107
900,713.0896,-5.668736264691926,-2.078591256523632,Rural_Hawassa,22.538147,974.5,-3.9,30.2,13.15,0.64,Sandy,5.959488758468396,0.7134571425714293,0.8,0.17491027329588713,coffee,0.21863784161985889
901,590.4634,-8.394680671445341,-5.610209013919513,Rural_Hawassa,4.7382836,1122.3,-4.9,32.6,13.85,0.59,Loamy,5.443479182050498,0.2435051339677376,2.8,1.7290511785191744,cassava,0.6175182780425623
902,476.2977,-7.475519251647495,-1.5380375181467112,Rural_Sokoto,19.120518,1114.8,-6.0,33.3,13.65,0.64,Loamy,5.3112646429757016,0.5605488763521713,1.4,0.6147181042321843,wheat,0.43908436016584595
903,804.3073,-4.866722868985962,-4.853433780191824,Rural_Kilimani,11.981318,583.2,-3.5,29.9,13.2,0.57,Sandy,6.051473058761112,0.2769987270276005,2.0,1.1791132090211645,potato,0.5895566045105822
904,782.4242,-5.790389982018111,-7.416559422995722,Rural_Amanzi,3.896171,736.9,-3.5,33.0,14.75,0.56,Sandy,4.948484225269905,0.4545962237886459,14.8,5.784987375288918,wheat,0.3908775253573593
905,609.498,-9.097568815996636,-5.326418301271629,Rural_Hawassa,1.405751,1395.8,-4.5,31.3,13.4,0.6,Peaty,5.419586358211655,0.0500225170733399,10.8,5.034791280425336,cassava,0.4661843778171607
906,422.5767,-1.0278722333596626,-4.871452238137722,Rural_Kilimani,16.360176,243.7,-7.2,33.1,12.95,0.56,Loamy,6.014783874907579,0.0234716982488202,1.3,0.8456739012930126,wheat,0.6505183856100096
907,976.4878,-3.7988735724561113,-2.2948127518744004,Rural_Kilimani,4.3551097,1207.6,-1.3000000000000007,27.3,13.0,0.6,Volcanic,5.27558034821624,0.4397958354417431,4.3,2.131874836139834,tea,0.4957848456139149
908,799.8313,-4.271971362057943,-1.601102120957352,Rural_Kilimani,1.9207828,1147.3,-3.0,31.1,14.05,0.58,Sandy,6.677203060551678,0.7036806942093495,5.2,2.298931769659587,cassava,0.44210226339607434
909,590.0427,-6.9123075973596,-2.245261992523182,Rural_Hawassa,18.173222,996.3,-5.0,30.4,12.7,0.62,Loamy,5.087243633573095,0.5893812298530176,1.6,0.8858952941175917,cassava,0.5536845588234948
910,739.3091,-10.29608321632128,-0.7632438264731254,Rural_Sokoto,0.5664721,2151.6,-2.6,32.7,15.05,0.66,Volcanic,4.779893207971547,0.2763769211997077,11.2,8.221219098728588,tea,0.7340374195293382
911,664.23553,-7.790917778048717,-4.065126245058815,Rural_Hawassa,20.83319,1052.0,-4.3,32.1,13.9,0.64,Sandy,4.89917788530394,0.0572362967459995,2.0,1.1758847421175669,tea,0.5879423710587834
912,476.886,-9.931122064342722,-4.321889270787852,Rural_Hawassa,13.027219,1558.4,-5.5,31.2,12.85,0.65,Silt,6.4590777812843205,0.0405498928115419,1.8,0.9926511267433267,wheat,0.551472848190737
913,614.2697,-5.885009539938478,-4.128190847869456,Rural_Hawassa,5.397086,526.6,-5.4,30.1,12.35,0.55,Loamy,6.364244739461577,0.204594673279062,3.3,1.9717515498183562,potato,0.5975004696419262
914,669.2102,-3.659197082192712,-6.574196514025021,Rural_Kilimani,16.960773,422.3,-4.8,28.8,12.0,0.58,Sandy,5.310872817708512,0.1951610669925585,1.4,0.8279814211454066,potato,0.5914153008181476
915,628.8056,-5.578622400005862,-7.9075624020214255,Rural_Amanzi,16.238022,616.9,-5.0,31.2,13.1,0.59,Loamy,4.6077746965957065,0.337366460520897,0.5,0.29189389892364304,potato,0.5837877978472861
916,703.14374,-9.620229231175802,-1.6956990251733133,Rural_Sokoto,1.439419,1897.9,-3.2,30.5,13.65,0.64,Volcanic,5.932919251407839,0.1730572213987334,10.9,6.83376877638081,coffee,0.6269512638881477
917,354.73767,-14.38274697983425,-7.547193243103478,Rural_Hawassa,0.6391969,1299.2,-6.9,32.3,12.7,0.59,Peaty,4.392168607071508,2.4510631145442726e-09,14.3,5.329767637297366,wheat,0.3727110235872284
918,564.64014,-2.005607665203451,-4.285852354896058,Rural_Kilimani,4.97752,461.8,-5.8,30.9,12.55,0.54,Loamy,6.1098321053043945,0.0775232944936842,4.8,3.0258839335259755,potato,0.6303924861512449
919,422.44864,-0.4060865670258256,-4.168732378247725,Rural_Kilimani,7.418287,355.4,-7.1,31.6,12.25,0.54,Loamy,6.008282908230616,0.003524240453993,4.3,2.863135921676579,wheat,0.6658455631805997
920,819.33386,-3.420395340774645,-2.177692775226067,Rural_Kilimani,20.200562,1102.8,-2.7,27.5,12.4,0.64,Sandy,6.052702459686443,0.4387657694145114,1.9,0.6252364091758952,coffee,0.32907179430310274
921,690.55237,-4.9343082675005085,-7.619267074887067,Rural_Amanzi,38.479637,577.7,-4.5,30.6,13.05,0.66,Sandy,4.811326534414234,0.4284769173799164,0.8,0.42127385681526786,potato,0.5265923210190848
922,751.73175,-4.371096613212613,-0.6776561512301129,Rural_Kilimani,1.1935976,1258.8,-3.3,30.2,13.45,0.59,Volcanic,4.491862691357352,0.7844053542439169,13.1,4.656215712500723,cassava,0.3554363139313529
923,741.8317,-9.615723537941498,-9.27246059142315,Rural_Akatsi,25.06267,1958.4,-2.8,30.0,13.6,0.72,Volcanic,4.3701952029702005,0.2456786711389459,1.7,1.3051698040277087,tea,0.7677469435457109
924,467.87674,-0.5592801369921343,-4.5471199951115695,Rural_Kilimani,26.987854,334.4,-6.7,29.7,11.5,0.6,Loamy,4.530047488034983,0.0053968164584356,1.6,0.8842876122545773,wheat,0.5526797576591108
925,679.49023,-5.839952607595446,-7.466110182346941,Rural_Amanzi,25.686773,640.2,-4.6,30.8,13.1,0.62,Sandy,5.172173289582887,0.4561428342976338,1.7,0.6517421733993217,maize,0.38337774905842453
926,748.3107,-3.66820846866132,-1.4794775298225449,Rural_Kilimani,2.9669242,1148.4,-3.5,31.7,14.1,0.59,Sandy,6.444211113901205,0.5739399036857109,5.6,2.4521951150456527,wheat,0.43789198482958086
927,714.98804,-8.146867543558667,-2.7993295743595263,Rural_Hawassa,12.610144,1362.3,-3.6,30.4,13.4,0.63,Volcanic,5.369133436651329,0.1013346944534955,1.9,1.3771463569433666,tea,0.7248138720754561
928,837.4995,-7.754872232174292,-0.3983700530687037,Rural_Sokoto,31.534153,1698.6,-2.1,29.9,13.9,0.72,Volcanic,4.340039023664132,0.3384402169980349,1.4,0.947866678440082,tea,0.6770476274572015
929,335.78644,-14.279116035445275,-7.52917478515758,Rural_Hawassa,1.6804436,1318.1,-7.0,34.7,13.85,0.6,Peaty,5.2432569088974255,4.936259297210126e-09,11.4,4.732441256371998,banana,0.4151264259975437
930,757.4128,-9.881559438765386,-0.6145915484194722,Rural_Sokoto,8.116094,2093.5,-2.5,30.6,14.05,0.68,Volcanic,5.171461520480109,0.2668632567558258,4.2,2.2979723450938665,coffee,0.5471362726413967
931,874.7771,-1.1630430303887582,-1.871378990145812,Rural_Kilimani,4.4128027,1390.0,-2.1,29.8,13.85,0.61,Volcanic,5.140958478775774,0.0377705611180187,3.8,2.5177152711620705,tea,0.662556650305808
932,653.6363,-2.073193063717998,-3.929987810464585,Rural_Kilimani,14.83072,614.2,-4.8,33.7,14.45,0.58,Sandy,5.685027724373309,0.1076451146949966,0.8,0.5002124388635664,potato,0.6252655485794579
933,471.51453,-9.183176987448396,-6.204818126134126,Rural_Hawassa,6.994266,1297.6,-5.8,34.1,14.15,0.61,Peaty,4.339944231198324,0.0751009691557119,4.4,1.6708062788783171,cassava,0.37972869974507206
934,695.37177,-2.58684209242856,-6.317433488295984,Rural_Kilimani,7.7662306,438.5,-4.6,31.5,13.45,0.55,Sandy,6.437051926467269,0.3296867383270618,4.9,2.4159775022907137,maize,0.4930566331205538
935,876.34204,-8.345118045868006,-8.047205451102128,Rural_Akatsi,18.662464,1583.2,-1.9000000000000004,28.3,13.2,0.67,Volcanic,3.7216114943617695,0.0905664751819675,0.5,0.284359448428989,tea,0.568718896857978
936,732.7393,-2.2669378727930347,-7.335476362239185,Rural_Kilimani,20.245102,545.6,-4.1,30.9,13.4,0.6,Sandy,5.762475473903269,0.0954517626626697,1.4,0.8798843816524204,potato,0.6284888440374432
937,866.433,-4.866722868985962,-4.195760065166571,Rural_Kilimani,6.9636593,716.4,-2.8,29.4,13.3,0.57,Rocky,4.703004417947207,0.226698665700171,2.5,1.226201128417732,wheat,0.49048045136709284
938,921.0516,-1.9560450396261155,-8.27694078991232,Rural_Kilimani,2.7903278,849.2,-2.2,27.7,12.75,0.56,Rocky,5.171336974726367,0.009599154930081,5.8,2.732639727982394,tea,0.4711447806866197
939,493.7445,-7.092535326731726,-1.4569544573901732,Rural_Sokoto,9.023989,1061.6,-5.8,32.0,13.1,0.6,Loamy,4.9899956743561065,0.7061200061023836,4.6,2.321493251077841,cassava,0.5046724458864872
940,805.2126,-9.187682680682698,-2.3488681257120927,Rural_Hawassa,1.9512837,1824.9,-2.3,29.9,13.8,0.64,Volcanic,4.6889268800142805,0.0395805264360414,8.0,6.578895765134823,tea,0.8223619706418529
941,410.19925,-11.769444903938414,-9.12831292785597,Rural_Akatsi,2.6778994,1900.4,-5.9,32.7,13.400000000000002,0.64,Silt,5.708633676626888,0.0456066833615884,6.5,3.5115129452719387,banana,0.5402327608110675
942,762.44324,-10.377185694538737,-0.3217916067986401,Rural_Sokoto,14.00243,2201.5,-2.4000000000000004,30.6,14.1,0.7,Volcanic,3.978294624382692,0.3707504423469429,1.8,1.0489049567412487,tea,0.5827249759673604
943,713.74615,-14.549457629503468,-6.051661233593999,Rural_Hawassa,14.432365,1604.0,-3.4000000000000004,27.7,12.15,0.66,Volcanic,5.14791133141575,7.575034690946127e-09,0.7,0.5549495041940514,tea,0.792785005991502
944,665.9989,-7.304302908743975,-4.700276887651697,Rural_Hawassa,8.195986,855.4,-4.5,35.0,15.25,0.58,Sandy,5.6372210436672665,0.1285171347899842,3.0,1.4660001661645532,wheat,0.48866672205485107
945,696.01654,-8.56139132111456,-0.2362039315556277,Rural_Sokoto,5.8343353,1748.3,-3.4000000000000004,30.4,13.5,0.64,Volcanic,4.924488158560441,0.12405556013715,4.7,3.9623291634819147,tea,0.8430487581876414
946,274.3246,-12.904879598982811,-7.63278091834649,Rural_Hawassa,9.946605,1638.2,-7.3,35.3,13.999999999999998,0.65,Silt,6.908165160012045,0.0012186137375663,3.2,1.575312007189116,wheat,0.4922850022465987
947,125.5408,-12.165945908557092,-6.686811876186879,Rural_Hawassa,23.658562,1547.2,-8.7,35.0,13.15,0.68,Silt,5.758940751784765,0.00056223246282,0.8,0.35278183869477575,banana,0.44097729836846966
948,694.1493,-8.245992794713338,-6.457076537376689,Rural_Akatsi,12.539446,1198.2,-4.0,28.0,12.0,0.62,Sandy,5.993380137271073,0.2199473030637664,1.8,0.7917950786012495,coffee,0.4398861547784719
949,499.39627,-7.5521160366306495,-1.5515513616061345,Rural_Sokoto,10.811868,1155.0,-5.7,32.8,13.55,0.61,Loamy,5.528103795704827,0.525574421363979,2.3,1.0836452482392203,wheat,0.4711501079300958
950,673.1796,-7.926088575077812,-6.439058079430791,Rural_Akatsi,1.7684114,1073.4,-4.2,30.4,13.1,0.58,Sandy,5.445473980120766,0.295498063781886,8.4,4.666437735427587,cassava,0.5555283018366175
951,781.3368,-5.776872902315201,-4.709286116624646,Rural_Hawassa,30.806635,642.9,-3.6,29.6,13.0,0.64,Sandy,6.315003498798644,0.2532326785459493,1.8,1.0292463734398654,maize,0.5718035407999252
952,834.3236,-3.623151536318288,-1.2497421910123536,Rural_Kilimani,12.242685,1285.8,-2.5,29.7,13.6,0.63,Volcanic,3.969146433391893,0.5773077554426927,1.6,0.6606865297603675,tea,0.41292908110022963
953,570.90906,-9.967167610217146,-4.9660491423536826,Rural_Hawassa,3.270887,1650.5,-4.6,33.8,14.599999999999998,0.63,Silt,6.0614756480280265,0.0397100790342636,13.0,6.196731420262567,coffee,0.47667164771250514
954,500.17075,-0.8386331175189294,-4.448018476409134,Rural_Kilimani,13.590056,389.1,-6.4,32.3,12.95,0.56,Loamy,5.841646668552576,0.0101865777221544,1.1,0.7132260059847386,potato,0.6483872781679442
955,798.707,-1.8614254817057496,-6.466085766349637,Rural_Kilimani,28.177809,558.2,-3.5,31.5,14.0,0.62,Sandy,6.028128275945928,0.256682954763181,0.7,0.4136512854737831,potato,0.5909304078196902
956,733.9847,-2.8932292323611737,-2.754283429494783,Rural_Kilimani,5.104839,899.7,-3.8,32.8,14.499999999999998,0.58,Sandy,5.3902427125471615,0.3782148897605597,3.8,2.0777079827341254,cassava,0.5467652586142435
957,555.8948,-5.407406057102342,0.6737281947121887,Rural_Kilimani,5.368562,1179.2,-5.1,33.5,14.2,0.6,Loamy,5.28451383404758,0.6969800554299628,2.8,1.4960761968728067,cassava,0.5343129274545738
958,655.2659,-14.504400697160436,-6.132744294350537,Rural_Hawassa,8.919576,1561.9,-4.0,27.2,11.6,0.64,Volcanic,4.894749887205784,6.838030417139439e-09,3.2,1.3568649814867815,cassava,0.4240203067146192
959,391.82385,-10.332128762195705,-5.515612109703552,Rural_Hawassa,5.053735,1565.8,-6.3,32.2,12.95,0.63,Silt,6.205471455548741,0.180000626744463,4.0,2.0245176518017107,wheat,0.5061294129504277
960,638.7095,-5.709287503800654,-1.9524620509023505,Rural_Hawassa,9.157933,924.6,-4.7,30.2,12.75,0.59,Sandy,5.254917953340734,0.7735074457272656,2.3,1.0895233520716363,cassava,0.47370580524853756
961,530.96063,-14.035808600792906,-6.529150369160278,Rural_Hawassa,9.181462,1608.1,-5.0,32.1,13.55,0.64,Silt,6.314749376644546,2.1552795930571736e-08,3.3,1.6030204659820173,banana,0.4857637775703083
962,836.43225,-5.285752339776156,-4.758836875975863,Rural_Kilimani,3.262273,646.4,-3.1,28.7,12.8,0.55,Sandy,5.564147226165162,0.2749772279849681,11.0,6.933088252578734,potato,0.6302807502344303
963,711.0991,-7.700803913362654,-4.294861583869007,Rural_Hawassa,12.607707,1052.8,-3.9,29.9,13.0,0.61,Sandy,5.860684500392444,0.070061500460998,0.8,0.40642305112750066,wheat,0.5080288139093758
964,838.5575,-3.379844101665917,-2.664191139765296,Rural_Kilimani,6.4690995,1002.9,-2.8,28.7,12.95,0.59,Rocky,5.046131326539017,0.3996557524886776,3.0,1.3321486000442009,tea,0.44404953334806696
965,649.1997,-5.749838742909383,-7.056190264077775,Rural_Amanzi,9.146694,561.0,-4.8,27.2,11.2,0.56,Sandy,5.901061662534788,0.4113075233852018,4.7,2.302320077663288,wheat,0.48985533567304
966,487.33713,-9.570666605598468,-7.533679399644055,Rural_Akatsi,7.276741,1523.5,-5.5,34.5,14.5,0.63,Silt,7.118867151504032,0.056777361293747,2.4,0.860945625077516,banana,0.35872734378229837
967,256.4101,-11.386460979022644,-8.281445404398795,Rural_Akatsi,4.0954003,1701.1,-7.4,33.8,13.2,0.63,Silt,5.9838579350269,0.3014812562726845,9.9,5.189208386575889,rice,0.5241624632904939
968,677.7419,-7.642229901316712,-3.434480216952408,Rural_Hawassa,0.5893351,1088.8,-4.2,31.3,13.55,0.58,Sandy,5.693150872125737,0.0854019679511451,12.3,5.838829580698968,wheat,0.4747015919267453
969,734.6617,-7.570138809567862,-7.385027121590402,Rural_Akatsi,11.693318,1105.8,-3.6,32.9,14.65,0.61,Sandy,6.206939353744619,0.0834693978343955,2.3,1.3073498537119803,cassava,0.5684129798747741
970,888.7425,-1.356787839463795,-1.7857913149027995,Rural_Kilimani,4.814468,1409.7,-1.9000000000000004,27.1,12.6,0.61,Volcanic,5.5799012385074445,0.0526679692592877,3.4,2.148657141796292,tea,0.6319579828812624
971,472.0755,-9.025477724247786,-6.2093227406206,Rural_Hawassa,3.170575,1246.5,-5.9,34.5,14.3,0.6,Peaty,5.581918906726502,0.0744843163566764,10.2,5.087058756402917,cassava,0.498731250627737
972,723.325,-4.970353813374935,-5.389482904082271,Rural_Kilimani,7.786263,474.6,-4.3,30.3,13.0,0.55,Sandy,6.256145651960908,0.3044527586751862,2.6,1.3240469017771586,maize,0.5092488083758302
973,432.0357,-9.791445574079322,-4.439009247436185,Rural_Hawassa,8.204172,1464.4,-6.0,30.2,12.1,0.63,Silt,7.482802464532021,0.0198002965904758,3.0,1.3774343279467036,wheat,0.4591447759822346
974,674.5443,-7.714320993065563,1.2142819330891093,Rural_Sokoto,21.068514,1618.1,-3.5,31.3,13.9,0.68,Volcanic,4.642112762453137,0.1461116009014874,1.2,0.9607762989526263,tea,0.8006469157938553
975,1027.094,-4.344062453806794,-4.110172389923559,Rural_Kilimani,9.510858,894.3,-1.1999999999999993,26.8,12.8,0.59,Rocky,5.189516719910371,0.2138703060406489,5.0,2.0852452790864398,tea,0.4170490558172879
976,825.03015,-10.764675312688809,-0.2992685343662684,Rural_Sokoto,29.318829,2319.1,-1.6999999999999993,29.4,13.85,0.76,Volcanic,5.6006541523583815,0.3585799769685502,1.8,1.0996128766768773,coffee,0.6108960425982651
977,706.86163,-5.511037001491314,-4.10116316095061,Rural_Kilimani,18.123066,598.4,-4.3,31.2,13.45,0.59,Sandy,6.472209100275334,0.2150325388181061,1.2,0.7181524284529709,wheat,0.5984603570441425
978,494.7864,-7.020444234982875,-1.7137174831192106,Rural_Sokoto,9.032377,1006.7,-5.9,33.7,13.900000000000002,0.6,Loamy,5.490278765056702,0.7166499388861963,2.6,1.4798730680897745,cassava,0.5691819492652979
979,726.74744,-8.894812620452992,-5.1417291073261815,Rural_Hawassa,18.88347,1447.2,-3.4000000000000004,30.8,13.7,0.66,Volcanic,5.1588160633289855,0.1039290619433687,0.6,0.44533552024372275,tea,0.7422258670728713
980,651.6373,-5.596645172943076,0.5521036035773814,Rural_Sokoto,31.00679,1275.8,-4.2,32.3,14.05,0.68,Volcanic,5.62830946848812,0.7854895669415003,1.6,0.7074968529196891,cassava,0.4421855330748057
981,691.1673,-1.6541635929278034,-3.0470833711156144,Rural_Kilimani,15.921266,864.8,-4.2,30.7,13.25,0.61,Sandy,4.966332685865815,0.1131406280780412,1.0,0.5124263414151728,cassava,0.5124263414151728
982,261.3731,-11.742410744532595,-6.848977997699955,Rural_Hawassa,15.621426,1656.1,-7.7,34.3,13.3,0.67,Silt,7.150005906197211,0.004428655139626,1.9,0.6309248760332432,banana,0.3320657242280228
983,742.5184,-4.402636465852735,-1.880388219118761,Rural_Kilimani,5.702944,1025.0,-3.6,30.8,13.6,0.59,Sandy,5.909295693961153,0.623598041147287,4.0,1.0337676054400151,coffee,0.2584419013600038
984,599.3816,-2.176824008106971,-4.393963102571441,Rural_Kilimani,3.1103456,475.2,-5.4,31.0,12.8,0.54,Loamy,4.864362000427636,0.0903012591510222,10.2,6.040529664754998,wheat,0.5922087906622547
985,638.5913,-8.81821583546984,-3.3804248431147155,Rural_Hawassa,2.6767077,1430.4,-4.2,29.4,12.6,0.61,Volcanic,4.990708484951458,0.0137206945071766,14.3,11.258814965906996,tea,0.7873297178955941
986,536.81036,-5.619173639114591,0.038577552119307,Rural_Sokoto,5.6713853,1119.8,-5.4,32.3,13.45,0.59,Loamy,5.602991002940734,0.9359785263063644,3.6,1.2757933153038674,banana,0.3543870320288521
987,726.8706,-10.278060443384064,0.2187621315782804,Rural_Sokoto,3.2434258,2167.6,-2.7,32.8,15.05,0.67,Volcanic,5.387314278636261,0.3660468061553187,13.4,7.087036908648571,banana,0.5288833513916844
988,626.0168,-8.056753678872603,-2.173188160739593,Rural_Sokoto,34.018604,1286.2,-4.8,29.6,12.4,0.69,Silt,6.020000749943709,0.2334597943383482,1.5,0.6041307236294451,coffee,0.40275381575296343
989,763.20667,-1.8434027087685363,-8.434602296938921,Rural_Kilimani,8.2986965,703.6,-3.7,29.6,12.95,0.57,Sandy,5.431263642663019,0.0061325163027261,2.3,1.486146784561767,potato,0.6461507758964206
990,834.1129,-4.136800565028848,-4.844424551218876,Rural_Kilimani,13.374328,611.4,-3.2,29.4,13.1,0.58,Sandy,4.58669218661638,0.2313973452567447,0.6,0.2799697687592652,tea,0.4666162812654421
991,719.08636,-8.06576506534121,-3.911969352518688,Rural_Hawassa,9.353434,1212.9,-3.7,32.4,14.35,0.61,Volcanic,4.201794023206509,0.0399723700130201,3.2,1.33066786184828,cassava,0.41583370682758747
992,883.5786,-4.25394858912073,-4.5471199951115695,Rural_Kilimani,26.633186,690.4,-2.6,25.6,11.5,0.63,Sandy,5.493461570835978,0.2270250074496914,1.3,0.8313547687340074,potato,0.6395036682569287
993,769.23566,-2.7220128894576536,-7.5742209300223236,Rural_Kilimani,41.051956,612.2,-3.8,29.2,12.7,0.67,Sandy,6.052737369280218,0.0658339078786992,2.0,1.2286344872055674,potato,0.6143172436027837
994,865.5483,-2.1047329163581203,-8.50667612872251,Rural_Kilimani,8.022435,827.2,-2.7,28.8,13.05,0.58,Rocky,4.657757814860585,0.007415262006697,4.4,1.9029953327654998,cassava,0.4324989392648863
995,760.52026,-3.618645843083984,-0.9254099479862016,Rural_Kilimani,9.506514,1267.8,-3.2,29.2,13.0,0.62,Volcanic,5.338249090942009,0.5742796303919222,4.2,1.518002659952639,wheat,0.36142920475062834
996,492.94025,-9.656274777050228,-2.763292658467732,Rural_Hawassa,14.857782,1593.8,-5.4,31.7,13.15,0.66,Silt,5.214685774926455,0.0206639032041186,1.4,0.9037716259507353,rice,0.6455511613933824
997,715.51373,-4.80814885694002,-7.53818401413053,Rural_Kilimani,19.539618,585.3,-4.3,29.6,12.65,0.6,Sandy,5.183665033246269,0.4196263550865707,1.6,0.9229727359124891,potato,0.5768579599453056
998,230.98521,-12.09385481680824,-6.051661233593999,Rural_Hawassa,10.686312,1650.9,-7.7,33.2,12.750000000000002,0.65,Silt,6.431396109735018,0.0007309073700574,4.7,2.41276808503583,wheat,0.5133549117097511
999,759.42645,-5.443451602976767,-4.605679983435736,Rural_Kilimani,12.566917,591.9,-3.9,29.8,12.95,0.58,Sandy,4.999029248580001,0.2594400195554843,0.6,0.27574481939734824,wheat,0.4595746989955804
1000,593.0883,-7.042972701154392,-2.790320345386577,Rural_Hawassa,5.07274,929.6,-5.1,32.1,13.5,0.58,Loamy,5.401334050669594,0.3314390030130343,3.5,2.1634975452462637,potato,0.6181421557846467
1001,835.1417,-10.048270088434602,0.1737159867135371,Rural_Sokoto,0.7500399,2241.7,-1.6999999999999993,31.8,15.05,0.66,Volcanic,5.811980213278841,0.3657444630751185,11.2,7.358088640792174,coffee,0.6569722000707299
1002,828.5434,-2.969826017344328,-8.123783897372192,Rural_Kilimani,5.871571,747.5,-3.1,31.8,14.35,0.57,Sandy,5.413537789022828,0.0316248853006949,4.9,2.458182928822302,maize,0.5016699854739392
1003,711.1138,-5.479497148851193,-0.8668499596620352,Rural_Kilimani,13.836191,1182.1,-3.8,27.5,11.85,0.62,Sandy,5.393200168387157,0.907649542789053,0.7,0.17485743338015647,wheat,0.24979633340022353
1004,666.0735,-8.637988106097712,-3.844400135221573,Rural_Hawassa,9.360626,1356.8,-4.0,32.1,14.05,0.62,Volcanic,4.165406414730064,0.0173214664922116,4.0,1.4296450265156326,cassava,0.35741125662890816
1005,446.23602,-10.048270088434602,-4.61018459792221,Rural_Hawassa,12.699543,1551.8,-5.8,32.3,13.249999999999998,0.65,Silt,6.179959973088702,0.0381151752849303,1.9,0.9414658669152994,coffee,0.49550835100805235
1006,777.48486,-4.105260712388727,-0.8758591886349836,Rural_Kilimani,10.161062,1266.8,-3.1,29.5,13.2,0.62,Volcanic,5.499994673345283,0.7457795870292914,2.1,0.6220468357897532,coffee,0.2962127789475015
1007,613.42456,-7.09704101996603,-2.839871104737795,Rural_Hawassa,3.2137005,970.0,-4.8,28.8,12.0,0.58,Loamy,4.955258079001482,0.304689329866176,14.4,8.20539680156097,cassava,0.569819222330623
1008,691.81836,-4.497256023773103,-7.943599317913219,Rural_Amanzi,4.233501,604.2,-4.5,33.6,14.55,0.55,Sandy,5.184129219859111,0.2772407421541994,3.4,2.0362075421462458,potato,0.5988845712194841
1009,816.0275,-3.9520671424224174,-1.5380375181467112,Rural_Kilimani,2.8557851,1192.3,-2.8,31.1,14.15,0.59,Sandy,5.467911279743567,0.6488016131813032,8.5,4.434981607551599,cassava,0.521762542064894
1010,842.5612,-8.106316304449939,-0.920905333499727,Rural_Sokoto,2.562729,1731.6,-2.1,30.2,14.05,0.63,Volcanic,4.786289176066734,0.2352498274876482,13.1,9.815126436239009,tea,0.7492462928426724
1011,732.83795,-10.084315634309029,0.4304790124425743,Rural_Sokoto,11.387629,2148.1,-2.7,29.5,13.4,0.69,Volcanic,4.443402484238852,0.3193203501369677,3.2,2.252788434913143,tea,0.7039963859103572
1012,719.40186,-4.627921127567893,-7.808460883318991,Rural_Amanzi,16.880136,618.3,-4.2,31.1,13.45,0.59,Sandy,4.660362462027399,0.3408434951385992,1.5,0.7911573919139305,potato,0.5274382612759537
1013,795.47925,-7.322325681681187,-7.069704107537199,Rural_Akatsi,6.9691105,1059.1,-3.1,31.0,13.95,0.59,Sandy,6.5022754024099205,0.1512265329692705,2.4,1.235705657002385,maize,0.5148773570843271
1014,616.93744,-7.588161582505075,-1.3578529386877378,Rural_Sokoto,3.8189285,1314.5,-4.5,29.8,12.65,0.6,Peaty,5.743048093770975,0.5000031922632627,13.6,4.562377927039546,coffee,0.33546896522349606
1015,515.0593,-8.786675982829717,-6.664288803754508,Rural_Akatsi,1.826479,1226.0,-5.5,32.6,13.55,0.59,Peaty,4.849391729100315,0.0710118041925131,14.7,6.166733572532703,cassava,0.4195056852063063
1016,541.99274,-8.615459639926197,-6.758885707970468,Rural_Akatsi,0.6020676,1201.5,-5.3,30.9,12.8,0.58,Loamy,5.853932638302648,0.0863335440365776,8.4,5.167129260274757,wheat,0.6151344357469949
1017,781.23645,-0.9873209942509344,-1.6326344223626723,Rural_Kilimani,3.7576096,1367.9,-3.0,30.5,13.75,0.61,Volcanic,4.891464397778748,0.0235108791135219,5.9,4.159932533847114,tea,0.7050733108215447
1018,329.41772,-10.291577523086977,-3.704757086140868,Rural_Hawassa,21.71892,1531.5,-6.9,32.6,12.85,0.68,Silt,6.514942389355764,0.135928257876021,1.8,0.6966927900944719,banana,0.3870515500524844
1019,633.21436,-8.381163591742432,1.1917588606567375,Rural_Sokoto,7.6028953,1701.7,-4.0,32.0,14.0,0.64,Silt,6.313645017005941,0.0598693408284558,4.7,2.2031251945708226,coffee,0.4687500413980474
1020,470.78116,-11.52613746928604,-9.12831292785597,Rural_Akatsi,7.932492,1965.7,-5.2,33.0,13.9,0.66,Silt,7.146871798293979,0.0561579334799447,4.3,2.0683309044742972,banana,0.4810071870870459
1021,725.2333,-2.6364047180058936,-7.416559422995722,Rural_Kilimani,30.792002,548.5,-4.2,28.4,12.1,0.63,Sandy,6.117989991895674,0.0865804702454585,1.4,0.8263169459159839,potato,0.5902263899399885
1022,624.9178,-1.4829472500242833,-3.925483195978111,Rural_Kilimani,7.6158905,608.1,-5.1,31.0,12.95,0.56,Loamy,6.101543419301306,0.0457690157821163,4.8,3.5495909096616205,wheat,0.7394981061795043
1023,306.752,-11.967695406247753,-8.281445404398795,Rural_Akatsi,0.36253098,1771.3,-6.9,30.9,12.0,0.63,Silt,7.255319116751551,0.1838137706689444,14.4,4.968724928025439,banana,0.3450503422239888
1024,755.1959,-2.969826017344328,-1.348843709714789,Rural_Kilimani,1.7154863,1224.9,-3.3,28.9,12.8,0.59,Volcanic,4.6140719399854975,0.3356245399483424,13.0,5.512305851199647,cassava,0.4240235270153575
1025,896.44165,-8.146867543558667,-0.6911699946895358,Rural_Sokoto,33.181587,1822.5,-1.5,32.9,15.7,0.73,Volcanic,5.597898639795372,0.2093086644026829,0.7,0.5153440101534665,tea,0.7362057287906665
1026,825.62463,-4.9343082675005085,-4.411981560517339,Rural_Kilimani,14.164527,649.5,-3.2,31.1,13.95,0.59,Sandy,6.20394040440349,0.2448475996791298,0.6,0.3439971937958896,potato,0.5733286563264827
1027,750.4785,-6.056225882841998,-5.884990497594448,Rural_Amanzi,2.596182,622.5,-3.9,28.4,12.25,0.55,Sandy,5.9359106663234975,0.2673809458489147,14.5,8.629844594562039,potato,0.5951616961766923
1028,633.214,-8.885801233984386,-7.123759481374891,Rural_Akatsi,15.591724,1417.7,-4.3,27.7,11.7,0.65,Silt,6.832835560865299,0.040982148549032,1.9,0.781474426495185,banana,0.4113023297343079
1029,862.4117,-1.9470336531575096,-1.2497421910123536,Rural_Kilimani,3.975769,1448.1,-2.1,28.5,13.2,0.61,Volcanic,5.888176526155316,0.101073543268913,10.7,5.616640894669676,coffee,0.5249197097822128
1030,254.92264,-12.76069741548511,-6.41653500699842,Rural_Hawassa,22.891245,1630.6,-7.5,34.3,13.4,0.69,Silt,6.447958261412786,7.843208184787139e-06,0.9,0.36880039300179385,banana,0.4097782144464376
1031,786.41766,-7.024949928217179,-8.074233138020976,Rural_Amanzi,8.835614,1094.1,-3.2,31.2,14.0,0.6,Sandy,5.341365847603932,0.1197723060985911,3.4,1.9725856764256293,cassava,0.5801722577722439
1032,564.2259,-1.577566807944649,-4.452523090895608,Rural_Kilimani,8.504943,447.5,-5.8,32.1,13.15,0.55,Loamy,6.421085273628758,0.0432150942004453,2.3,1.3620299804836187,potato,0.592186948036356
1033,861.1408,-1.172054416857364,-2.695723441170617,Rural_Kilimani,3.7562792,1158.8,-2.4000000000000004,30.1,13.85,0.59,Rocky,4.596158314774813,0.048590400730331,10.2,5.033385074057209,tea,0.49346912490756956
1034,544.18744,-9.822985426719445,-9.601297448935776,Rural_Akatsi,16.959593,1831.9,-4.7,29.9,12.6,0.68,Silt,6.528754100250327,0.1549026333302391,1.7,0.896830438082745,wheat,0.5275473165192618
1035,428.41537,-10.386197081007342,-7.457100953373991,Rural_Akatsi,4.877774,1684.4,-5.9,30.8,12.45,0.63,Silt,7.118908687174625,0.0286761010029825,4.3,1.6385492457963362,banana,0.38105796413868287
1036,719.4595,-7.286280135806762,-4.326393885274327,Rural_Hawassa,13.02529,932.8,-3.9,30.7,13.4,0.6,Sandy,4.595729556056446,0.1020332351922864,1.8,0.9204404230426761,potato,0.5113557905792645
1037,843.2081,-1.3748106124010064,-2.15967431728017,Rural_Kilimani,2.3534052,1265.9,-2.5,28.0,12.75,0.59,Volcanic,4.123410618525457,0.065487827470238,7.7,4.473785385267373,tea,0.5810110889957627
1038,332.8595,-12.801248654593838,-8.475143827317192,Rural_Akatsi,9.9259405,1725.6,-6.7,33.2,13.250000000000002,0.65,Silt,5.722592424679909,0.0052857684263496,2.8,1.2561897210082469,wheat,0.4486391860743739
1039,726.2852,-2.1903410878098803,-3.092129515980358,Rural_Kilimani,5.460063,858.5,-3.9,30.0,13.05,0.57,Sandy,5.029456307199017,0.2244254462759466,3.7,2.0728589618083344,potato,0.5602321518400903
1040,678.22504,-5.281246646541852,-7.407550194022774,Rural_Amanzi,18.821959,564.4,-4.6,31.7,13.55,0.59,Sandy,5.567555678294128,0.4481486078749518,1.2,0.4929878042932614,maize,0.41082317024438453
1041,670.40027,-7.1871548846520925,-2.889421864089013,Rural_Hawassa,17.272419,1034.0,-4.3,31.4,13.55,0.62,Sandy,4.521146475734984,0.2672949490617369,0.8,0.43940093223132276,tea,0.5492511652891534
1042,661.9295,-5.488508535319799,-1.348843709714789,Rural_Kilimani,33.91863,1049.2,-4.3,32.3,13.999999999999998,0.68,Sandy,5.217414095947904,0.9090716856008758,0.6,0.27745228004008216,cassava,0.46242046673347026
1043,678.78735,-6.159856827230971,-2.245261992523182,Rural_Hawassa,9.07968,952.7,-4.3,28.9,12.3,0.59,Sandy,4.937512663241272,0.6442171071068524,2.9,1.3250855813045437,potato,0.4569260625188082
1044,295.2558,-11.49459761664592,-6.583205742997969,Rural_Hawassa,12.496398,1687.3,-7.2,33.4,13.1,0.66,Silt,6.480615918859288,0.0121736741265111,1.5,0.7717631927421569,wheat,0.5145087951614379
1045,376.24493,-10.039258701965998,-3.5516001936007404,Rural_Hawassa,18.40097,1513.9,-6.6,30.3,11.85,0.66,Silt,5.531000786045484,0.0461311670915346,1.9,0.7794399126319589,banana,0.4102315329641889
1046,879.6023,-10.471805252459102,0.3899374820643053,Rural_Sokoto,16.696085,2328.9,-1.5,29.0,13.75,0.72,Volcanic,5.39015597739336,0.3200076954099475,1.3,0.7906709853885099,tea,0.6082084502988537
1047,790.9893,-4.109766405623029,-5.25434446948804,Rural_Kilimani,30.925005,538.8,-3.6,29.8,13.1,0.63,Sandy,6.044236020332962,0.2432176645127237,1.7,0.9107925578067272,maize,0.5357603281216042
1048,803.59546,-3.0914797346705143,-2.015526653712991,Rural_Kilimani,0.5840669,1125.2,-3.0,29.0,13.0,0.58,Sandy,5.562367194036846,0.3957877977123859,8.7,2.7813648077054918,coffee,0.3196971043339646
1049,397.57617,-9.750894334970596,-7.020153348185981,Rural_Akatsi,0.6479588,1460.0,-6.3,31.6,12.65,0.6,Peaty,4.397194449643098,0.0539723644384531,12.6,7.468927175359312,rice,0.5927719980443898
1050,824.05725,-1.3297536800579763,-1.2497421910123536,Rural_Kilimani,9.107752,1472.5,-2.5,29.2,13.35,0.63,Volcanic,4.120215395384139,0.0386961280750822,2.5,1.5714525258128822,tea,0.6285810103251529
1051,401.08975,-13.914154883466722,-6.975107203321238,Rural_Hawassa,5.335019,1517.1,-6.2,33.1,13.45,0.62,Silt,6.884850749741173,3.261018894721476e-08,4.2,1.541900972813236,banana,0.36711927924124665
1052,719.7445,-8.160384623261578,-3.907464738032213,Rural_Hawassa,9.434952,1247.2,-3.6,31.3,13.85,0.62,Volcanic,4.600586930499848,0.0350698414930474,2.7,1.906471485943498,tea,0.7061005503494436
1053,593.9192,-10.3276230689614,-9.623820521368147,Rural_Akatsi,1.0927265,1987.6,-4.1,33.0,14.45,0.65,Silt,6.992208114479787,0.0720513650558631,9.1,4.581432807220956,wheat,0.5034541546396656
1054,1016.4573,-3.077962654967605,-7.650799376292388,Rural_Kilimani,22.778812,882.7,-1.3000000000000007,29.4,14.05,0.63,Sandy,5.0143672803234685,0.0658153149476655,1.1,0.6370356920542194,cassava,0.5791233564129267
1055,406.94916,-10.26904905691546,-5.533630567649449,Rural_Hawassa,9.646453,1552.4,-6.3,32.2,12.95,0.64,Silt,5.925230714113758,0.1888290491289134,3.1,1.4808867265338417,wheat,0.47770539565607795
1056,655.20514,-10.106844100480544,-1.9434528219294016,Rural_Sokoto,22.625618,1942.7,-3.6,31.1,13.75,0.71,Volcanic,5.674115354638235,0.2135260946255302,0.9,0.559164444816803,coffee,0.6212938275742256
1057,892.3774,-0.8927014363305688,-2.5335573196575405,Rural_Kilimani,5.74338,1249.9,-2.1,32.7,15.3,0.6,Volcanic,4.4954239400278455,0.0255071702461383,2.1,1.2882443412402325,tea,0.6134496863048726
1058,860.79065,-4.515278796710314,-4.898479925056567,Rural_Kilimani,24.533012,632.4,-2.9000000000000004,29.2,13.15,0.62,Sandy,6.205308728807049,0.2619763805617878,1.1,0.6366782554062594,potato,0.5787984140056903
1059,580.5982,-5.54708254736574,-1.2452375765258792,Rural_Kilimani,16.237925,985.7,-5.1,30.5,12.7,0.62,Loamy,5.720590704742502,0.9132086450899858,1.2,0.5311733366901737,wheat,0.4426444472418115
1060,767.55615,-8.106316304449939,-0.2316993170691532,Rural_Sokoto,25.622334,1720.1,-2.8,27.8,12.5,0.7,Volcanic,5.576051237567776,0.205203841585175,2.0,1.0714190445305192,coffee,0.5357095222652596
1061,803.1145,-7.736849459237079,-6.605728815430342,Rural_Akatsi,15.423576,1156.9,-2.9000000000000004,31.2,14.15,0.63,Sandy,4.849674449812925,0.2608737192771083,0.5,0.26074139414869946,tea,0.5214827882973989
1062,490.24,-0.1672848256077586,-3.461507903871253,Rural_Kilimani,3.5222237,589.0,-6.3,32.6,13.15,0.55,Loamy,5.906028589286208,0.0026336677254114,10.1,6.77001923724717,potato,0.6702989343809079
1063,630.33307,-6.479761046866495,-7.254393301482646,Rural_Amanzi,6.8526154,685.7,-4.9,28.7,11.9,0.57,Loamy,5.045708798168769,0.4176299466938355,2.7,1.6616957548403908,potato,0.6154428721631077
1064,640.08136,-6.592403377724075,0.0926329259569991,Rural_Sokoto,4.3452015,1317.5,-4.3,31.5,13.6,0.61,Volcanic,4.837620778495993,0.8715215532461099,3.4,1.844322586755508,tea,0.5424478196339729
1065,755.89417,-8.309072499993581,0.5295805311450097,Rural_Sokoto,19.759157,1798.7,-2.8,31.7,14.45,0.69,Volcanic,5.040546547115346,0.1223358064119405,1.7,0.8906513371683922,banana,0.5239125512755248
1066,401.83356,-0.7710477190043825,-3.943501653924008,Rural_Kilimani,11.689008,385.1,-7.3,32.3,12.499999999999998,0.56,Loamy,6.118421712231181,0.0099721024762972,4.2,2.740934938871453,maize,0.6526035568741554
1067,613.9857,-9.660780470284532,-5.299390614352784,Rural_Hawassa,9.303758,1626.4,-4.0,30.5,13.25,0.64,Silt,5.504472838428878,0.0683802953098331,2.1,1.020012547531528,banana,0.4857202607292991
1068,620.7276,-7.732343766002776,-4.970553756840157,Rural_Hawassa,4.931982,930.0,-4.8,30.4,12.8,0.58,Loamy,5.041375703387514,0.15102149286365,4.1,2.4325993229989846,cassava,0.5933169080485329
1069,545.2077,-9.575172298832772,-5.59669517046009,Rural_Hawassa,5.2196918,1511.8,-4.8,31.1,13.15,0.62,Silt,5.677363441290206,0.1071611214414992,3.3,1.5939527439213277,cassava,0.483015983006463
1070,668.0138,-5.128053076575545,-7.353494820185081,Rural_Kilimani,2.0910106,538.0,-4.7,31.8,13.55,0.54,Sandy,6.509309139382986,0.4496833375149587,11.0,5.201813946209102,potato,0.47289217692810015
1071,894.74023,-3.938550062719509,-3.59214172397901,Rural_Kilimani,14.928359,850.5,-2.4000000000000004,29.6,13.6,0.6,Rocky,5.894522577765017,0.2371233072787885,1.8,0.6365837697230785,coffee,0.3536576498461547
1072,687.4769,-2.293972032198853,-6.86249184115938,Rural_Kilimani,5.4584575,460.9,-4.6,31.1,13.25,0.54,Sandy,6.024592253647634,0.2122188224402136,2.4,1.3576919199902364,potato,0.5657049666625985
1073,576.5042,-7.538598956927739,-3.0605972145750373,Rural_Hawassa,18.600685,1003.2,-5.1,27.9,11.4,0.63,Loamy,5.6113066829664735,0.1559621182117247,1.6,1.045784522136464,cassava,0.6536153263352898
1074,669.39624,-7.088029633497423,-4.623698441381633,Rural_Hawassa,18.803766,802.0,-4.5,27.7,11.6,0.61,Sandy,5.222161984668675,0.1372606470443709,0.6,0.3184402210699074,cassava,0.530733701783179
1075,798.2751,-8.39017497821104,-1.6866897962003644,Rural_Sokoto,8.745701,1664.8,-2.6,30.3,13.85,0.64,Volcanic,5.317094395812898,0.158250970770049,3.2,2.417402444090926,tea,0.7554382637784143
1076,497.0792,-7.106052406434635,-4.006566256734649,Rural_Hawassa,8.361466,680.8,-6.2,31.1,12.45,0.57,Loamy,5.811384688795414,0.1083695500222456,3.4,2.148229624982754,maize,0.6318322426419866
1077,609.1716,-6.137328361059455,-4.110172389923559,Rural_Hawassa,3.5099406,575.2,-5.2,31.9,13.35,0.55,Loamy,6.673949084881153,0.1934187220111141,14.8,9.900484575133003,maize,0.6689516604819596
1078,592.1884,-6.718562788284563,-5.682282845703102,Rural_Amanzi,13.793722,593.9,-5.4,31.8,13.2,0.58,Loamy,5.564751609122186,0.2455919199399716,2.0,1.274711464340549,wheat,0.6373557321702745
1079,645.73584,-6.637460310067107,-0.547022331122357,Rural_Sokoto,7.681616,1279.9,-4.2,29.8,12.8,0.61,Volcanic,4.025597799430207,0.8370927372126384,4.6,1.2496506396231177,cassava,0.27166318252676475
1080,462.0987,-10.084315634309029,-5.182270637704451,Rural_Hawassa,0.94447494,1569.5,-5.7,34.1,14.2,0.61,Peaty,5.20275576494616,0.079553497112204,14.9,10.512780454863377,rice,0.7055557352257299
1081,870.18024,-8.029719519466784,-0.4118838965281266,Rural_Sokoto,10.580549,1801.6,-1.6999999999999993,30.1,14.2,0.66,Volcanic,5.101427138481528,0.2348608263585922,5.0,2.201051127922261,coffee,0.4402102255844522
1082,968.6172,-4.416153545555645,-3.6236740253843296,Rural_Kilimani,1.1316125,908.9,-1.6999999999999993,27.7,13.0,0.56,Rocky,4.802357578539531,0.209405480869674,12.4,5.245279175220404,tea,0.4230063850984197
1083,480.67636,-7.759377925408595,-1.8443513032269665,Rural_Sokoto,16.657154,1143.6,-5.9,29.7,11.9,0.63,Loamy,5.291251896164627,0.4099985498515096,0.9,0.4314047379792771,wheat,0.4793385977547523
1084,263.2158,-11.7514221310012,-6.704830334132777,Rural_Hawassa,4.3369737,1686.1,-7.4,31.9,12.25,0.63,Silt,5.62685526021795,0.0036137005059635,3.6,1.5411996316791463,wheat,0.4281110087997628
1085,724.6686,-8.77766459636111,-0.4299023544740243,Rural_Sokoto,6.3191004,1820.3,-3.1,30.7,13.8,0.65,Volcanic,4.287459968924427,0.1160973259732101,4.6,3.738926813682996,tea,0.8128101768876078
1086,664.0812,-8.0522479856383,-6.47959960980906,Rural_Akatsi,12.821311,1089.3,-4.5,30.3,12.9,0.61,Sandy,4.847066456647838,0.2630741220379963,1.3,0.48474016496782724,wheat,0.37287704997525173
1087,457.0907,-0.7530249460671694,-3.844400135221573,Rural_Kilimani,13.573934,464.8,-6.7,29.6,11.45,0.57,Loamy,5.781271963088763,0.0102409508220156,1.2,0.7884117555676513,wheat,0.6570097963063761
1088,270.83588,-12.976970690731662,-6.894024142564699,Rural_Hawassa,7.1714826,1625.5,-7.3,36.1,14.4,0.64,Silt,6.629221372190671,2.434759084045376e-05,3.7,1.4437370217518164,banana,0.39019919506805845
1089,707.4078,-6.777136800330505,0.160202143254114,Rural_Sokoto,6.78643,1425.4,-3.6,31.0,13.7,0.62,Volcanic,4.717457987026719,0.7803318845257602,2.3,1.2365246860585604,tea,0.5376194287211132
1090,682.54315,-4.483738944070192,-0.5920684759871004,Rural_Kilimani,3.5252566,1194.7,-4.0,30.2,13.1,0.59,Sandy,5.977217166034877,0.7903211983671802,13.6,4.535678607396311,wheat,0.3335057799556111
1091,760.1002,-4.55132434258474,-7.808460883318991,Rural_Kilimani,12.928496,657.8,-3.8,27.4,11.8,0.58,Sandy,6.415012653031414,0.3213487759444181,1.0,0.5743928226814077,wheat,0.5743928226814077
1092,593.1933,-7.250234589932337,-1.9524620509023505,Rural_Sokoto,18.928133,1120.2,-4.9,30.9,13.0,0.64,Loamy,4.737747634727553,0.6044362524398048,0.9,0.4418399485029935,cassava,0.4909332761144372
1093,381.1782,-12.156934522088486,-8.362528465155332,Rural_Akatsi,2.2926884,1844.4,-6.2,33.5,13.65,0.64,Silt,5.5104898726198215,0.1091909726901007,11.6,5.640120213989838,banana,0.48621725982671016
1094,846.7595,-4.033169620639876,-1.7902959293892742,Rural_Kilimani,0.6897069,1168.5,-2.5,26.9,12.2,0.58,Rocky,5.749666367501772,0.5992418200563735,9.3,1.98389116939074,coffee,0.21332163111728386
1095,697.30554,-9.165154214511183,-1.051539153607483,Rural_Sokoto,2.6057475,1835.2,-3.3,31.1,13.9,0.64,Volcanic,4.410784702814666,0.0844550137933087,9.1,7.766155607434546,tea,0.8534236931246754
1096,763.4663,-2.983343097047237,-3.398443301060613,Rural_Kilimani,10.028344,788.7,-3.6,31.1,13.75,0.58,Sandy,5.659619370604688,0.3000455587771372,4.4,2.0485377344504614,maize,0.46557675782965025
1097,638.9717,-6.727574174753169,-0.3037731488527428,Rural_Sokoto,14.852564,1304.6,-4.3,31.1,13.4,0.64,Volcanic,4.147304806500247,0.8274228220287777,0.9,0.42758486236508697,tea,0.4750942915167633
1098,635.79034,-3.059939882030392,-7.056190264077775,Rural_Kilimani,12.70521,423.4,-5.1,28.1,11.5,0.56,Loamy,5.899879247455733,0.1428216954534088,1.3,0.8846260941475874,wheat,0.6804816108827595
1099,727.476,-6.006663257264663,-4.574147682030415,Rural_Hawassa,14.183578,630.6,-4.1,31.0,13.45,0.58,Sandy,5.061238225922109,0.2274595789281627,1.4,0.8345079684452089,potato,0.5960771203180064
1100,884.92065,-3.3573156354944,-4.209273908625994,Rural_Kilimani,22.61382,759.0,-2.6,29.4,13.4,0.62,Sandy,4.631322142889637,0.1869566979355506,1.6,0.736070276932688,wheat,0.46004392308292996
1101,586.42535,-8.543368548177346,-5.448042892406437,Rural_Hawassa,7.448438,1170.9,-4.9,31.3,13.2,0.6,Loamy,5.76633535843307,0.2571439736826418,3.3,1.8578874264394365,banana,0.5629961898301323
1102,759.16547,-5.046950598358089,-5.421015205487591,Rural_Kilimani,12.930666,515.3,-3.9,31.8,13.95,0.57,Sandy,4.545969906076476,0.3069483170206172,0.6,0.29879877837978425,tea,0.49799796396630713
1103,343.30515,-11.0395225999813,-6.767894936943418,Rural_Hawassa,5.4819474,1695.4,-6.6,32.9,13.15,0.64,Silt,7.077624877116854,0.0427364363704645,4.2,1.9960831267346582,wheat,0.47525788731777574
1104,623.04266,-6.083260042247817,-7.1417779393207885,Rural_Amanzi,16.40512,584.7,-5.1,33.0,13.95,0.59,Loamy,5.646854176174289,0.4520127189343671,1.0,0.6442269512065898,potato,0.6442269512065898
1105,608.0603,-2.0957215298895147,-5.583181327000667,Rural_Kilimani,17.28436,366.8,-5.4,30.6,12.6,0.57,Loamy,5.947208932784486,0.2661221748239533,1.3,0.8474424348583245,wheat,0.651878796044865
1106,503.44928,-10.052775781668906,-5.029113745164324,Rural_Hawassa,3.2628539,1604.8,-5.3,30.7,12.7,0.62,Silt,6.4343341241428345,0.05091334465453,14.5,7.983143872233265,wheat,0.5505616463609149
1107,765.4123,-2.8256438338466268,-7.209347156617903,Rural_Kilimani,17.867699,571.0,-3.8,31.8,14.0,0.59,Sandy,6.0530869650719215,0.1209965042026983,1.8,1.064068168597804,wheat,0.5911489825543356
1108,560.7227,-1.3072252138864595,-3.0515879856020893,Rural_Kilimani,5.705846,746.4,-5.5,33.4,13.95,0.57,Loamy,5.974932122457376,0.060185332391745,4.9,3.39291858793597,wheat,0.6924323648848918
1109,648.1061,-5.123547383341242,-1.1866775882017129,Rural_Kilimani,19.530596,1052.7,-4.5,33.1,14.3,0.63,Sandy,6.321344038465716,0.894401241753605,1.1,0.23126380309932812,coffee,0.21023982099938918
1110,510.7525,-1.0504006995311794,-4.5065784647333,Rural_Kilimani,4.989752,390.4,-6.3,29.6,11.65,0.54,Loamy,4.888438538259143,0.0167823122823437,4.9,2.8147961214637176,wheat,0.5744481880538199
1111,820.7513,-7.498047717819011,-8.191353114669308,Rural_Akatsi,11.358442,1279.2,-2.7,28.1,12.7,0.62,Volcanic,5.840961637756866,0.1278366914871418,3.9,2.011715926415495,coffee,0.5158245965167937
1112,631.18915,-6.984398689108451,-3.0290649131697176,Rural_Hawassa,4.520614,935.5,-4.6,32.6,14.0,0.58,Loamy,6.377503751590765,0.2747506557170828,3.0,1.3613503989978304,coffee,0.45378346633261013
1113,282.95966,-13.035544702777605,-6.979611817807712,Rural_Hawassa,5.8194675,1618.8,-7.3,32.2,12.45,0.63,Silt,6.6068859309981445,2.777132954612699e-05,3.0,1.5515613000514863,wheat,0.5171871000171621
1114,516.26843,-11.075568145855726,-9.29498366385552,Rural_Akatsi,1.9271113,1989.4,-4.8,33.1,14.15,0.65,Silt,7.383292124670806,0.0313146404827366,14.3,6.953236426285613,banana,0.4862403095304624
1115,867.6223,-3.803379265690413,-6.083193534999318,Rural_Kilimani,53.96045,609.9,-2.9000000000000004,28.6,12.85,0.71,Sandy,5.851437093306839,0.2235938606652932,1.4,0.8844811644603519,potato,0.6317722603288228
1116,860.9256,-4.217903043246306,-3.344387927222921,Rural_Kilimani,2.7002647,851.6,-2.7,29.6,13.45,0.56,Rocky,6.043147081763057,0.2354934432056716,13.5,8.015248887548617,wheat,0.5937221398184162
1117,762.6193,-8.49380592260001,-5.146233721812656,Rural_Hawassa,7.394337,1339.5,-3.2,30.1,13.45,0.62,Volcanic,4.701967428580912,0.3842827341975521,3.1,1.2670441198999634,cassava,0.4087239096451495
1118,602.0844,-8.642493799332016,-4.096658546464136,Rural_Hawassa,6.859046,1271.9,-4.7,31.4,13.35,0.61,Peaty,4.883073152928264,0.0190517075072346,2.6,1.6204757678790898,tea,0.6232599107227268
1119,833.2328,-2.5913477856628617,-1.0064930087427395,Rural_Kilimani,2.7560506,1403.0,-2.5,27.6,12.55,0.61,Volcanic,4.12477332596996,0.2095472186890426,9.2,5.474426823085975,tea,0.595046393813693
1120,581.7916,-13.48611402620792,-5.569667483541244,Rural_Hawassa,10.428389,1826.3,-4.4,27.7,11.65,0.66,Silt,6.057697675326619,7.657796084179739e-07,4.4,2.226413921834027,coffee,0.5060031640531879
1121,542.30994,-7.498047717819011,-2.065077413064209,Rural_Sokoto,17.953949,1108.2,-5.4,33.4,14.0,0.63,Loamy,4.763395584057449,0.4829180385854318,1.9,0.8431497917664368,wheat,0.44376304829812463
1122,470.5771,-7.223200430526518,-1.2452375765258792,Rural_Sokoto,10.832593,1096.4,-6.0,34.1,14.05,0.61,Loamy,5.344234296177207,0.6467242502521164,3.9,2.161794199677181,cassava,0.554306205045431
1123,644.04645,-7.371888307258523,-3.7948493758703545,Rural_Hawassa,10.882029,931.5,-4.6,32.3,13.849999999999998,0.6,Sandy,5.353633614520809,0.0878287579357939,4.2,2.3744705599681626,cassava,0.565350133325753
1124,866.0994,-4.069215166514301,-3.164203347763947,Rural_Kilimani,43.827293,897.0,-2.6,33.0,15.2,0.7,Sandy,5.80426908307083,0.2680379757847465,0.7,0.419225962626841,cassava,0.5988942323240586
1125,692.19977,-2.4201314427593417,-7.281420988401492,Rural_Kilimani,17.224844,499.3,-4.6,29.8,12.6,0.58,Sandy,5.952718695685805,0.1094669577139363,1.6,0.824755730324862,maize,0.5154723314530387
1126,352.88043,-11.26931295493076,-5.903008955540345,Rural_Hawassa,14.516547,1722.6,-6.5,31.3,12.4,0.67,Silt,6.254165370580279,0.0451405983715825,1.0,0.5091620275638875,wheat,0.5091620275638875
1127,380.38635,-11.102602305261543,-6.506627296727907,Rural_Hawassa,1.5351543,1743.8,-6.2,32.4,13.1,0.63,Silt,5.616708407477064,0.0576790180612042,6.1,2.8765739930067484,banana,0.47156950705028666
1128,644.4411,-7.344854147852703,-4.637212284841056,Rural_Hawassa,8.045987,848.7,-4.7,29.8,12.55,0.58,Sandy,5.104519438932681,0.1193678052998732,4.6,2.006360611945902,wheat,0.4361653504230222
1129,428.21707,-10.791709472094627,-8.695869937154434,Rural_Akatsi,22.238897,1831.0,-5.8,33.0,13.6,0.7,Silt,6.295938741667719,0.0981910543760982,1.2,0.6468297276481585,coffee,0.5390247730401321
1130,480.56985,-9.926616371108418,-7.371513278130979,Rural_Akatsi,4.5954046,1610.6,-5.5,30.7,12.6,0.63,Silt,7.309222200286275,0.038914147583169,3.9,1.4022583260024222,banana,0.359553416923698
1131,728.625,-10.255531977212549,-1.803809772848697,Rural_Sokoto,36.617043,2060.9,-2.8,29.0,13.1,0.76,Volcanic,4.173856701586283,0.1359582745003058,1.0,0.7221307188550945,tea,0.7221307188550945
1132,810.49603,-2.5327737736169205,-0.8353176582567146,Rural_Kilimani,22.433332,1415.4,-2.6,29.3,13.35,0.67,Volcanic,4.178054958615623,0.1890337472825722,1.0,0.6211641426839364,tea,0.6211641426839364
1133,729.3709,-7.232211816995124,-8.128288511858667,Rural_Akatsi,18.221972,1098.5,-3.7,32.0,14.15,0.63,Sandy,6.353889526436481,0.1204947398505722,1.3,0.7122959612717336,wheat,0.5479199702090258
1134,813.5084,-3.5105092054607088,-3.4885355907901,Rural_Kilimani,8.32729,800.7,-3.2,30.3,13.55,0.58,Sandy,5.274404384998263,0.2787383720782113,2.2,0.9989419151697408,wheat,0.45406450689533673
1135,414.5627,-10.917868882655114,-9.011192951207637,Rural_Akatsi,2.217315,1852.2,-5.8,30.7,12.45,0.64,Silt,6.683152707220422,0.0640896848849173,6.4,3.276489139411355,wheat,0.5119514280330242
1136,600.1474,-6.231947918979822,-2.402923499549784,Rural_Hawassa,15.308844,847.0,-5.2,33.8,14.3,0.6,Loamy,5.698510733146134,0.5714948418687337,0.8,0.46648566542946573,potato,0.5831070817868321
1137,828.41406,-7.975651200655147,-1.6146159644167752,Rural_Sokoto,2.1979744,1596.2,-2.3,27.8,12.75,0.62,Volcanic,5.695463412917791,0.3230389860082449,14.7,9.534368189954316,tea,0.6485964755070963
1138,578.7494,-6.664494469472926,-1.303797564850046,Rural_Sokoto,1.1781911,1106.3,-5.0,30.5,12.75,0.58,Loamy,5.924208558668529,0.8041694422914484,6.7,3.1552435724552907,wheat,0.47093187648586426
1139,690.6964,-2.5913477856628617,-4.159723149274776,Rural_Kilimani,7.53029,591.4,-4.5,30.9,13.2,0.56,Sandy,5.032129266282737,0.1411561169506783,2.3,0.9840218013269199,maize,0.42783556579431303
1140,652.48303,-5.425428830039554,-7.898553173048477,Rural_Amanzi,22.720915,621.9,-4.8,31.8,13.5,0.61,Sandy,5.812864335948208,0.3540618774515181,1.6,0.7955394932870334,wheat,0.49721218330439587
1141,899.37085,-10.814237938266142,0.2412852040106521,Rural_Sokoto,35.988068,2395.1,-1.0999999999999996,28.8,13.85,0.78,Volcanic,3.951408480210088,0.3136611756318934,1.7,0.8377488869034165,tea,0.4927934628843627
1142,890.534,-1.104469018342817,-2.425446571982156,Rural_Kilimani,13.0382185,1265.0,-2.1,30.8,14.35,0.63,Volcanic,4.430159397887667,0.0409379027689374,1.5,0.9126114010640999,tea,0.6084076007093999
1143,593.49493,-6.70054001534735,-2.993027997277923,Rural_Hawassa,1.627338,826.2,-5.2,30.4,12.6,0.56,Loamy,5.726439669969197,0.4017163342711777,13.5,7.93179585767341,wheat,0.587540433901734
1144,729.2956,-3.159065133185061,-6.62374727337624,Rural_Kilimani,29.184996,489.3,-4.2,29.3,12.55,0.62,Sandy,5.282312046450181,0.2075279016632709,0.9,0.3829286064015876,maize,0.4254762293350973
1145,858.9609,-4.132294871794546,-1.8308374597675432,Rural_Kilimani,1.5615888,1168.1,-2.4000000000000004,29.5,13.55,0.59,Rocky,5.677805724299971,0.602627825679536,14.6,4.493870885132027,tea,0.3077993756939744
1146,762.57196,-4.952331040437722,-3.344387927222921,Rural_Kilimani,7.6095276,743.8,-3.7,28.3,12.3,0.57,Sandy,5.748310828878977,0.20441415192327,3.3,2.000615630265501,potato,0.6062471606865154
1147,699.3997,-3.704254014535744,-6.664288803754508,Rural_Kilimani,4.4324408,459.3,-4.5,30.2,12.85,0.54,Sandy,5.03292170607735,0.1911519049645315,4.3,2.482786639247351,potato,0.5773922416854305
1148,753.99786,-8.137856157090061,-4.083144703004712,Rural_Hawassa,3.030769,1258.5,-3.3,28.7,12.7,0.6,Volcanic,5.934154283249535,0.0382804701226289,8.2,4.628492548113356,wheat,0.5644503107455313
1149,543.8711,-1.983079199031934,-4.866947623651248,Rural_Kilimani,15.307672,360.1,-6.0,32.0,13.0,0.57,Loamy,6.285032391359722,0.1021048257511094,1.2,0.8424106710789837,wheat,0.7020088925658198
1150,723.22675,-8.466771763194192,0.3584051806589849,Rural_Sokoto,14.936131,1793.6,-3.1,30.0,13.45,0.67,Volcanic,4.961340417736659,0.1157118197182095,1.3,0.5446756010913179,cassava,0.41898123160870604
1151,711.5039,-6.6059204574269845,-7.294934831860915,Rural_Amanzi,73.8991,830.4,-3.8,30.5,13.35,0.78,Sandy,6.128997343755424,0.371921523086922,0.9,0.3208660178425215,coffee,0.35651779760280167
1152,503.60913,-9.660780470284532,-5.740842834027268,Rural_Hawassa,8.65517,1486.6,-5.3,31.9,13.3,0.63,Silt,6.226072569717151,0.1514943901157324,2.6,1.1641977302498143,banana,0.4477683577883901
1153,760.4387,-6.45723258069498,-7.637285532832965,Rural_Amanzi,5.5123544,866.5,-3.6,28.2,12.3,0.57,Sandy,6.423605692316685,0.380846513428291,2.4,1.271329068023622,wheat,0.5297204450098425
1154,471.99243,-10.791709472094627,-9.006688336721163,Rural_Akatsi,13.422384,1883.0,-5.4,32.0,13.3,0.68,Silt,6.967990542962774,0.0638335339066137,0.9,0.41949931482434655,banana,0.46611034980482946
1155,690.16296,-9.70133170939326,0.3358821082266132,Rural_Sokoto,12.889547,2030.6,-3.2,29.5,13.15,0.69,Volcanic,5.558578667230338,0.289623057279231,1.9,1.148361213958432,coffee,0.6044006389254906
1156,856.8476,-3.9430557559538126,-5.610209013919513,Rural_Kilimani,4.9513464,597.3,-3.0,30.5,13.75,0.55,Rocky,6.032022445488221,0.2355381369032698,4.1,2.3855548707311143,potato,0.5818426513978328
1157,439.4807,-11.0395225999813,-8.686860708181484,Rural_Akatsi,30.223026,1876.3,-5.6,31.4,12.9,0.73,Silt,5.58991358840959,0.140458473995043,1.2,0.6037992706689846,coffee,0.5031660588908206
1158,608.1471,-7.245728896698034,-2.9434772379267047,Rural_Hawassa,19.003265,975.3,-4.9,29.9,12.5,0.62,Loamy,5.417425274938058,0.2382788651741721,0.6,0.3442848406087729,wheat,0.5738080676812882
1159,799.87146,-9.322853477711794,0.1061467694164219,Rural_Sokoto,15.666646,2057.7,-2.2,28.8,13.3,0.7,Volcanic,4.802759671456778,0.2200092444654139,1.6,1.1883642363870959,tea,0.7427276477419349
1160,678.6844,-8.26401556765055,-5.966073558350986,Rural_Hawassa,20.034061,1175.2,-4.1,30.5,13.2,0.64,Sandy,6.347471853009026,0.2705548907574463,1.9,0.8542217857767687,maize,0.44959041356672036
1161,835.1931,-4.114272098857333,-3.0515879856020893,Rural_Kilimani,7.0942893,885.6,-2.9000000000000004,29.0,13.05,0.58,Sandy,4.901242637272616,0.277456965006651,4.4,2.0068331093438077,tea,0.4560984339417744
1162,494.95615,-9.41747303563216,-2.9795141538184997,Rural_Hawassa,5.601345,1507.6,-5.4,31.0,12.8,0.62,Silt,6.859435668861138,0.0070342158440208,3.6,1.6174206276458771,coffee,0.4492835076794103
1163,673.25085,-8.155878930027274,-3.72728015857324,Rural_Hawassa,4.286401,1210.3,-4.1,29.6,12.75,0.6,Volcanic,5.89462595109202,0.0356614462748219,4.7,2.5160182587403064,wheat,0.5353230337745333
1164,469.9399,-1.059412085999785,-4.231796981058365,Rural_Kilimani,18.628576,396.1,-6.7,31.3,12.3,0.58,Loamy,6.295824715308191,0.0165355396259239,1.1,0.6473357317186715,potato,0.5884870288351559
1165,754.96515,-9.822985426719445,-9.213900603098985,Rural_Akatsi,26.955278,2017.6,-2.6,31.7,14.55,0.73,Volcanic,5.474651193951561,0.2133681304825435,1.0,0.7643059383710845,tea,0.7643059383710845
1166,760.1851,-4.213397350012002,-0.7227022960948559,Rural_Kilimani,3.598623,1268.0,-3.2,29.2,13.0,0.6,Volcanic,5.943161939373956,0.7577065439471432,14.2,4.9216104207091,coffee,0.3465922831485282
1167,849.88214,-1.0639177792340888,-2.4704927168468998,Rural_Kilimani,6.127523,1213.0,-2.5,37.1,17.3,0.6,Volcanic,4.8513885279878615,0.0377180514912912,4.5,2.2318226086910657,cassava,0.49596057970912577
1168,656.3561,-7.718826686299867,-5.619218242892462,Rural_Hawassa,30.131882,955.0,-4.5,29.1,12.3,0.66,Sandy,5.816743038447781,0.3257991451588334,0.5,0.26805503095018635,potato,0.5361100619003727
1169,566.6747,-7.051984087622998,-1.051539153607483,Rural_Sokoto,52.294212,1190.7,-5.1,30.2,12.55,0.74,Loamy,5.472500225967725,0.6902159911370861,0.6,0.2559909860955472,wheat,0.4266516434925787
1170,839.7252,-2.001101971969147,-1.5695698195520318,Rural_Kilimani,0.59419376,1349.4,-2.4000000000000004,31.3,14.45,0.6,Volcanic,4.063397400612677,0.1276863267876639,9.1,5.285385327133291,tea,0.5808115744102518
1171,574.76263,-9.804962653782232,-9.619315906881672,Rural_Akatsi,9.742106,1811.5,-4.9,32.0,13.55,0.66,Silt,7.277258422461436,0.1537158561468704,4.1,1.6055566179797054,coffee,0.3915991751170014
1172,743.4616,-8.381163591742432,-0.3803515951228065,Rural_Sokoto,5.3179064,1747.8,-3.0,29.1,13.05,0.64,Volcanic,4.906613839201564,0.1455722686191003,2.9,1.1166346215853873,cassava,0.3850464212363405
1173,658.12866,-2.7490470488634724,-4.758836875975863,Rural_Kilimani,35.104065,470.3,-4.9,30.3,12.7,0.64,Sandy,5.206661210239767,0.1400946658937717,0.6,0.3581472549226809,potato,0.5969120915378016
1174,804.8358,-4.416153545555645,-5.452547506892911,Rural_Kilimani,7.8995066,544.1,-3.5,27.2,11.85,0.56,Sandy,5.574834772241002,0.2732315613451647,3.7,2.3078544206468585,potato,0.6237444380126644
1175,579.4316,-9.138120055105365,-5.402996747541693,Rural_Hawassa,8.117732,1378.7,-4.8,31.4,13.3,0.62,Silt,6.699153767580894,0.0496024993611251,3.5,1.5116744677915444,coffee,0.4319069907975841
1176,668.73236,-9.791445574079322,-1.9704805088482475,Rural_Sokoto,7.7828383,1880.8,-3.5,30.3,13.4,0.66,Volcanic,4.713545097973007,0.3303529558443534,4.8,1.5857047699082962,cassava,0.33035516039756174
1177,684.1726,-2.393097283353523,-3.159698733277473,Rural_Kilimani,4.827089,787.3,-4.4,29.7,12.65,0.57,Sandy,6.01873001373987,0.260936513883477,2.4,1.3238185315022142,potato,0.5515910547925893
1178,635.6687,-7.083523940263119,-5.227316782569194,Rural_Hawassa,12.18025,738.7,-4.9,33.2,14.150000000000002,0.59,Loamy,6.196498928600716,0.2104157921117597,1.1,0.7783735445325802,wheat,0.7076123132114365
1179,856.65753,-4.118777792091636,-1.8758836046322864,Rural_Kilimani,5.7916303,1156.8,-2.5,27.8,12.65,0.6,Rocky,6.206410928064108,0.585059956454749,4.1,1.0801711626286474,coffee,0.26345638112893843
1180,552.498,-6.943847449999721,-1.4794775298225449,Rural_Sokoto,26.526234,1090.1,-5.3,32.7,13.7,0.66,Loamy,4.760758411503057,0.7481570914226495,1.4,0.6645145999651187,cassava,0.4746532856893706
1181,628.9556,-8.214452942073216,1.1917588606567375,Rural_Sokoto,12.444346,1671.6,-4.0,31.0,13.5,0.66,Silt,6.139289511241521,0.074548318050188,0.7,0.32476355691071934,coffee,0.46394793844388477
1182,772.50116,-3.99712407476545,-2.7768065019271546,Rural_Kilimani,2.443884,881.5,-3.5,27.8,12.15,0.57,Sandy,6.6122801634807935,0.3332455809070077,9.9,5.3584122021829925,wheat,0.5412537577962618
1183,728.17316,-2.5102453074454054,-7.19583331315848,Rural_Kilimani,8.278,529.6,-4.2,30.5,13.15,0.56,Sandy,5.420759346590769,0.1281692064710143,4.3,2.1492117794498435,wheat,0.4998166928953125
1184,420.35373,-10.093327020777636,-3.713766315113817,Rural_Hawassa,19.904972,1578.4,-6.0,31.2,12.6,0.67,Silt,5.299640149717583,0.0771664068078233,1.1,0.6852402840171842,rice,0.6229457127428947
1185,836.4872,-3.2852245437455494,-4.366935415652596,Rural_Kilimani,8.640496,688.5,-3.1,31.2,14.05,0.57,Sandy,5.66585504205783,0.1727042707307723,2.8,1.4816521998063776,maize,0.5291614999308492
1186,457.76196,-9.358899023586218,-3.3038463968446523,Rural_Hawassa,8.801421,1422.9,-5.8,33.7,13.95,0.63,Silt,5.631063875077661,0.0054906728891692,3.7,2.532809826423916,rice,0.6845431963307881
1187,419.74872,-10.737641153282988,-7.006639504726558,Rural_Hawassa,9.110705,1728.3,-5.9,31.8,12.95,0.65,Silt,7.459979621725374,0.045291903022718,4.3,1.8748501602056096,wheat,0.4360116651640953
1188,327.77527,-13.184232579509608,-7.087722565483095,Rural_Hawassa,1.7416594,1630.0,-6.9,33.1,13.1,0.62,Silt,7.0372792101425885,1.5854696498741915e-05,9.7,4.987929731261532,rice,0.5142195599238693
1189,893.39813,-1.771311617019686,-1.7948005438757486,Rural_Kilimani,20.974398,1374.8,-1.9000000000000004,28.0,13.05,0.66,Volcanic,4.315481786548486,0.1056668512531056,1.3,0.7863146004936378,tea,0.604857384995106
1190,544.4314,-8.809204449001232,-6.713839563105727,Rural_Akatsi,14.823707,1267.9,-5.2,31.8,13.3,0.63,Silt,5.673583732900427,0.0642274940683021,1.4,0.7149439776811983,wheat,0.5106742697722846
1191,729.15247,-2.244409406621518,-3.0380741421426665,Rural_Kilimani,4.9789243,870.4,-3.9,31.9,14.0,0.57,Sandy,4.874177573308486,0.2413260493273169,4.7,2.3207570578034398,cassava,0.4937780974049872
1192,577.65924,-6.750102640924686,-1.776782085929851,Rural_Hawassa,12.990478,1030.5,-5.1,30.4,12.65,0.61,Loamy,5.94179577314806,0.7622494566109412,1.4,0.4211599397837048,coffee,0.30082852841693203
1193,675.0608,-4.916285494563297,-8.051710065588603,Rural_Amanzi,7.0360737,624.3,-4.6,29.1,12.25,0.56,Sandy,6.00739841469413,0.3194326477914647,3.8,2.1500337528535955,potato,0.5657983560141041
1194,756.5068,-5.429934523273857,-4.749827647002914,Rural_Kilimani,2.9129624,575.5,-3.9,28.7,12.4,0.54,Sandy,5.933113639209338,0.2715440361880731,8.3,4.94248378466415,potato,0.5954799740559216
1195,517.85754,-1.4108561582754326,-5.551649025595347,Rural_Kilimani,16.315704,278.5,-6.3,30.3,12.0,0.56,Loamy,4.62683863874671,0.1241280285760392,1.0,0.5419506375732623,wheat,0.5419506375732623
1196,709.5987,-5.542576854131436,-2.0515635696047863,Rural_Hawassa,11.961946,967.3,-4.0,29.2,12.6,0.6,Sandy,5.247240733639762,0.7177479591250484,1.8,0.894754721537719,cassava,0.4970859564098439
1197,768.6775,-8.214452942073216,-5.686787460189577,Rural_Hawassa,8.355812,1242.3,-3.2,29.0,12.9,0.61,Volcanic,5.6480164265409165,0.2747583173842277,4.0,1.9265847919569503,coffee,0.4816461979892376
1198,764.3334,-5.29025803301046,-4.245310824517788,Rural_Kilimani,10.427997,622.9,-3.8,30.9,13.55,0.57,Sandy,5.459446472159876,0.2309091106804479,3.4,2.140062563181825,potato,0.6294301656417133
1199,792.17926,-10.15640672605788,-1.9074159060376068,Rural_Sokoto,14.703523,2099.4,-2.2,30.9,14.35,0.7,Volcanic,5.508209522794032,0.1840559608353324,1.2,0.8659718800350522,tea,0.7216432333625435
1200,529.7419,-6.930330370296812,-3.929987810464585,Rural_Hawassa,5.3638644,678.2,-5.9,32.7,13.400000000000002,0.56,Loamy,6.375680239772308,0.1279348887279183,4.3,2.9291343363655296,maize,0.6811940317129139
1201,454.02963,-9.196694067151306,-3.9389970394375338,Rural_Hawassa,13.215746,1330.0,-5.9,29.3,11.7,0.63,Silt,5.282790125221259,0.0074493123223459,2.0,0.9858945976738152,cassava,0.4929472988369076
1202,739.524,-3.762828026581685,-6.290405801377138,Rural_Kilimani,6.874992,482.0,-4.1,28.1,12.0,0.55,Sandy,6.587374325056927,0.2146984109979511,2.8,1.6386807695650505,wheat,0.5852431319875181
1203,567.62573,-1.5910838876475584,-4.722799960084068,Rural_Kilimani,13.707663,411.2,-5.8,32.3,13.249999999999998,0.57,Loamy,5.1563750160495605,0.0542226836887771,0.6,0.3580572693375351,wheat,0.5967621155625585
1204,759.0634,-1.0954576318742113,-1.6101113499303008,Rural_Kilimani,9.432919,1341.1,-3.2,29.1,12.95,0.62,Volcanic,5.412412382379441,0.0290619668245959,2.0,0.9701920704430531,coffee,0.48509603522152656
1205,690.9264,-0.7530249460671694,-2.875908020629589,Rural_Kilimani,14.480171,972.8,-4.0,30.2,13.1,0.61,Sandy,5.317227724645212,0.0176305485709551,1.2,0.7112474004201369,potato,0.5927061670167808
1206,868.22974,-1.7623002305510802,-1.6551574947950445,Rural_Kilimani,8.070372,1382.3,-2.2,31.6,14.7,0.62,Volcanic,4.379722067457619,0.0961017669792851,2.2,0.9355888553363116,cassava,0.42526766151650525
1207,623.66473,-4.785620390768505,-7.312953289806813,Rural_Kilimani,29.824684,459.5,-5.2,33.4,14.1,0.62,Loamy,5.480206921874057,0.417753801923218,0.5,0.3174950460455742,potato,0.6349900920911484
1208,526.04126,-8.502817309068618,-5.754356677486692,Rural_Hawassa,19.379536,1116.7,-5.3,33.9,14.3,0.64,Loamy,5.096585435884704,0.1897452811780375,1.4,0.6705988422574904,banana,0.47899917304106465
1209,848.30896,-7.998179666826663,-0.6596376932842156,Rural_Sokoto,32.862247,1739.7,-2.0,29.5,13.75,0.73,Volcanic,5.089569884405586,0.2576017965407288,1.0,0.7464533931730802,tea,0.7464533931730802
1210,530.4156,-9.273290852134458,-3.065101829061512,Rural_Hawassa,9.192388,1493.0,-5.1,29.3,12.1,0.63,Silt,7.118061268788736,0.0071711921145659,3.5,1.8208374143688957,wheat,0.5202392612482559
1211,636.9009,-8.42171483085116,-6.038147390134575,Rural_Hawassa,3.5875118,1190.6,-4.4,28.8,12.2,0.59,Loamy,5.361302189928651,0.2162097748056381,11.7,6.466514749572961,wheat,0.5526935683395694
1212,871.26764,-1.3117309071207632,-1.6956990251733133,Rural_Kilimani,2.1569123,1417.8,-2.1,29.0,13.45,0.61,Volcanic,4.955525135713374,0.0461489432694364,5.6,2.6641619160201375,cassava,0.4757431992893103
1213,781.5721,-4.772103311065596,-7.628276303860017,Rural_Kilimani,3.40605,664.7,-3.6,28.9,12.65,0.55,Sandy,5.687988883496424,0.4038613843174058,13.5,6.503473047802586,wheat,0.48173874428167307
1214,634.6427,-6.281510544557156,-4.16422776376125,Rural_Hawassa,4.641272,620.7,-5.0,29.4,12.2,0.55,Loamy,5.045392565710942,0.1844181827706389,3.8,2.3097957318661946,wheat,0.6078409820700512
1215,593.34174,-9.494069820615314,-5.35795060267695,Rural_Hawassa,9.480391,1517.5,-4.5,29.3,12.4,0.64,Silt,7.260191621660827,0.0587827581699494,3.9,1.3861431115150893,coffee,0.3554213106448947
1216,521.44604,-10.088821327543332,-4.294861583869007,Rural_Hawassa,15.505146,1652.2,-5.1,30.7,12.8,0.66,Silt,5.818112993208956,0.0767348317612023,0.6,0.28532432700980676,coffee,0.4755405450163446
1217,426.3293,-10.395208467475946,-4.682258429705799,Rural_Hawassa,19.865622,1625.1,-5.9,31.3,12.7,0.68,Silt,6.579357535253936,0.0730653773223597,0.9,0.4516431088733821,coffee,0.5018256765259801
1218,443.77527,-9.259773772431547,-5.655255158784256,Rural_Hawassa,9.831627,1281.5,-6.1,29.1,11.5,0.62,Silt,6.802220309227374,0.0673289434197889,4.4,2.443219651631711,wheat,0.5552771935526615
1219,692.22076,-7.696298220128351,-5.110196805920862,Rural_Hawassa,15.296918,988.7,-4.1,28.9,12.4,0.61,Sandy,5.877975508928839,0.1844154759205966,1.0,0.5916549631658841,cassava,0.5916549631658841
1220,809.88104,-7.696298220128351,-6.691316490673354,Rural_Akatsi,10.834137,1157.1,-2.9000000000000004,30.4,13.75,0.61,Sandy,4.878863326140492,0.2343134045851345,3.1,1.5635883080697386,cassava,0.5043833251837866
1221,588.0813,-9.043500497184995,-5.425519819974065,Rural_Hawassa,3.5677364,1353.9,-4.7,27.6,11.45,0.61,Peaty,4.7160765137582175,0.0599610532345804,13.3,8.487870488188626,tea,0.638185750991626
1222,738.0229,-5.664230571457622,0.5295805311450097,Rural_Sokoto,5.097913,1368.2,-3.3,28.4,12.55,0.61,Volcanic,5.378309296049839,0.807176466967181,4.3,1.205399432657126,coffee,0.2803254494551456
1223,777.53015,-7.223200430526518,-8.101260824939821,Rural_Akatsi,8.555346,1142.4,-3.2,29.8,13.3,0.6,Sandy,4.879374362219814,0.1150611464925893,4.9,2.019592420762143,wheat,0.4121617185228863
1224,611.3379,-9.534621059724042,-4.988572214786054,Rural_Hawassa,28.843046,1553.4,-4.3,33.0,14.35,0.7,Silt,5.551695129401572,0.0244067465976529,1.2,0.5780048257453738,cassava,0.48167068812114483
1225,710.2537,-8.128844770621455,-2.839871104737795,Rural_Hawassa,1.7273902,1351.2,-3.6,30.3,13.35,0.6,Volcanic,5.141797005011156,0.0985477445949031,14.0,6.495549506371411,banana,0.46396782188367225
1226,806.42053,-5.677747651160532,-6.2273411985664975,Rural_Amanzi,14.968803,635.4,-3.4000000000000004,29.9,13.25,0.59,Sandy,4.6687800037774165,0.2940919767991196,1.2,0.6574227047623383,potato,0.5478522539686153
1227,433.5869,-12.445298889083888,-5.416510591001116,Rural_Hawassa,20.225082,1846.1,-5.7,33.1,13.7,0.69,Silt,5.377686777885195,3.778092471553912e-05,0.8,0.39406486209141295,banana,0.49258107761426617
1228,728.06683,-6.092271428716423,-4.830910707759452,Rural_Hawassa,4.433856,626.0,-4.1,27.3,11.6,0.55,Sandy,6.017159908744342,0.2388666477421651,3.6,1.935669441658577,maize,0.5376859560162713
1229,672.0203,-7.984662587123753,-6.912042600510596,Rural_Akatsi,19.04872,1127.6,-4.2,31.1,13.45,0.64,Sandy,6.488751389029874,0.1471016923414959,1.1,0.5229093873914343,maize,0.47537217035584933
1230,528.957,-9.831996813188052,-2.7768065019271546,Rural_Hawassa,5.6779747,1680.9,-5.0,34.9,14.95,0.64,Silt,6.49723586468778,0.0214915962732678,4.1,2.013734272451496,coffee,0.4911547005979259
1231,712.27454,-9.00745495131057,-1.6236251933897237,Rural_Sokoto,1.8099346,1753.8,-3.2,30.5,13.65,0.63,Volcanic,4.896086809187978,0.0528174285172014,10.2,3.8671112957232543,cassava,0.37912855840424065
1232,752.6931,-0.996332380719542,-1.5425421326331856,Rural_Kilimani,6.196232,1360.1,-3.2,31.9,14.35,0.61,Volcanic,5.574674661173708,0.0230897839437266,2.1,1.139479451764811,cassava,0.5426092627451481
1233,686.7985,-7.475519251647495,-0.9164007190132526,Rural_Sokoto,3.3474402,1421.6,-3.8,30.9,13.55,0.61,Volcanic,5.959564748741261,0.5035731994939233,14.7,6.782849372918745,coffee,0.46141832468835003
1234,716.13745,-8.687550731675048,-5.155242950785605,Rural_Hawassa,7.180213,1360.9,-3.6,31.8,14.1,0.62,Volcanic,4.024809616542868,0.2498953753349283,3.9,2.4161266638528547,tea,0.6195196573981678
1235,697.21985,-7.948617041249328,-4.407476946030865,Rural_Hawassa,5.5512896,1111.0,-4.0,30.2,13.1,0.59,Sandy,6.731431701458944,0.0607560748976355,3.0,1.4425896480186413,maize,0.48086321600621373
1236,596.9944,-6.705045708581654,-3.0245602986832427,Rural_Hawassa,3.4536505,825.6,-5.1,30.4,12.65,0.57,Loamy,6.198440600993627,0.3978802569632799,6.5,4.193639349184732,wheat,0.6451752844899588
1237,662.78326,-6.322061783665884,-2.339858896739144,Rural_Hawassa,0.74125606,946.6,-4.4,29.2,12.4,0.57,Sandy,5.965571450135903,0.5969837899263932,9.5,2.5142702519323397,coffee,0.2646600265191936
1238,672.0767,-7.462002171944586,-6.0561658480804725,Rural_Hawassa,6.0048056,899.0,-4.4,29.1,12.35,0.58,Sandy,6.323365131254505,0.3650060499193415,4.5,1.6791186918310221,coffee,0.3731374870735605
1239,820.7652,-2.5012339209768,-0.6596376932842156,Rural_Kilimani,5.797899,1458.7,-2.5,30.3,13.9,0.62,Volcanic,4.247945460065484,0.1769391218150253,3.1,1.9805793870524768,tea,0.6388965764685409
1240,743.20825,-7.863008869797568,-6.52014114018733,Rural_Akatsi,7.264572,1130.4,-3.5,31.5,14.0,0.6,Sandy,5.288771783775764,0.2793490939734672,3.2,1.7426467708676154,cassava,0.5445771158961298
1241,419.30334,-10.859294870609173,-7.524670170671107,Rural_Hawassa,5.153589,1772.6,-5.9,32.9,13.5,0.64,Silt,5.928034440647324,0.0428362324359251,2.1,1.0729424809459362,banana,0.5109249909266362
1242,839.2123,-11.170187703776092,-0.3217916067986401,Rural_Sokoto,4.6043997,2368.2,-1.5,29.1,13.8,0.68,Volcanic,4.137684235927447,0.3371768621307867,4.0,2.207469271549288,tea,0.551867317887322
1243,613.9571,-7.394416773430038,-4.64171689932753,Rural_Hawassa,11.466262,831.5,-5.0,31.8,13.4,0.59,Loamy,4.860871924082828,0.116332330256554,4.3,2.651994224414259,potato,0.616742842887037
1244,549.56824,-9.124602975402452,-3.2678094809528577,Rural_Hawassa,4.8915534,1447.6,-5.0,31.2,13.1,0.62,Silt,6.734101517147061,0.007988881829452,3.3,1.3552861053613505,banana,0.41069275920040926
1245,707.0584,-1.874942561408659,-6.28139657240419,Rural_Kilimani,31.734755,458.9,-4.5,30.6,13.05,0.63,Sandy,5.09052997182623,0.2844570524435753,0.8,0.45647669669051993,potato,0.5705958708631499
1246,763.26,-9.485058434146708,0.3493959516860363,Rural_Sokoto,10.877374,2063.6,-2.5,28.6,13.05,0.68,Volcanic,4.343974971308548,0.2401274276232907,4.1,2.946099965742316,tea,0.7185609672542235
1247,653.68335,-6.610426150661287,-6.195808897161177,Rural_Amanzi,5.830307,648.0,-4.8,30.0,12.6,0.56,Sandy,5.046638680810128,0.2413222378338537,4.3,2.483762815151333,potato,0.5776192593375193
1248,405.41382,-10.359162921601522,-4.961544527867209,Rural_Hawassa,1.8414154,1589.3,-6.2,32.4,13.1,0.62,Silt,7.355529472510101,0.0527711461505324,14.4,4.785307902977887,banana,0.3323130488179088
1249,748.07666,-7.98015689388945,-5.348941373704001,Rural_Hawassa,13.584066,1139.5,-3.5,28.7,12.6,0.62,Sandy,5.031821744433082,0.2677288113187453,1.8,0.9798299478181031,tea,0.5443499710100572
1250,491.9948,-9.444507195037978,-3.5380863501413176,Rural_Hawassa,12.769146,1467.3,-5.5,28.2,11.35,0.64,Silt,5.55893322055809,0.0057203484169961,1.8,0.7862441468892,banana,0.4368023038273333
1251,597.0379,-8.674033651972138,-7.006639504726558,Rural_Akatsi,1.6347122,1296.7,-4.7,27.5,11.4,0.6,Peaty,5.147484312641668,0.056327289219631,6.8,2.8415595355654633,wheat,0.4178764022890387
1252,625.60724,-9.525609673255437,-1.2857791069041482,Rural_Sokoto,5.4354672,1828.8,-3.9,34.5,15.3,0.65,Silt,7.181111118812387,0.0871254166587018,4.1,1.664952848854871,coffee,0.40608606069631004
1253,652.4753,-9.079546043059423,-7.556202472076428,Rural_Akatsi,2.4645498,1554.1,-3.9,29.7,12.9,0.62,Volcanic,4.424441810795461,0.0655803136303123,5.3,4.133903866800427,tea,0.779981861660458
1254,729.40515,-7.998179666826663,-0.8893730320944064,Rural_Sokoto,2.8452353,1590.3,-3.2,28.9,12.85,0.62,Volcanic,5.282289980204988,0.273070646729905,8.8,4.395316931478708,banana,0.49946783312258036
1255,641.0317,-8.273026954119157,-2.6461726818193982,Rural_Hawassa,10.964033,1326.2,-4.4,31.8,13.7,0.63,Volcanic,5.612307100816812,0.0991809862382738,4.5,2.150160681455795,banana,0.47781348476795443
1256,719.17706,-7.592667275739378,-7.502147098238734,Rural_Akatsi,4.483188,1113.8,-3.7,30.1,13.2,0.59,Sandy,5.278541021522187,0.0711071003715242,4.5,2.5672418149818674,tea,0.5704981811070816
1257,872.4198,-11.120625078198756,0.038577552119307,Rural_Sokoto,6.1288753,2408.5,-1.1999999999999993,27.4,13.1,0.69,Volcanic,5.916874282416631,0.3129388455420831,3.4,2.004562381708997,banana,0.5895771710908815
1258,407.35263,-12.328150864992006,-8.84902682969456,Rural_Akatsi,19.015537,1869.8,-5.9,33.5,13.8,0.69,Silt,6.332728938471514,0.0276205665998271,1.9,0.999229884849375,banana,0.5259104657101974
1259,539.1801,-9.0480061904193,-4.150713920301827,Rural_Hawassa,1.140172,1343.3,-5.2,32.3,13.55,0.6,Peaty,5.300657158698765,0.0103321944642155,9.5,4.333397601743262,cassava,0.45614711597297497
1260,769.7074,-2.0191247449063603,-3.182221805709845,Rural_Kilimani,31.535059,893.9,-3.5,29.8,13.15,0.66,Sandy,5.054284276044244,0.1786748119223636,1.5,0.8584342468457002,potato,0.5722894978971335
1261,352.92526,-12.1749572950257,-8.794971455856869,Rural_Akatsi,9.442156,1837.9,-6.3,32.3,12.999999999999998,0.66,Silt,6.723776016276731,0.0537152343447106,3.3,1.6551383618834468,wheat,0.5015570793586203
1262,547.71875,-6.813182346204929,-1.8308374597675432,Rural_Hawassa,33.59265,1001.6,-5.4,33.3,13.95,0.67,Loamy,5.35028618431519,0.7415965009493946,1.4,0.5890423304433524,wheat,0.42074452174525173
1263,561.0738,-1.2171113492003958,-4.002061642248174,Rural_Kilimani,30.538351,533.4,-5.7,30.4,12.35,0.63,Loamy,5.025130708690035,0.0259926387789652,0.6,0.3310893890101534,maize,0.5518156483502556
1264,572.61316,-8.426220524085464,-6.808436467321687,Rural_Akatsi,9.534598,1168.4,-5.0,32.1,13.55,0.61,Loamy,5.784016218062894,0.108813556988839,2.5,1.529085185621544,wheat,0.6116340742486176
1265,582.46234,-2.208363860747093,-4.416486175003813,Rural_Kilimani,7.5335507,453.1,-5.6,29.5,11.95,0.55,Loamy,4.903594550897375,0.0927625517907049,4.3,2.7171141568011574,potato,0.6318870132095715
1266,684.1374,-6.669000162707228,0.3674144096319336,Rural_Sokoto,19.25185,1399.1,-3.8,30.3,13.25,0.66,Volcanic,4.198933089402027,0.7724583021279455,0.8,0.3894201006694782,tea,0.4867751258368477
1267,775.7613,-2.771575515034989,-0.7272069105813304,Rural_Kilimani,21.69254,1375.9,-3.0,28.0,12.5,0.66,Volcanic,4.024934119978842,0.2461395827957806,1.6,0.950135904656424,tea,0.593834940410265
1268,518.9732,-8.804698755766928,-6.155267366782908,Rural_Hawassa,2.364559,1210.1,-5.5,32.8,13.65,0.59,Peaty,5.255243265810277,0.1039709874114588,12.2,6.025058148110799,cassava,0.49385722525498355
1269,597.58075,-6.835710812376446,-0.6641423077706896,Rural_Sokoto,17.292873,1236.6,-4.7,28.9,12.1,0.64,Silt,6.851884673641762,0.7588071145035571,0.8,0.3337451012906188,wheat,0.4171813766132735
1270,750.20667,-3.204122065528093,-1.8263328452810688,Rural_Kilimani,9.354097,1104.5,-3.5,30.0,13.25,0.6,Sandy,5.625653688130576,0.4162015365757585,2.7,1.5136492794635192,cassava,0.5606108442457478
1271,493.20242,-10.21498073810382,-7.898553173048477,Rural_Akatsi,10.870821,1734.9,-5.2,33.7,14.250000000000002,0.66,Silt,6.700718351883719,0.0592060306076447,4.5,2.2274704033342676,coffee,0.4949934229631706
1272,774.38916,-8.87678984751578,-7.9841408482914895,Rural_Akatsi,5.729062,1643.4,-2.8,30.3,13.75,0.63,Volcanic,4.19245522439744,0.1308305013172354,3.4,2.396605704858883,tea,0.7048840308408479
1273,835.1317,-10.111349793714847,0.1511929142811654,Rural_Sokoto,5.7117004,2251.9,-1.6999999999999993,30.6,14.45,0.68,Volcanic,4.978324147492953,0.3727270948814791,2.4,1.5268235789996112,tea,0.636176491249838
1274,712.9866,-4.420659238789948,-2.5380619341440145,Rural_Kilimani,0.35042816,854.4,-4.0,31.8,13.9,0.56,Sandy,6.346120375266847,0.3660759593247229,9.2,4.828935331743658,wheat,0.5248842751895281
1275,874.45483,-4.56484142228765,-6.344461175214829,Rural_Kilimani,21.054306,588.1,-3.2,30.5,13.65,0.6,Rocky,5.702997980445034,0.2888695019126796,1.8,0.9964703022748709,wheat,0.5535946123749282
1276,820.06006,-1.0549063927654831,-2.7768065019271546,Rural_Kilimani,3.2872198,1100.9,-2.8,29.1,13.15,0.59,Sandy,4.939950195278957,0.0372969270660534,9.9,4.306414215226731,wheat,0.4349913348713869
1277,695.1945,-7.817951937454536,-5.817421280297332,Rural_Hawassa,11.900443,1032.4,-4.0,31.7,13.85,0.61,Sandy,6.204148087119565,0.3615184507968368,1.9,0.8561019901182553,maize,0.45057999479908173
1278,783.79755,-3.0914797346705143,-1.7362405555515823,Rural_Kilimani,2.1471422,1166.1,-3.1,29.8,13.35,0.59,Sandy,5.8441435598109415,0.3870685941981286,14.0,6.205607328802003,wheat,0.44325766634300023
1279,553.8989,-9.84551389289096,-7.646294761805914,Rural_Akatsi,4.907307,1683.1,-4.7,31.7,13.5,0.63,Silt,6.0668630987812655,0.0574090338028107,2.9,1.4051540498222663,coffee,0.48453587924905733
1280,798.308,-7.700803913362654,-8.033691607642705,Rural_Akatsi,6.3894773,1294.6,-2.9000000000000004,29.0,13.05,0.61,Volcanic,5.721683836661777,0.0755518501848397,3.6,1.8426538364696265,wheat,0.5118482879082296
1281,742.4448,-8.227970021776123,-5.177766023217977,Rural_Hawassa,1.1965622,1222.6,-3.4000000000000004,29.5,13.05,0.59,Volcanic,5.722110429629333,0.3588946303697961,13.3,6.874826634887669,cassava,0.5169042582622307
1282,777.43866,-3.316764396385672,-2.258775835982606,Rural_Kilimani,11.399002,1031.7,-3.3,27.7,12.2,0.61,Sandy,5.919478124776707,0.4248065189588954,3.6,1.6431423111476302,wheat,0.4564284197632306
1283,760.23895,-3.082468348201907,-1.758763627983954,Rural_Kilimani,15.175222,1137.2,-3.4000000000000004,31.6,14.1,0.63,Sandy,4.931246345262624,0.3854922781164729,1.1,0.570424554379002,tea,0.5185677767081835
1284,669.3651,-2.474199761570979,-4.033593943653495,Rural_Kilimani,20.22651,594.9,-4.7,29.8,12.55,0.6,Sandy,5.8779476700156765,0.143411614923972,0.9,0.4648704172873194,maize,0.5165226858747993
1285,870.8868,-4.190868883840487,-3.1281664318721525,Rural_Kilimani,8.322458,904.9,-2.6,26.9,12.15,0.59,Rocky,4.43631046863073,0.2597861488064585,2.0,0.8427563099964366,tea,0.4213781549982183
1286,623.5383,-8.908329700155903,-4.835415322245927,Rural_Hawassa,4.9129605,1352.7,-4.4,32.1,13.85,0.61,Peaty,5.619310753774016,0.0542136718098729,4.9,2.426598904945855,cassava,0.4952242663154806
1287,793.189,-4.190868883840487,-6.038147390134575,Rural_Kilimani,18.245264,529.0,-3.6,29.7,13.05,0.59,Sandy,5.424548987131464,0.2511021183147651,1.5,0.9346038414345694,potato,0.6230692276230463
1288,533.945,-1.338765066526582,-6.04265200462105,Rural_Kilimani,34.66071,275.2,-6.2,31.6,12.7,0.62,Loamy,5.470561532295113,0.1436992591400893,1.6,0.9441178854665582,wheat,0.5900736784165989
1289,784.2408,-9.863536665828176,-0.8533361162026118,Rural_Sokoto,30.79936,2087.1,-2.4000000000000004,32.3,14.95,0.75,Volcanic,4.537891302227189,0.2042923881032008,0.8,0.5845651998057616,tea,0.7307064997572019
1290,573.72876,-14.526929163331952,-6.74987647899752,Rural_Hawassa,17.575134,1472.7,-4.7,29.5,12.4,0.66,Silt,6.512838165741419,2.1552295813440022e-09,0.7,0.3186218120031801,coffee,0.45517401714740024
1291,660.2374,-9.408461649163554,-1.853360532199915,Rural_Sokoto,21.37805,1784.1,-3.7,31.4,13.85,0.69,Volcanic,4.879423547585199,0.1353450435647888,0.7,0.6115036241269949,tea,0.8735766058957071
1292,774.66833,-8.484794536131405,-1.6596621092815182,Rural_Sokoto,62.237267,1671.3,-2.7,29.2,13.25,0.81,Volcanic,3.928742988363188,0.1330538420159742,1.3,0.8678981482061028,tea,0.6676139601585406
1293,648.13605,-14.29713880838249,-6.146258137809959,Rural_Hawassa,9.684363,1648.5,-3.8,29.5,12.85,0.65,Volcanic,5.154659479369749,1.3878641995162552e-08,2.5,2.0954464884486628,tea,0.838178595379465
1294,740.9102,-5.984134791093148,-5.884990497594448,Rural_Amanzi,2.862472,600.1,-4.0,30.8,13.4,0.55,Sandy,5.328644775924828,0.2727455236940829,14.8,6.577923433029497,maize,0.4444542860155065
1295,715.1558,-7.583655889270771,-0.8938776465808809,Rural_Sokoto,6.469118,1477.9,-3.5,28.8,12.65,0.62,Volcanic,5.111384867039396,0.4520390692002244,4.9,3.2712503361381535,tea,0.6676021094159497
1296,683.1185,-6.858239278547961,-4.718295345597594,Rural_Hawassa,8.439273,749.3,-4.4,30.1,12.85,0.57,Sandy,6.36144626616975,0.1632344954995074,4.6,2.4245260556598263,potato,0.5270708816651797
1297,871.3005,-4.740563458425473,-4.925507611975414,Rural_Kilimani,8.362832,644.4,-2.8,29.8,13.5,0.57,Rocky,4.563516828608239,0.2763104601875596,2.5,1.0790394221610407,tea,0.4316157688644162
1298,877.1678,-4.150317644731759,-2.5110342472251688,Rural_Kilimani,5.415735,1041.2,-2.4000000000000004,31.3,14.45,0.59,Rocky,5.73222021427255,0.3798573660022398,4.5,2.1541020392988335,wheat,0.47868934206640745
1299,508.72476,-1.4198675447440383,-5.5561536400818206,Rural_Kilimani,26.0148,268.7,-6.4,31.8,12.7,0.59,Loamy,5.645047451414006,0.1265640338749059,1.7,0.9462601371586509,cassava,0.5566236100933241
1300,797.38745,-8.457760376725584,-1.5335329036602368,Rural_Sokoto,0.66885805,1703.1,-2.5,31.6,14.55,0.62,Volcanic,5.684934764613404,0.1423163628764884,11.3,6.84736781098052,banana,0.6059617531841168
1301,864.74054,-1.9560450396261155,-8.321986934777064,Rural_Kilimani,33.27574,796.6,-2.7,30.0,13.65,0.66,Sandy,4.977015945597751,0.0087691606406646,1.8,1.1036111798071224,potato,0.613117322115068
1302,903.9342,-7.124075179371848,-7.326467133266235,Rural_Akatsi,18.896233,1143.4,-2.0,30.0,14.0,0.64,Sandy,4.556600527131866,0.1601722247333414,1.8,0.825770086439825,tea,0.45876115913323606
1303,207.06857,-11.945166940076238,-6.8219503107811095,Rural_Hawassa,14.124042,1665.0,-7.6,35.8,14.099999999999998,0.66,Silt,5.374096751729536,0.0021953410510206,1.3,0.528083694497612,wheat,0.40621822653662465
1304,332.71585,-12.017258031825088,-5.713815147108423,Rural_Hawassa,0.9059121,1755.2,-6.7,32.0,12.65,0.63,Silt,6.96316423972395,0.000962769936534,8.7,4.391923845619038,rice,0.5048188328297746
1305,591.16736,-2.411120056290736,-4.042603172626444,Rural_Kilimani,4.2247343,514.2,-5.5,32.2,13.35,0.54,Loamy,6.115165663284468,0.1355530892935037,2.0,1.319732303675818,maize,0.659866151837909
1306,357.49997,-13.409517241224766,-6.574196514025021,Rural_Hawassa,0.6784149,1612.9,-6.6,33.2,13.3,0.62,Silt,5.511634566770002,2.798633042349596e-07,6.0,2.613772348062593,wheat,0.4356287246770988
1307,714.274,-7.691792526894047,-3.4795263618171512,Rural_Hawassa,20.294947,1136.3,-3.8,29.6,12.9,0.64,Sandy,6.033999232675015,0.0770373909026388,0.6,0.3470369085376832,cassava,0.5783948475628053
1308,671.6328,-6.213925146042609,-7.56971631553585,Rural_Amanzi,5.6610203,714.2,-4.5,30.3,12.9,0.56,Sandy,6.536881237702038,0.4517616651980155,3.2,1.5586594793291786,maize,0.48708108729036825
1309,465.52103,0.0895396887475215,-3.578627880519587,Rural_Kilimani,20.237114,524.3,-6.6,33.3,13.349999999999998,0.59,Loamy,5.286074834616231,0.0011446224561173,1.1,0.6239965816895814,maize,0.5672696197178012
1310,778.377,-4.47923325083589,-2.2903081373879264,Rural_Kilimani,3.3315592,973.8,-3.3,30.0,13.35,0.58,Sandy,6.679370217095965,0.4582760114290882,6.5,3.203654923492352,wheat,0.4928699882295926
1311,727.4777,-9.638252004113015,-1.6956990251733133,Rural_Sokoto,34.59692,1927.8,-2.9000000000000004,31.6,14.35,0.74,Volcanic,4.202621949235171,0.1783467670472898,1.8,1.3864609072588976,tea,0.7702560595882765
1312,509.47333,-12.229025613837337,-9.448140556395648,Rural_Akatsi,1.0216153,1997.9,-4.9,32.5,13.8,0.65,Silt,6.8082459730214335,0.0034117239042376,5.8,2.9868246626879182,wheat,0.5149697694289515
1313,896.8995,-3.8619532777363546,-4.141704691328878,Rural_Kilimani,8.628367,765.6,-2.5,29.0,13.25,0.58,Rocky,5.843999612066319,0.2059002248373094,5.0,2.945100779459061,wheat,0.5890201558918122
1314,762.6717,-3.5195205919293144,-0.9569422493915216,Rural_Kilimani,4.1187496,1270.3,-3.2,29.6,13.2,0.6,Volcanic,5.175235691715047,0.5343275717211216,2.7,1.5302327887187968,tea,0.5667528847106654
1315,621.86743,-5.966112018155934,-4.511083079219775,Rural_Hawassa,18.707903,519.4,-5.2,28.4,11.6,0.59,Loamy,5.728540851515019,0.2255751206589805,1.4,0.8538672700728887,maize,0.6099051929092062
1316,103.31245,-12.422770422912372,-6.330947331755406,Rural_Hawassa,14.881112,1512.1,-8.9,36.8,13.95,0.65,Silt,5.988293082718817,7.314694386007282e-05,1.3,0.664062367396541,wheat,0.510817205689647
1317,835.3458,-3.438418113711858,-3.150689504304524,Rural_Kilimani,24.293259,893.3,-2.9000000000000004,28.7,12.9,0.64,Sandy,5.838515095794183,0.3364461863022965,0.6,0.29793599854011765,wheat,0.4965599975668628
1318,450.3863,-11.553171628691862,-9.083266782991227,Rural_Akatsi,1.5047019,1942.5,-5.4,32.4,13.5,0.64,Silt,5.6280426135413375,0.065708663998558,7.0,4.26529922037995,rice,0.6093284600542785
1319,794.0102,-4.028663927405573,-6.290405801377138,Rural_Kilimani,16.719252,537.7,-3.6,28.2,12.3,0.58,Sandy,6.453745978917897,0.2316030186823063,1.9,1.1399046944534281,wheat,0.5999498391860149
1320,512.72266,-11.6072399475035,-9.276965205909622,Rural_Akatsi,11.934738,2017.2,-4.8,31.6,13.4,0.68,Silt,5.818641627902424,0.0290140628049058,0.7,0.3902267264915728,coffee,0.5574667521308183
1321,804.99603,-5.646207798520409,-5.740842834027268,Rural_Kilimani,1.5202221,615.3,-3.4000000000000004,28.7,12.65,0.54,Sandy,5.497702056645486,0.2973816247329613,10.7,6.708185535779442,potato,0.6269332276429386
1322,357.41486,-12.837294200468264,-8.61028226191142,Rural_Akatsi,4.40789,1740.4,-6.5,30.5,12.0,0.64,Silt,5.874514602206508,0.0034475045356108,3.8,1.8535500196578842,banana,0.48777632096260115
1323,638.7869,-10.26904905691546,-9.245432904504304,Rural_Akatsi,16.56213,1972.3,-3.9,30.4,13.25,0.69,Volcanic,4.483120162365617,0.1124069632152413,1.1,0.5658946902731681,banana,0.5144497184301527
1324,587.68933,-8.074776451809816,-2.146160473820747,Rural_Sokoto,17.93814,1297.3,-4.8,29.8,12.5,0.65,Silt,5.5429816632068185,0.2305757786766124,1.6,0.6513377494817457,banana,0.40708609342609103
1325,265.07547,-12.630032311690318,-7.146282553807262,Rural_Akatsi,1.9078501,1659.9,-7.4,35.4,14.0,0.62,Silt,6.677669414235028,0.0008411606759247,12.6,6.800662474529585,rice,0.5397351170261576
1326,374.59125,-11.413495138428464,-8.177839271209885,Rural_Akatsi,30.338552,1822.8,-6.2,30.9,12.35,0.72,Silt,7.194281845513291,0.29989334834514,1.6,0.6618508201972616,wheat,0.4136567626232885
1327,705.0325,-10.48532233216201,-0.9118961045267782,Rural_Sokoto,3.6287282,2130.9,-3.0,29.0,13.0,0.66,Volcanic,4.651687966351295,0.2540965424738127,7.2,5.44615832194461,tea,0.7564108780478624
1328,578.75385,-9.67429754998744,-5.182270637704451,Rural_Hawassa,3.2603557,1563.4,-4.6,30.3,12.85,0.62,Silt,7.321410350947826,0.0510153941242584,13.7,4.861329795095193,coffee,0.3548415908828608
1329,704.0132,-10.025741622263087,-0.294763919879794,Rural_Sokoto,20.784279,2082.2,-3.0,32.5,14.75,0.71,Volcanic,4.780765544472568,0.3548275102914395,1.1,0.37101349093951336,cassava,0.33728499176319393
1330,711.8278,-7.6242071283795,-0.8127945858243428,Rural_Sokoto,3.379081,1493.4,-3.5,29.6,13.05,0.62,Volcanic,4.257256041818831,0.4253318362335938,10.5,6.649436969950044,tea,0.6332797114238138
1331,440.6226,-11.341404046679612,-5.1327198783532335,Rural_Hawassa,5.1722765,1821.1,-5.6,32.2,13.3,0.65,Silt,5.745089003238714,0.0113361035828746,3.6,1.8893845745553974,banana,0.5248290484876104
1332,359.76013,-11.201727556416214,-8.812989913802767,Rural_Akatsi,7.7316217,1816.0,-6.4,32.9,13.25,0.65,Silt,7.350704592878397,0.1334527331674931,2.9,1.2257153031453094,wheat,0.42266044936045155
1333,711.9814,-8.565897014348861,-4.511083079219775,Rural_Hawassa,8.703687,1334.3,-3.6,31.4,13.9,0.62,Volcanic,5.902952531177059,0.0458337073537906,4.3,2.193561308701613,cassava,0.5101305369073519
1334,690.0351,-5.474991455616889,-7.078713336510147,Rural_Amanzi,10.195013,557.8,-4.5,32.9,14.2,0.57,Sandy,6.496707012984476,0.4133069187494858,4.0,2.1672932999307357,wheat,0.5418233249826839
1335,608.8001,-8.94888093926463,-2.7182465136029883,Rural_Hawassa,5.343859,1508.9,-4.4,30.7,13.15,0.62,Silt,5.62465227149402,0.0207871285925629,4.9,2.0514595406501783,coffee,0.41866521237758736
1336,488.71524,-7.669264060722531,-1.8308374597675432,Rural_Sokoto,7.6833935,1131.0,-5.8,34.6,14.4,0.6,Loamy,5.93747661017304,0.4538541406274358,2.9,1.7032225178627656,cassava,0.5873181096078502
1337,271.80704,-13.409517241224766,-7.096731794456045,Rural_Hawassa,16.688253,1524.9,-7.4,34.4,13.5,0.66,Silt,7.039490995372254,2.767726252618332e-06,0.6,0.1912976698534626,banana,0.31882944975577104
1338,646.16174,-6.299533317494369,-7.132768710347839,Rural_Amanzi,12.833196,649.6,-4.8,26.8,11.0,0.58,Sandy,4.696118351018173,0.4372308305716466,1.1,0.391904519969573,maize,0.3562768363359754
1339,645.82196,-8.683045038440744,-4.538110766138621,Rural_Hawassa,0.97292924,1305.4,-4.2,31.1,13.45,0.59,Volcanic,4.060261941795919,0.040091380139964,8.9,3.539376692580176,cassava,0.3976827744472108
1340,486.96054,-9.142625748339668,-6.380498091106625,Rural_Akatsi,3.4811335,1311.2,-5.7,31.8,13.05,0.6,Peaty,5.541726055487559,0.0657111955683332,12.0,5.808876191158978,banana,0.48407301592991486
1341,693.62384,-2.9202633917669942,-3.749803231005611,Rural_Kilimani,5.900701,651.1,-4.4,30.2,12.9,0.56,Sandy,5.192401078399489,0.2296247893593268,3.4,1.5639487418295763,wheat,0.45998492406752245
1342,593.1733,-7.259245976400943,-3.925483195978111,Rural_Hawassa,18.849607,831.9,-5.2,31.7,13.25,0.61,Loamy,6.490366350557578,0.095094544979076,1.5,1.078387047664163,wheat,0.7189246984427754
1343,925.2224,-1.2982138274178538,-2.303821980847349,Rural_Kilimani,4.244317,1320.2,-1.6999999999999993,26.6,12.45,0.6,Volcanic,4.009234084298189,0.0594931580981556,2.4,1.2704810169281473,tea,0.529367090386728
1344,914.2609,-3.938550062719509,-3.9705293408428544,Rural_Kilimani,11.3174515,807.2,-2.3,27.2,12.45,0.59,Rocky,5.35929268969655,0.2127210304369447,5.0,2.9486184878897195,potato,0.5897236975779439
1345,553.2653,-10.264543363681156,-5.848953581702653,Rural_Hawassa,15.722788,1719.8,-4.7,32.7,14.000000000000002,0.67,Silt,6.309999968061288,0.2842221284915818,1.8,0.8251271606646677,coffee,0.4584039781470376
1346,620.7037,-10.877317643546387,-1.010997623229214,Rural_Sokoto,40.62386,2051.3,-4.1,30.1,13.0,0.77,Silt,5.673369750968279,0.2626804565586657,1.4,0.6955999830559865,coffee,0.49685713075427607
1347,498.98984,-9.223728226557125,-6.605728815430342,Rural_Akatsi,15.176153,1359.2,-5.5,30.6,12.55,0.64,Silt,5.565861817635539,0.0539523962471847,2.0,0.9640869359677606,wheat,0.4820434679838803
1348,609.6886,-7.971145507420844,0.957518907360072,Rural_Sokoto,6.7226806,1582.8,-4.3,28.7,12.2,0.63,Silt,5.72686488563378,0.1370097734448462,2.4,1.032982356150821,coffee,0.430409315062842
1349,570.7315,-7.304302908743975,-2.254271221496131,Rural_Hawassa,6.754746,1058.0,-5.2,30.7,12.75,0.59,Loamy,5.9456376895001135,0.4921905865055557,4.4,2.6519230024070017,cassava,0.6027097732743185
1350,785.3389,-10.323117375727096,0.6647189657392398,Rural_Sokoto,12.440249,2245.1,-2.1,31.1,14.5,0.7,Volcanic,4.325624016520268,0.2536966745313239,1.5,0.9833555210674831,tea,0.6555703473783221
1351,875.6716,-7.971145507420844,-0.2992685343662684,Rural_Sokoto,18.987478,1796.3,-1.6999999999999993,30.2,14.25,0.69,Volcanic,5.146476761560984,0.2503797903895837,0.9,0.6811316474766204,tea,0.7568129416406892
1352,749.10516,-4.08273224621721,-2.7993295743595263,Rural_Kilimani,17.066458,848.8,-3.7,31.9,14.1,0.61,Sandy,5.909409640027854,0.320690647223309,1.7,0.9463026198498607,potato,0.5566485999116828
1353,718.6914,-8.858767074578568,-0.4434161979334472,Rural_Sokoto,10.860336,1832.6,-3.1,28.1,12.5,0.66,Volcanic,5.6573024163375925,0.1188186095893829,2.7,1.5965809179721584,coffee,0.5913262659156142
1354,482.28427,-7.020444234982875,-3.975033955329328,Rural_Hawassa,9.442381,646.3,-6.3,33.8,13.749999999999998,0.57,Loamy,5.009715436091606,0.1167864309562545,2.4,1.3296503592878213,maize,0.5540209830365922
1355,777.21985,-10.309600296024186,-1.956966665388825,Rural_Sokoto,9.490063,2112.2,-2.3,29.0,13.35,0.68,Volcanic,5.644106100121743,0.1229189674924299,4.1,2.9303556205117327,tea,0.7147208830516422
1356,765.8108,-8.484794536131405,-7.794947039859568,Rural_Akatsi,30.690739,1484.4,-3.0,30.8,13.9,0.7,Volcanic,4.527292785764755,0.0745188018799246,2.0,1.436809979724589,tea,0.7184049898622945
1357,302.72388,-12.990487770434571,-6.31292887380951,Rural_Hawassa,13.61904,1644.2,-7.1,33.2,13.05,0.66,Silt,6.3741909332786415,1.582412673326307e-06,0.8,0.4141906648621902,wheat,0.5177383310777377
1358,315.4082,-11.539654548988953,-8.493162285263088,Rural_Akatsi,20.630783,1792.3,-6.7,30.6,11.95,0.69,Silt,6.329428659049621,0.2717687547544716,1.4,0.7451083799636101,coffee,0.5322202714025787
1359,512.4442,-11.372943899319734,-9.23191906104488,Rural_Akatsi,16.073095,2006.6,-4.8,30.4,12.8,0.69,Silt,6.538295780345347,0.0382750053020112,1.3,0.7527704903565547,banana,0.5790542233511959
1360,392.9437,-9.64726339058162,-7.002134890240083,Rural_Akatsi,16.560799,1411.8,-6.4,34.5,14.05,0.65,Silt,6.775154077510165,0.0498037831791042,1.3,0.7765677887813845,rice,0.5973598375241419
1361,332.76508,-12.328150864992006,-8.718393009586805,Rural_Akatsi,5.317418,1789.2,-6.6,29.7,11.55,0.64,Silt,7.111010109549425,0.0379468635762378,2.6,1.0060165654018225,banana,0.3869294482314702
1362,681.46796,-7.3403484546184,-5.524621338676501,Rural_Hawassa,8.31782,859.4,-4.3,30.8,13.25,0.58,Sandy,6.706669162276199,0.2838681722942771,3.9,2.0929426356048206,wheat,0.53665195784739
1363,906.8053,-3.744805253644474,-3.857913978680996,Rural_Kilimani,8.769563,823.9,-2.3,29.4,13.55,0.58,Rocky,4.93114320298376,0.2227737465219059,2.5,1.1051485497403812,tea,0.4420594198961525
1364,666.98236,-5.839952607595446,-4.366935415652596,Rural_Hawassa,5.3176007,545.2,-4.9,29.8,12.45,0.55,Sandy,6.247013889442593,0.2220786845333762,3.9,2.2347767982722284,wheat,0.5730196918646739
1365,858.8918,-6.745596947690382,-7.916571630994373,Rural_Amanzi,5.3862724,1075.8,-2.5,28.5,13.0,0.59,Rocky,5.7250434458816,0.1877733543146893,2.3,1.2766695403771715,wheat,0.5550737132074659
1366,563.7078,-10.579941890082376,-9.66886666623289,Rural_Akatsi,6.3093176,2001.1,-4.4,30.4,13.0,0.66,Silt,6.856563733406849,0.0406915080536086,3.2,1.768576322020791,banana,0.5526801006314972
1367,685.25385,-2.776081208269293,-7.592239387968221,Rural_Kilimani,4.3397965,526.9,-4.6,30.2,12.8,0.55,Sandy,5.537949416402918,0.0645331135220537,4.9,2.315098891863425,maize,0.4724691616047806
1368,647.0917,-7.849491790094658,-7.029162577158929,Rural_Akatsi,4.69797,1066.8,-4.4,32.0,13.8,0.59,Sandy,5.408697632196531,0.1286798840599815,2.8,1.212826183979544,wheat,0.4331522085641229
1369,696.4947,-5.073984757763908,-1.348843709714789,Rural_Kilimani,6.6086516,1073.2,-4.0,29.2,12.6,0.59,Sandy,6.4769194834832255,0.8811273593566846,3.0,1.114232733063318,wheat,0.37141091102110596
1370,797.3572,-3.334787169322885,-3.911969352518688,Rural_Kilimani,14.137008,714.8,-3.4000000000000004,31.2,13.9,0.59,Sandy,5.749227771061724,0.2187981986811856,1.6,0.827079249516317,maize,0.5169245309476981
1371,617.09955,-1.03688361982827,-3.0155510697102947,Rural_Kilimani,3.217,827.1,-4.9,32.3,13.7,0.56,Loamy,5.457446352758365,0.033996914983442,13.6,8.543825603244196,wheat,0.6282224708267792
1372,584.6473,-7.304302908743975,-1.8173236163081203,Rural_Sokoto,7.8788733,1145.4,-4.9,32.0,13.55,0.6,Loamy,6.112684370679827,0.6124628359261391,3.8,1.3315581189102614,coffee,0.3504100312921741
1373,218.48436,-11.661308266315135,-6.9841164322941856,Rural_Hawassa,7.631822,1640.2,-7.8,34.5,13.35,0.64,Silt,6.643971005678532,0.0084913554176459,3.0,1.5765832724362943,rice,0.5255277574787648
1374,850.91064,-8.155878930027274,-0.7362161395542792,Rural_Sokoto,1.406833,1772.5,-2.0,32.3,15.15,0.63,Volcanic,5.118073756586989,0.2071713800308358,11.2,8.589861947651878,tea,0.7669519596117749
1375,743.395,-5.596645172943076,-4.051612401599392,Rural_Kilimani,5.2788014,651.2,-4.0,27.9,11.95,0.56,Sandy,5.550912066220234,0.2096520712191169,3.9,1.9262334552914602,maize,0.4939060141772975
1376,660.65173,-14.423298218942978,-6.011119703215729,Rural_Hawassa,7.688627,1603.4,-3.8,28.8,12.5,0.64,Volcanic,4.330086724035678,1.3640891341980642e-08,3.4,2.648997010813054,tea,0.7791167678861924
1377,699.1093,-6.177879600168183,-4.8849660815971445,Rural_Hawassa,7.747077,607.4,-4.4,31.3,13.45,0.56,Sandy,4.959400883085078,0.2349322775558138,3.1,1.8037566581350293,potato,0.5818569864951707
1378,670.08136,-4.943319653969116,-7.461605567860466,Rural_Kilimani,10.230762,535.8,-4.7,28.6,11.95,0.56,Sandy,4.994425519956883,0.4416887712171938,2.9,1.0111352571388048,maize,0.3486673300478637
1379,797.8885,-4.16834041766897,-1.438935999444276,Rural_Kilimani,12.990343,1182.2,-3.0,31.6,14.3,0.62,Sandy,4.57195688825387,0.7246891936508958,1.2,0.41035751169252543,tea,0.34196459307710453
1380,691.9284,-8.683045038440744,-2.366886583657989,Rural_Hawassa,14.892408,1555.1,-3.6,29.5,12.95,0.66,Volcanic,5.40445371686572,0.0575930068533866,0.7,0.3525774668790044,banana,0.5036820955414348
1381,449.74628,-10.435759706584676,-5.096682962461438,Rural_Hawassa,7.408763,1654.2,-5.7,35.9,15.1,0.64,Silt,6.711759337213819,0.0651552537839687,4.5,1.9106810270412256,banana,0.424595783786939
1382,743.32526,-2.1002272231238166,-6.6462703458086105,Rural_Kilimani,17.64797,507.3,-4.1,28.3,12.1,0.59,Sandy,6.406431219129839,0.2578508043205126,0.5,0.2903952948909647,wheat,0.5807905897819294
1383,721.14105,-5.763355822612292,-4.326393885274327,Rural_Hawassa,15.245753,613.8,-4.2,32.9,14.35,0.59,Sandy,5.302566215526928,0.22317120096908,1.5,0.9290304630807529,potato,0.6193536420538353
1384,477.54904,-0.8206103445817181,-3.722775544086765,Rural_Kilimani,17.341166,513.2,-6.5,33.2,13.35,0.58,Loamy,6.324647192736137,0.0132707508398077,1.5,1.0868044274046853,wheat,0.7245362849364569
1385,843.9359,-3.816896345393325,-1.1641545157693411,Rural_Kilimani,4.215362,1301.2,-2.4000000000000004,31.0,14.3,0.6,Volcanic,4.619535471666192,0.6549041723559323,5.0,2.3735480788004644,tea,0.47470961576009285
1386,931.5694,-4.434176318492858,-3.326369469277024,Rural_Kilimani,31.092424,923.6,-2.0,30.0,14.0,0.66,Sandy,5.46982586407258,0.2213214782260302,0.6,0.3645436863246994,cassava,0.6075728105411657
1387,475.84012,-12.328150864992006,-9.425617483963276,Rural_Akatsi,5.6677794,1953.0,-5.2,29.7,12.25,0.66,Silt,5.7520773835378165,0.0026729773316609,3.3,1.795451788806712,coffee,0.5440762996383977
1388,603.30493,-6.696034322113047,-3.033569527656192,Rural_Hawassa,25.456211,828.9,-5.1,32.1,13.5,0.63,Loamy,4.626835545011408,0.4020799942850152,1.6,0.8642596640982003,potato,0.5401622900613752
1389,651.14325,-7.903560108906296,-5.713815147108423,Rural_Hawassa,20.337168,1013.5,-4.5,31.8,13.65,0.63,Sandy,5.697761003167986,0.3337658003191768,0.9,0.48204095247274503,potato,0.53560105830305
1390,638.02637,-1.5189927958987075,-5.943550485918614,Rural_Kilimani,19.217615,387.8,-5.2,32.0,13.4,0.58,Sandy,5.621193030736664,0.1895065392122205,1.2,0.574062642572265,wheat,0.4783855354768875
1391,466.5366,-14.013280134621391,-7.042676420618352,Rural_Hawassa,8.251096,1537.3,-5.7,34.2,14.250000000000002,0.63,Silt,6.391339098359638,1.9905341098174657e-08,2.8,1.3735829455997017,coffee,0.4905653377141792
1392,852.3512,-8.367646512039522,0.1106513839028964,Rural_Sokoto,6.9846425,1893.1,-1.8000000000000007,28.8,13.5,0.66,Volcanic,4.003643447373791,0.1382691864341132,4.9,3.3939835649206946,tea,0.6926497071266723
1393,499.797,-11.539654548988953,-9.290479049369049,Rural_Akatsi,8.502228,1997.6,-5.0,31.8,13.4,0.67,Silt,5.52111552848864,0.028512565642168,4.2,2.604855902470207,rice,0.6202037863024302
1394,285.60913,-12.93191375838863,-7.267907144942069,Rural_Hawassa,18.679512,1642.3,-7.2,33.0,12.9,0.67,Silt,7.052777229327936,0.0002571925188012,1.5,0.7154793979327805,wheat,0.4769862652885203
1395,764.198,-3.294235930214157,-0.3533239082039603,Rural_Kilimani,10.83848,1379.1,-3.1,29.7,13.3,0.63,Volcanic,5.487418916317598,0.393922766681354,2.8,1.312122361799093,cassava,0.46861512921396176
1396,652.1751,-2.3345232713075816,-4.177741607220674,Rural_Kilimani,11.364389,558.5,-4.9,28.9,12.0,0.57,Sandy,6.776528728774865,0.1147063504625706,4.8,2.406691881200929,potato,0.5013941419168603
1397,926.5526,-3.663702775427016,-3.934492424951059,Rural_Kilimani,13.374981,834.8,-2.1,28.0,12.95,0.6,Rocky,4.981800545511212,0.2171508038575323,1.0,0.45012551129377587,tea,0.45012551129377587
1398,656.5324,-9.831996813188052,-2.411932728522733,Rural_Hawassa,4.494154,1837.7,-3.7,32.4,14.35,0.64,Volcanic,4.720737764635819,0.1511293082554198,4.7,2.289007994206453,banana,0.48702297749073464
1399,656.26666,-7.971145507420844,-7.191328698672005,Rural_Akatsi,11.01125,1112.9,-4.5,30.3,12.9,0.61,Sandy,4.983710573989872,0.0901801705482674,4.8,1.9350026666526818,wheat,0.40312555555264207
1400,594.7518,-6.533829365678134,-2.150665088307221,Rural_Hawassa,15.842813,987.2,-4.6,30.5,12.95,0.62,Loamy,5.821569357149586,0.67305259097828,0.8,0.40164946280992375,wheat,0.5020618285124047
1401,867.7364,-7.858503176563264,-0.0740378100425513,Rural_Sokoto,14.786039,1780.9,-1.8000000000000007,28.5,13.35,0.67,Volcanic,4.164582483904886,0.2805757962456707,1.8,1.2242292046226244,tea,0.680127335901458
1402,778.3308,-3.591611683678165,-0.9794653218238932,Rural_Kilimani,7.2115955,1278.6,-3.1,30.5,13.7,0.61,Volcanic,5.6783860102230825,0.5654783837809162,2.3,0.8738373463949086,coffee,0.37992928104126467
1403,891.40045,-2.2579264863244277,-1.6911944106868388,Rural_Kilimani,5.64358,1352.6,-2.0,29.4,13.7,0.61,Volcanic,5.3507699824410055,0.1859514270495032,3.9,1.6658250280360918,coffee,0.4271346225733569
1404,763.385,-3.830413425096234,-0.7272069105813304,Rural_Kilimani,7.8307853,1291.4,-3.2,29.6,13.2,0.61,Volcanic,5.228734590299916,0.6412040840246072,3.2,1.6757849787057673,tea,0.5236828058455523
1405,689.2884,-7.6242071283795,-4.830910707759452,Rural_Hawassa,6.9594326,972.0,-4.2,29.7,12.75,0.59,Sandy,5.180154031850842,0.1266831006783526,3.1,1.7649132470568725,potato,0.5693268538893137
1406,878.8608,-8.295555420290672,-8.074233138020976,Rural_Akatsi,11.004819,1573.0,-1.9000000000000004,28.1,13.1,0.64,Volcanic,4.333388446070416,0.0890189729918852,4.7,3.1027723786255352,tea,0.6601643358777735
1407,724.93176,-7.223200430526518,-5.993101245269831,Rural_Hawassa,6.5608363,878.5,-3.9,26.7,11.4,0.58,Sandy,6.517301850675922,0.3241764954960111,3.7,1.8365063204763543,maize,0.49635305958820386
1408,879.81116,-5.092007530701119,-5.880485883107974,Rural_Kilimani,11.393409,642.5,-2.7,31.0,14.15,0.58,Rocky,5.300140489594573,0.3100808170991858,4.5,2.6367237442159706,potato,0.5859386098257713
1409,800.4461,-2.307489111901763,-6.51113191121438,Rural_Kilimani,13.301295,561.7,-3.5,30.2,13.35,0.58,Sandy,5.491805033557462,0.3055735658166958,1.9,0.9323111568406234,wheat,0.4906900825476965
1410,871.6362,-7.146603645543364,-7.749900894994824,Rural_Akatsi,17.21503,1169.9,-2.3,28.0,12.85,0.63,Sandy,4.6146003927786925,0.1129872057577891,1.5,0.7441061304283677,cassava,0.4960707536189118
1411,284.6015,-12.81476573429675,-6.51113191121438,Rural_Hawassa,6.646284,1654.3,-7.2,33.7,13.250000000000002,0.64,Silt,6.787002119388591,7.345864695593441e-06,3.0,1.1382800783940616,banana,0.37942669279802055
1412,978.1352,-2.091215836655211,-8.448116140398344,Rural_Kilimani,31.596233,936.1,-1.5999999999999996,28.8,13.6,0.66,Sandy,6.018067525396085,0.0080907735887275,0.6,0.23122361035837913,coffee,0.3853726839306319
1413,910.141,-7.669264060722531,-6.074184306026369,Rural_Hawassa,25.002348,1215.8,-1.9000000000000004,31.8,14.95,0.66,Volcanic,5.217103153575079,0.3812250813661452,1.4,0.7778099171142512,tea,0.5555785122244652
1414,534.3043,-0.6674167746154094,-3.186726420196319,Rural_Kilimani,25.994623,707.5,-5.8,31.6,12.9,0.63,Loamy,6.227169196672813,0.0126511950641262,1.0,0.6220380727005621,potato,0.6220380727005621
1415,681.78656,-7.15561503201197,-2.916449551007859,Rural_Hawassa,5.5331306,1033.9,-4.2,28.9,12.35,0.59,Sandy,5.916576025259585,0.2649307986819454,2.7,1.0507541043285769,coffee,0.38916818678836174
1416,358.05414,-10.989959974403966,-5.8985043410538704,Rural_Hawassa,15.25448,1709.1,-6.3,32.6,13.15,0.67,Silt,5.339485285876324,0.1068622957969547,1.1,0.43902946798800235,wheat,0.3991176981709112
1417,775.65497,-4.447693398195767,-0.668646922257164,Rural_Kilimani,2.536288,1282.0,-3.1,30.5,13.7,0.6,Volcanic,4.739194276948595,0.7961708643777066,12.8,6.11052922120246,tea,0.47738509540644214
1418,625.8589,-5.785884288783807,-8.024682378669757,Rural_Amanzi,1.1544343,660.5,-5.0,32.3,13.65,0.55,Loamy,6.242143050824297,0.277647611313833,5.9,4.008752239369527,maize,0.67944953209653
1419,912.35266,-3.5600718310380426,-4.493064621273877,Rural_Kilimani,1.8194046,743.5,-2.3,29.1,13.4,0.55,Rocky,6.03468236527404,0.1839798212458449,7.8,4.502946600995266,potato,0.5773008462814443
1420,850.8747,-2.3345232713075816,-8.200362343642256,Rural_Kilimani,17.233393,772.4,-2.9000000000000004,29.5,13.3,0.6,Rocky,4.057661527677576,0.016347716146943,1.0,0.42729868939613386,tea,0.42729868939613386
1421,710.9664,-5.177615702152879,-7.389531736076877,Rural_Kilimani,5.1504636,586.9,-4.3,32.4,14.05,0.55,Sandy,5.440358276529035,0.4506224242582846,4.6,2.6908030313037443,potato,0.5849571807182053
1422,671.3786,-9.570666605598468,-1.8488559177134405,Rural_Sokoto,2.5868177,1838.5,-3.5,30.1,13.3,0.64,Volcanic,4.766919939306862,0.2180154776377929,11.1,9.765201693516982,tea,0.8797479003168452
1423,778.96625,-2.149789848701152,-0.587563861500626,Rural_Kilimani,1.8689474,1463.1,-2.9000000000000004,30.0,13.55,0.61,Volcanic,4.640780153119192,0.1125078902947546,14.6,5.950698760437225,cassava,0.407582106879262
1424,666.58875,-3.3302814760885813,-6.497618067754957,Rural_Kilimani,65.77104,416.5,-4.9,31.4,13.25,0.73,Sandy,5.9005168826089225,0.2085745443034307,0.7,0.36394687652620983,wheat,0.5199241093231569
1425,747.6329,-8.4757831496628,-1.6911944106868388,Rural_Sokoto,26.293823,1648.5,-2.9000000000000004,29.5,13.3,0.7,Volcanic,4.802183171856474,0.1334903169757586,0.5,0.3905581022923158,tea,0.7811162045846316
1426,645.9003,-2.803115367675112,-4.668744586246376,Rural_Kilimani,38.59094,466.2,-5.0,32.8,13.9,0.65,Sandy,5.7969568905309385,0.1385526906711755,1.6,0.7590622415414409,maize,0.4744139009634005
1427,295.81876,-12.954442224560148,-7.078713336510147,Rural_Hawassa,15.862701,1661.5,-7.0,31.8,12.4,0.67,Silt,6.936237261411271,8.266932701805336e-05,1.8,0.8838304169121274,wheat,0.4910168982845152
1428,663.82135,-7.173637804949183,-4.718295345597594,Rural_Hawassa,22.578947,814.2,-4.5,33.0,14.25,0.62,Sandy,5.91819418944168,0.1393077056429147,1.2,0.6889503481744492,potato,0.5741252901453744
1429,598.3267,-1.0999633251085132,-2.9795141538184997,Rural_Kilimani,4.086682,814.0,-5.1,29.4,12.15,0.57,Loamy,5.968941109240929,0.0396691069404846,6.0,3.925394938917706,maize,0.6542324898196177
1430,604.35693,-7.250234589932337,-5.164252179758553,Rural_Hawassa,27.115128,755.6,-5.1,32.7,13.8,0.63,Loamy,5.904004628177726,0.2006426248372088,1.3,0.870251571219953,wheat,0.66942428555381
1431,758.5123,-10.372680001304431,-1.17316374474229,Rural_Sokoto,11.252807,2154.2,-2.4000000000000004,30.5,14.05,0.69,Volcanic,4.537128477248218,0.1846853562052007,2.5,1.2853614719670472,banana,0.5141445887868189
1432,354.9205,-11.309864194039491,-7.2363748435367485,Rural_Hawassa,4.4733114,1754.5,-6.5,31.4,12.45,0.64,Silt,6.362052884901488,0.0287155480931466,4.3,2.03340201741955,banana,0.47288419009756977
1433,570.40247,-6.150845440762364,-3.375920228628241,Rural_Hawassa,3.0190327,640.3,-5.5,31.1,12.8,0.55,Loamy,5.206809078896182,0.4411115506657168,11.0,5.688366076148964,maize,0.5171241887408149
1434,287.99564,-12.526401367301348,-7.876030100616105,Rural_Akatsi,5.836635,1707.6,-7.1,31.1,12.0,0.64,Silt,6.737750576384572,0.0181272617451469,4.8,2.5472794125572444,rice,0.5306832109494259
1435,719.2089,-8.547874241411648,0.8223804727658418,Rural_Sokoto,9.967159,1823.0,-3.1,30.0,13.45,0.66,Volcanic,5.644130279864303,0.0778294993730277,2.2,1.300594643307688,coffee,0.5911793833216763
1436,626.8138,-14.292633115148186,-6.339956560728356,Rural_Hawassa,10.014258,1617.1,-4.1,30.0,12.95,0.65,Silt,7.190992058967193,9.875606118809621e-09,2.6,1.3434080531502717,wheat,0.5166954050577968
1437,729.37494,-4.73605776519117,-1.1911822026881873,Rural_Kilimani,11.525012,1138.0,-3.6,31.0,13.7,0.61,Sandy,5.520253998450488,0.8583309440865058,4.4,2.180930722574896,cassava,0.4956660733124763
1438,325.6309,-11.927144167139025,-5.515612109703552,Rural_Hawassa,18.10782,1766.8,-6.5,31.4,12.45,0.68,Silt,6.7816195742748295,0.0012006519462884,0.9,0.47854390198287355,rice,0.5317154466476373
1439,662.1892,-7.962134120952237,-7.114750252401941,Rural_Akatsi,13.286874,1139.1,-4.2,31.6,13.7,0.62,Sandy,5.126913695343504,0.1041322487448574,1.9,0.7740096298041289,wheat,0.4073734893705942
1440,738.8291,-7.763883618642898,-1.015502237715688,Rural_Sokoto,17.107649,1529.0,-3.2,30.5,13.65,0.66,Volcanic,5.112511734196096,0.3835702805133453,1.1,0.7671453011631757,tea,0.6974048192392506
1441,802.9893,-3.9070102100793855,-5.285876770893361,Rural_Kilimani,3.7210138,552.9,-3.5,27.9,12.2,0.55,Sandy,4.99562174704593,0.226990428309718,5.5,3.290736520951386,potato,0.5983157310820701
1442,759.8552,-2.816632447378021,-7.0742087220236725,Rural_Kilimani,7.622817,553.2,-3.9,32.2,14.150000000000002,0.56,Sandy,6.029365437671632,0.1477578834745534,4.8,2.878993590664379,potato,0.5997903313884123
1443,385.39005,-13.265335057727064,-5.547144411108873,Rural_Hawassa,19.174582,1674.1,-6.3,29.2,11.45,0.68,Silt,5.8705530519351,1.3289070241003937e-06,0.6,0.3819533163404726,rice,0.6365888605674543
1444,750.22015,-8.255004181181942,-5.781384364405538,Rural_Hawassa,11.292791,1241.9,-3.4000000000000004,30.7,13.65,0.62,Volcanic,4.594955112386859,0.2671025745813187,3.2,2.1234351039934114,tea,0.663573469997941
1445,711.27893,-3.104996814373424,-0.79928074236492,Rural_Kilimani,5.6046777,1270.4,-3.7,28.6,12.45,0.61,Volcanic,4.241246049734,0.3583043199045345,3.6,1.2290687070416795,cassava,0.3414079741782443
1446,767.3548,-3.988112688296845,-2.7813111164136286,Rural_Kilimani,1.8902498,875.5,-3.5,30.1,13.3,0.56,Sandy,5.643040908235339,0.333370267828017,9.9,4.584318532751948,wheat,0.46306247805575235
1447,675.3077,-6.835710812376446,-6.150762752296433,Rural_Amanzi,1.5575109,724.7,-4.5,32.8,14.15,0.55,Sandy,6.465305755627486,0.2558933163912655,11.0,5.531165014327731,potato,0.5028331831207028
1448,762.9793,-4.943319653969116,-5.988596630783357,Rural_Kilimani,18.89479,513.6,-3.9,32.1,14.1,0.59,Sandy,5.463511677099792,0.3069375325916013,1.5,0.9112901751481477,potato,0.6075267834320984
1449,748.9692,-2.798609674440808,-7.119254866888416,Rural_Kilimani,4.80855,545.6,-4.0,29.3,12.65,0.55,Sandy,4.989985096997823,0.1391332089169959,3.6,1.6984285480885262,wheat,0.4717857078023684
1450,879.3375,-4.447693398195767,-4.943526069921311,Rural_Kilimani,40.57429,648.2,-2.7,26.8,12.05,0.67,Sandy,6.11958905618953,0.2596571392991888,1.2,0.7022984685875738,maize,0.5852487238229782
1451,791.4857,-3.938550062719509,-2.8533849481972178,Rural_Kilimani,2.5010273,892.7,-3.3,30.0,13.35,0.57,Sandy,5.680130200365281,0.3273856524514305,6.9,3.995038624879159,cassava,0.5789911050549506
1452,810.8162,-1.2126056559660938,-1.5380375181467112,Rural_Kilimani,4.680673,1402.4,-2.7,30.8,14.05,0.61,Volcanic,5.414073189986601,0.0353461796879517,4.2,2.156942134780917,cassava,0.5135576511383135
1453,584.1772,-5.646207798520409,-0.7902715133919711,Rural_Kilimani,6.476535,1069.5,-5.0,31.2,13.1,0.59,Loamy,6.723460301410637,0.9170934336576796,3.8,1.702015721040531,maize,0.44789887395803446
1454,323.17834,-1.2846967477149445,-5.195784481163874,Rural_Kilimani,46.60291,103.1,-8.3,33.3,12.499999999999998,0.64,Loamy,5.560437118662009,0.064187956423748,1.7,0.9446519453298274,wheat,0.5556776148998985
1455,598.4249,-6.637460310067107,-2.875908020629589,Rural_Hawassa,4.6317906,862.1,-4.9,31.8,13.45,0.57,Loamy,5.095943021501184,0.4301917119978776,3.2,1.7763761802550293,cassava,0.5551175563296966
1456,614.7461,-8.462266069959888,1.3268972952509677,Rural_Sokoto,1.874454,1698.6,-4.2,28.5,12.15,0.63,Silt,6.297791119940463,0.0454083866319934,11.2,5.306254328904661,coffee,0.47377270793791615
1457,629.703,-6.966375916171238,-3.01104645522382,Rural_Hawassa,12.3893585,919.3,-4.7,29.0,12.15,0.6,Loamy,5.282028709452698,0.2864911576983529,0.6,0.3652074895404634,cassava,0.6086791492341057
1458,281.0364,-11.598228561034894,-6.173285824728805,Rural_Hawassa,8.990823,1693.0,-7.2,33.5,13.15,0.65,Silt,6.182451468584177,0.0113641967547825,2.8,1.6254436237581997,rice,0.5805155799136428
1459,727.1637,-7.498047717819011,-5.686787460189577,Rural_Hawassa,14.860175,957.9,-3.8,28.4,12.3,0.61,Sandy,5.170013784899306,0.3348252823108809,0.7,0.381207799377006,potato,0.5445825705385801
1460,812.18005,-7.750366538939988,-0.3488192937174859,Rural_Sokoto,19.234205,1671.5,-2.4000000000000004,30.0,13.8,0.68,Volcanic,4.092997539548631,0.3376210913576295,0.9,0.5742529391318459,tea,0.6380588212576066
1461,634.3799,-8.119833384152848,0.6196728208744966,Rural_Sokoto,7.992222,1632.3,-4.0,28.8,12.4,0.64,Silt,6.755543216445548,0.1472645791867073,4.7,2.028036440246735,coffee,0.43149711494611376
1462,564.3361,-10.827755017969052,-9.659857437259944,Rural_Akatsi,3.294245,2044.8,-4.2,32.1,13.95,0.66,Silt,5.955874543692894,0.0225591153487624,8.9,4.998233951771017,coffee,0.5615993204237097
1463,588.07635,-8.52084008200583,-5.281372156406887,Rural_Hawassa,10.612383,1165.1,-4.9,30.7,12.9,0.61,Loamy,5.529023838142912,0.3475897320184348,2.7,1.6349845945664492,cassava,0.6055498498394256
1464,776.4834,-3.2626960775740343,-2.254271221496131,Rural_Kilimani,3.4515667,1030.3,-3.4000000000000004,30.4,13.5,0.58,Sandy,6.394804890073563,0.420487322643905,13.0,4.381471269331733,coffee,0.3370362514870564
1465,789.968,-7.42595662607016,-7.7318824370489265,Rural_Akatsi,11.746337,1162.5,-3.1,28.5,12.7,0.62,Sandy,5.490975063352132,0.0722375204267548,3.6,2.1219423078982587,cassava,0.5894284188606274
1466,728.98395,-2.9788374038129355,-6.74987647899752,Rural_Kilimani,8.955264,497.0,-4.2,29.5,12.65,0.56,Sandy,6.458806730798177,0.2037469866003071,2.5,1.471583650302997,wheat,0.5886334601211989
1467,807.0926,-4.902768414860386,-4.398467717057916,Rural_Kilimani,4.35604,630.6,-3.4000000000000004,29.3,12.95,0.55,Sandy,6.761006149105782,0.2432145535349253,3.7,1.8910264220163104,potato,0.5110882221665703
1468,635.9579,-7.885537335969084,-4.348916957706698,Rural_Hawassa,4.041253,1030.1,-4.6,30.1,12.75,0.58,Loamy,5.643985746058603,0.0608923194337197,11.0,6.874961411645466,wheat,0.6249964919677696
1469,692.2104,-5.695770424097745,0.6286820498474452,Rural_Sokoto,0.4178633,1326.9,-3.8,31.5,13.85,0.59,Volcanic,5.8767225493139374,0.7672571846013442,11.6,4.898875130422618,cassava,0.42231682158815675
1470,867.71173,-1.811862856128414,-1.4074036980389557,Rural_Kilimani,8.195422,1433.3,-2.1,27.7,12.8,0.63,Volcanic,4.734798427531048,0.090042879600758,3.6,2.409064529840171,tea,0.6691845916222697
1471,589.1635,-8.764147516658202,-7.047181035104827,Rural_Akatsi,6.3791895,1318.6,-4.8,30.7,12.95,0.61,Peaty,5.413547595373022,0.0477588941125451,3.4,1.6549503045865053,cassava,0.48675008958426624
1472,145.5558,-12.220014227368727,-7.285925602887967,Rural_Hawassa,34.67059,1573.9,-8.5,36.4,13.95,0.72,Silt,5.374445003486083,0.0099778126040514,1.8,0.7191701841340669,banana,0.3995389911855927
1473,468.6026,-0.0411254150472704,-3.646197097816701,Rural_Kilimani,23.315289,514.9,-6.6,31.7,12.55,0.6,Loamy,5.451130744287485,0.0016377381635725,0.9,0.6107732435877291,potato,0.678636937319699
1474,267.11285,-13.049061782480512,-7.168805626239634,Rural_Hawassa,2.5520728,1600.8,-7.4,32.2,12.400000000000002,0.62,Silt,6.728554471918014,7.06565335932428e-05,6.3,3.212741883236257,wheat,0.5099590290851201
1475,690.1675,-5.821929834658233,-4.3804492591120185,Rural_Hawassa,6.630159,583.2,-4.5,30.4,12.95,0.56,Sandy,5.99392180025936,0.2243866425272116,2.7,1.5828289942095728,potato,0.5862329608183603
1476,631.82916,-8.597436866988984,-5.448042892406437,Rural_Hawassa,2.3785427,1238.0,-4.4,32.8,14.2,0.59,Peaty,4.937799026256644,0.231360132622141,10.3,4.619490215989834,cassava,0.4484941957271683
1477,428.29562,-10.602470356253892,-7.177814855212582,Rural_Akatsi,28.115799,1716.2,-5.8,30.5,12.35,0.71,Silt,6.26146184276056,0.0349125521880124,0.5,0.244228503059084,banana,0.488457006118168
1478,440.94415,-10.823249324734748,-7.592239387968221,Rural_Hawassa,0.9511457,1792.0,-5.7,31.7,13.0,0.63,Silt,6.065365656456299,0.047560483220425,9.1,4.834001261093746,coffee,0.5312089297905216
1479,586.9638,-8.786675982829717,-0.6911699946895358,Rural_Sokoto,15.935685,1657.1,-4.5,32.9,14.2,0.67,Silt,5.633562761201535,0.103967492620527,0.6,0.27795518060558494,cassava,0.4632586343426416
1480,887.835,-8.345118045868006,-1.1281175998775466,Rural_Sokoto,1.466686,1815.7,-1.5999999999999996,30.0,14.2,0.63,Volcanic,5.521214122967536,0.1686164592892168,6.8,3.5375702064987493,coffee,0.5202309127204043
1481,720.3594,-2.041653211077876,-0.2812500764203711,Rural_Kilimani,10.193767,1460.1,-3.4000000000000004,30.5,13.55,0.63,Volcanic,4.511723320821528,0.094731795836708,3.0,1.145848010307736,cassava,0.38194933676924536
1482,722.77124,-6.389647182180433,-0.1731393287449869,Rural_Sokoto,9.993353,1385.2,-3.3,30.9,13.8,0.63,Volcanic,4.823383414677257,0.9523338257713192,2.2,1.118024321324089,tea,0.5081928733291313
1483,661.3577,-6.632954616832803,-4.272338511436635,Rural_Hawassa,9.409074,708.7,-4.6,28.9,12.15,0.57,Sandy,6.435506192982777,0.1568611587437312,2.3,1.260924131332272,maize,0.5482278831879445
1484,568.3581,-10.859294870609173,-9.69138973866526,Rural_Akatsi,9.257153,2044.0,-4.3,32.3,13.999999999999998,0.67,Silt,7.059226677645965,0.0200760252446105,4.6,2.267428741805384,wheat,0.4929192916968227
1485,381.42163,-10.96743150823245,-8.862540673153983,Rural_Akatsi,2.9429126,1815.8,-6.2,34.4,14.1,0.64,Silt,6.616039577178213,0.0912361564787101,14.9,6.8965919345624425,banana,0.4628585190981505
1486,841.6233,-7.263751669635246,-7.578725544508798,Rural_Akatsi,1.4379072,1149.1,-2.6,30.2,13.8,0.58,Rocky,5.103301354233577,0.1033078504273136,10.3,5.376230124115646,tea,0.5219640897199657
1487,466.76398,-0.2123417579507904,-3.5561048080872157,Rural_Kilimani,7.108365,540.7,-6.6,31.5,12.45,0.56,Loamy,6.14785590677848,0.0028532883707514,4.3,3.0723872865671984,wheat,0.7145086712946973
1488,276.3304,-13.67084744881435,-7.67332244872476,Rural_Hawassa,6.6051674,1459.8,-7.5,30.7,11.6,0.62,Silt,6.642357224380346,2.335308073936726e-06,3.1,1.785958847981105,rice,0.5761157574132597
1489,668.8335,-10.512356491567829,0.146688299794691,Rural_Sokoto,1.2913184,2138.5,-3.3,30.8,13.75,0.66,Volcanic,4.931500845282082,0.3630419974648033,10.9,8.150885178012834,tea,0.7477876310103517
1490,558.2209,-8.81821583546984,-0.8713545741485091,Rural_Sokoto,28.803356,1618.7,-4.8,31.4,13.3,0.7,Silt,6.729305071699205,0.0942078055968924,1.4,0.7647658344346033,wheat,0.546261310310431
1491,695.84406,-2.109238609592424,-2.9795141538184997,Rural_Kilimani,14.845182,857.5,-4.2,29.1,12.45,0.6,Sandy,5.69165919943639,0.2142644898306074,1.8,1.0475041723958847,potato,0.5819467624421581
1492,582.2238,-5.731815969972169,-7.691340906670658,Rural_Amanzi,27.327559,556.7,-5.5,30.5,12.5,0.62,Loamy,5.712861651948816,0.4020114119543172,1.1,0.7024624026152525,potato,0.638602184195684
1493,636.40204,-6.569874911552558,-0.267736232960948,Rural_Sokoto,22.72641,1282.7,-4.3,32.1,13.9,0.66,Silt,5.4582936786498975,0.8916913962407483,1.9,0.5946673217538899,wheat,0.3129828009231
1494,584.1912,-7.295291522275368,-3.52006789219542,Rural_Hawassa,1.9954404,881.2,-5.2,32.1,13.45,0.56,Loamy,5.456572543282682,0.112821658940315,7.5,4.549798129981496,wheat,0.6066397506641994
1495,748.5968,-10.67005575476844,-1.1416314433369694,Rural_Sokoto,3.7488427,2196.1,-2.5,28.8,13.15,0.67,Volcanic,5.778336061208778,0.2197331139366011,12.0,8.313322265492763,coffee,0.6927768554577303
1496,782.4308,-10.323117375727096,-1.758763627983954,Rural_Sokoto,7.485428,2133.6,-2.2,31.7,14.75,0.68,Volcanic,5.087319997269173,0.1198472501366889,3.8,2.8217697425568384,tea,0.7425709848833786
1497,543.3437,-11.575700094863375,-5.4750705793252825,Rural_Hawassa,5.1525216,1953.5,-4.6,30.2,12.8,0.66,Silt,6.998310373754102,0.0073313188868928,4.4,2.213431749318653,wheat,0.5030526702996938
1498,669.2977,-10.178935192229396,-0.7136930671219075,Rural_Sokoto,1.0884283,2053.5,-3.3,32.8,14.749999999999998,0.65,Volcanic,4.480200416958185,0.2790426473087397,11.8,9.168705486051858,tea,0.7770089394959201
1499,816.1323,-3.767333719815989,-2.560585006576386,Rural_Kilimani,11.226282,983.7,-3.0,28.9,12.95,0.6,Sandy,6.691951323265441,0.391307007153803,4.0,2.0657176088334626,wheat,0.5164294022083656
1500,926.629,-4.177351804137578,-4.218283137598943,Rural_Kilimani,12.578088,777.3,-2.2,30.2,14.0,0.59,Rocky,4.443323179568777,0.2128446201563838,1.8,0.726179410690056,tea,0.40343300593891995
1501,634.23627,-8.56139132111456,-0.1461116418261407,Rural_Sokoto,0.6852395,1695.6,-4.0,33.4,14.7,0.62,Silt,6.931455559239883,0.1241329162691656,9.5,5.040122109041343,wheat,0.530539169372773
1502,588.921,-6.709551401815958,-2.425446571982156,Rural_Hawassa,8.754817,921.1,-5.1,29.8,12.35,0.59,Loamy,4.874364668409866,0.535793345885365,4.4,2.0295136853233195,wheat,0.4612531103007544
1503,760.4132,-7.6377242080824095,-7.200337927644955,Rural_Akatsi,25.587185,1133.6,-3.4000000000000004,28.9,12.75,0.66,Sandy,6.413416593014324,0.1051327416348942,1.3,0.719162330080508,wheat,0.5532017923696215
1504,728.50226,-8.809204449001232,-7.686836292184183,Rural_Akatsi,24.409187,1542.5,-3.3,29.5,13.1,0.68,Volcanic,5.274552773541305,0.0775496234445732,1.1,0.5307129025348046,banana,0.4824662750316406
1505,855.45953,-4.389119386149826,-5.880485883107974,Rural_Kilimani,6.139039,592.6,-3.0,31.1,14.05,0.56,Rocky,5.930736982717093,0.2706679578324658,3.0,1.8381839920064764,wheat,0.6127279973354921
1506,386.26392,-11.035016906746996,-5.281372156406887,Rural_Hawassa,23.240303,1717.5,-6.2,34.3,14.05,0.69,Silt,5.272542236150233,0.0371127404236087,1.5,0.6379571478993684,banana,0.4253047652662456
1507,756.4706,-4.159329031200365,-0.8938776465808809,Rural_Kilimani,9.838832,1239.1,-3.3,27.1,11.9,0.62,Volcanic,4.2165518761872445,0.7616185750062654,3.7,1.592215368785076,tea,0.4303284780500205
1508,919.6281,-3.240167611402517,-7.885039329589053,Rural_Kilimani,32.744648,813.0,-2.2,30.0,13.9,0.66,Sandy,5.03754450358245,0.0558510546147821,1.0,0.45197301577127724,tea,0.45197301577127724
1509,448.152,-11.445034991068583,-5.592190555973616,Rural_Hawassa,17.988884,1841.5,-5.6,32.7,13.55,0.69,Silt,6.67953336730378,0.0161255120844528,1.6,0.8369823689345204,wheat,0.5231139805840752
1510,663.1803,-7.971145507420844,-6.85348261218643,Rural_Akatsi,27.864697,1108.8,-4.3,33.0,14.35,0.66,Sandy,5.880072483426683,0.1642408996787532,1.8,1.0337747887829658,cassava,0.5743193271016477
1511,677.4899,-9.057017576887908,-1.5335329036602368,Rural_Sokoto,1.5252724,1740.3,-3.6,32.2,14.3,0.63,Volcanic,5.178247720920506,0.0533287780544661,10.3,4.652113127131201,cassava,0.4516614686535146
1512,510.20917,-13.702387301454472,-5.993101245269831,Rural_Hawassa,5.2460046,1691.9,-5.1,34.3,14.599999999999998,0.64,Silt,7.1887580486894125,1.3111471749358388e-07,3.5,1.3944197902151068,banana,0.39840565434717334
1513,885.9169,-1.7758173102539896,-1.8578651466863891,Rural_Kilimani,27.16765,1351.5,-2.0,28.7,13.35,0.68,Volcanic,5.014511841954494,0.1102941445804242,0.7,0.45236261409397244,tea,0.6462323058485321
1514,958.9607,-4.249442895886428,-3.186726420196319,Rural_Kilimani,16.473732,983.6,-1.6999999999999993,28.6,13.45,0.62,Sandy,4.71912229420604,0.2476246889119789,1.4,0.5976067710852151,tea,0.4268619793465822
1515,660.0637,-7.18264919141779,-2.8578895626836927,Rural_Hawassa,1.6307168,1027.0,-4.4,30.9,13.25,0.57,Sandy,6.052341783686228,0.2789147328861287,8.4,4.131525828505825,wheat,0.4918483129173601
1516,816.92896,-1.9470336531575096,-0.9389237914456244,Rural_Kilimani,2.201404,1463.0,-2.5,31.4,14.45,0.61,Volcanic,5.710443779609073,0.0909584557523597,6.2,3.243321850905155,coffee,0.5231164275653476
1517,708.07916,-8.642493799332016,-5.59669517046009,Rural_Hawassa,2.7450337,1335.0,-3.7,28.7,12.5,0.6,Volcanic,5.800099652026616,0.1645838596661054,12.0,6.47670322427145,coffee,0.5397252686892875
1518,246.21362,-13.359954615647432,-7.326467133266235,Rural_Hawassa,6.7476826,1500.7,-7.8,32.9,12.55,0.63,Silt,6.350192527330098,1.214026448735822e-05,4.3,2.2383272095406133,wheat,0.5205412115210729
1519,700.6247,-10.093327020777636,-9.74994972698943,Rural_Akatsi,4.7689934,2070.6,-3.0,32.7,14.85,0.66,Volcanic,4.232605238988059,0.0906319382895423,3.3,2.46456716638194,tea,0.7468385352672546
1520,504.14276,-9.949144837279936,-4.646221513814004,Rural_Hawassa,8.811642,1581.4,-5.3,30.4,12.55,0.64,Silt,6.485261855948729,0.0276143212053923,2.5,1.3887500935522472,wheat,0.5555000374208989
1521,798.3064,-4.470221864367282,-1.6686713382544671,Rural_Kilimani,3.9780347,1124.7,-3.0,30.5,13.75,0.59,Sandy,5.941376157501667,0.7161879360840384,5.7,3.0030523500609134,cassava,0.5268512894843708
1522,830.84314,-4.5242901831789215,-2.330849667766195,Rural_Kilimani,7.4457855,1019.0,-2.8,29.7,13.45,0.59,Sandy,5.888617968942357,0.4447671040385603,3.3,1.9227575735350513,cassava,0.5826538101621368
1523,630.8201,-9.534621059724042,-2.3488681257120927,Rural_Hawassa,16.151487,1740.8,-4.0,31.1,13.55,0.67,Silt,6.961954588210838,0.1328906508556523,1.3,0.5876152525172466,banana,0.45201173270557427
1524,862.061,-3.758322333347383,-2.9614956958726024,Rural_Kilimani,11.180805,946.7,-2.6,29.8,13.6,0.6,Rocky,4.587389888483691,0.3315015567078477,4.8,2.2950884511920804,potato,0.47814342733168347
1525,694.6507,-7.804434857751627,-5.948055100405089,Rural_Hawassa,7.993119,1030.9,-4.1,29.5,12.7,0.59,Sandy,6.021177734937202,0.3763396398038296,4.6,2.5703346696273983,cassava,0.5587684064407388
1526,334.68112,-11.674825346018046,-6.601224200943867,Rural_Hawassa,7.6531963,1754.8,-6.7,30.8,12.05,0.65,Silt,6.611064260806979,0.0053766113179446,2.5,1.2867032485425223,wheat,0.5146812994170089
1527,691.7499,-7.944111348015024,-2.8849172496025384,Rural_Hawassa,5.1568456,1265.5,-3.9,32.8,14.45,0.6,Volcanic,4.42960465193644,0.1232235687946561,4.4,3.0814010722255856,tea,0.7003184255058148
1528,890.4946,-3.447429500180464,-2.3488681257120927,Rural_Kilimani,6.348979,1123.2,-2.2,31.0,14.4,0.6,Rocky,6.011292842432372,0.4260723255490934,4.2,2.2540243666143303,wheat,0.5366724682415072
1529,920.9149,-3.82590773186193,-2.317335824306772,Rural_Kilimani,7.792421,1143.3,-1.9000000000000004,29.7,13.9,0.6,Rocky,5.4884747136717325,0.4352308756357186,3.0,1.4874745135620515,cassava,0.49582483785401715
1530,552.5679,-10.908857496186508,-9.70940819661116,Rural_Akatsi,14.828123,2034.0,-4.4,31.4,13.5,0.69,Silt,6.898840853553657,0.0171865858801768,2.0,1.0570473450930908,coffee,0.5285236725465454
1531,546.1498,-9.30483070477458,-7.367008663644504,Rural_Akatsi,17.227978,1483.9,-5.0,33.2,14.1,0.66,Silt,6.258444202413047,0.0452032267870674,1.1,0.5096314651066289,coffee,0.46330133191511713
1532,647.7714,-8.16489031649588,-3.4434894459253567,Rural_Hawassa,8.452924,1218.8,-4.3,29.9,12.8,0.61,Volcanic,5.06824686046929,0.042013137630211,2.5,1.139837024151826,cassava,0.4559348096607304
1533,914.3088,-6.745596947690382,-8.155316198777513,Rural_Amanzi,11.529488,1169.8,-1.9000000000000004,28.0,13.05,0.62,Sandy,5.846766300397513,0.1336960106426679,4.5,2.3318811995135658,wheat,0.5181958221141257
1534,884.85846,-7.863008869797568,-8.132793126345142,Rural_Akatsi,8.455911,1448.7,-1.9000000000000004,28.1,13.1,0.63,Volcanic,4.0386707974344,0.0827712702538574,3.8,2.1916490168250222,tea,0.5767497412697428
1535,479.94794,-10.899846109717902,-9.227414446558406,Rural_Akatsi,2.2344253,1935.4,-5.1,30.7,12.8,0.64,Silt,5.8993722390796,0.0409135492152783,12.6,7.340971589646501,banana,0.5826167928290874
1536,913.0971,-6.95736452970263,-7.772423967427195,Rural_Amanzi,13.0785475,1165.3,-1.9000000000000004,26.6,12.35,0.62,Sandy,5.998973567220011,0.1587074889837325,0.8,0.31271190433501816,coffee,0.3908898804187727
1537,517.50354,-1.4288789312126458,-6.37599347662015,Rural_Kilimani,9.238734,242.1,-6.5,33.5,13.5,0.54,Loamy,5.540192577795236,0.1579743967872973,4.9,2.8861872631125163,wheat,0.5890178087984727
1538,911.33746,-2.866195072955355,-7.2363748435367485,Rural_Kilimani,5.6491585,726.3,-2.4000000000000004,27.4,12.5,0.56,Rocky,5.827906689726598,0.1154800706594279,3.4,2.084519706994291,potato,0.6130940314689091
1539,815.0465,-4.231420122949215,-1.7812867004163258,Rural_Kilimani,4.02053,1128.1,-2.9000000000000004,29.9,13.5,0.59,Sandy,6.305898447017886,0.6359685127712131,6.8,2.913580661484836,wheat,0.42846774433600526
1540,241.42996,-11.904615700967508,-6.776904165916366,Rural_Hawassa,6.155155,1669.6,-7.6,32.0,12.2,0.64,Silt,5.73880097256305,0.0022009757649464,4.6,2.038471834366408,wheat,0.4431460509492191
1541,649.29626,-5.776872902315201,-6.997630275753608,Rural_Amanzi,28.47351,554.0,-4.8,31.6,13.4,0.62,Sandy,4.85679379324274,0.3989935054646698,0.6,0.31645074169842474,potato,0.5274179028307079
1542,558.4442,-1.167548723623062,-5.871476654135025,Rural_Kilimani,1.8507417,302.9,-6.0,30.7,12.35,0.52,Loamy,4.89854990466401,0.097844815559856,6.2,3.486603417580255,wheat,0.5623553899322992
1543,526.5974,-9.80045696054793,-4.902984539543042,Rural_Hawassa,10.696184,1553.4,-5.1,32.5,13.7,0.64,Silt,5.845911977359853,0.0271348148866885,4.7,2.1945729558195386,coffee,0.4669304161318167
1544,210.64381,-12.657066471096137,-6.817445696294636,Rural_Hawassa,5.9901285,1600.4,-7.9,35.3,13.7,0.63,Silt,6.280632404615019,0.0001103562730958,2.2,0.94142383989496,banana,0.4279199272249818
1545,712.86835,-10.025741622263087,-9.64634359380052,Rural_Akatsi,9.362896,2056.2,-2.9000000000000004,28.9,13.0,0.68,Volcanic,5.727102614871996,0.1153088010820818,4.5,2.965993965053116,coffee,0.6591097700118036
1546,243.73907,-12.66157216433044,-7.339980976725658,Rural_Akatsi,11.567538,1639.6,-7.6,33.9,13.15,0.65,Silt,5.579026378426359,0.0018182061686405,4.6,1.9541690037156663,wheat,0.4248193486338405
1547,729.6602,-8.124339077387152,-3.7948493758703545,Rural_Hawassa,9.085637,1254.5,-3.5,31.2,13.85,0.61,Volcanic,4.225641866725597,0.0370116290663007,2.7,1.7672990900308703,tea,0.6545552185299519
1548,605.69904,-6.583391991255468,-2.1281420158748494,Rural_Hawassa,13.90092,974.9,-4.9,30.5,12.8,0.61,Loamy,5.835829203470921,0.6785011650969358,1.9,1.1323969618800747,cassava,0.595998400989513
1549,477.8014,-6.79966526650202,-1.5740744340385062,Rural_Sokoto,11.120896,969.5,-6.1,33.8,13.849999999999998,0.6,Loamy,6.152722711805911,0.7772446573717415,3.8,1.8110169114554222,maize,0.47658339775142694
1550,603.0337,-6.493278126569406,-2.862394177170166,Rural_Hawassa,2.059407,817.4,-5.1,30.6,12.75,0.56,Loamy,6.5757037183666105,0.4726357103451398,11.1,7.0820973442631745,wheat,0.6380267877714572
1551,795.27814,-2.086710143420907,-7.114750252401941,Rural_Kilimani,7.7360144,599.8,-3.4000000000000004,31.8,14.2,0.56,Sandy,6.02123250488391,0.1353347631223094,2.5,1.487067740382544,wheat,0.5948270961530177
1552,637.8082,-5.970617711390238,-0.3938654385822293,Rural_Sokoto,16.06919,1236.5,-4.1,28.1,12.0,0.64,Volcanic,4.445131040015954,0.975412932996943,0.6,0.17953466787328295,cassava,0.2992244464554716
1553,879.07416,-3.74029956041017,-1.871378990145812,Rural_Kilimani,0.4099383,1200.1,-2.2,26.4,12.1,0.58,Rocky,4.31339268446992,0.5250381268041824,7.5,2.774393008708485,tea,0.369919067827798
1554,888.86554,-8.06576506534121,-0.3443146792310119,Rural_Sokoto,31.731165,1828.1,-1.5999999999999996,29.8,14.1,0.73,Volcanic,4.631902253140169,0.2210228736930939,1.2,0.9151775291155397,tea,0.7626479409296165
1555,704.7222,-8.070270758575514,-3.8083632193297774,Rural_Hawassa,19.461254,1209.6,-3.8,30.1,13.15,0.64,Volcanic,4.940095994844842,0.0395055392428779,1.3,0.6284195472975455,cassava,0.4833996517673427
1556,356.3545,-11.206233249650518,-6.921051829483546,Rural_Hawassa,29.857176,1749.1,-6.4,31.0,12.3,0.72,Silt,6.159895363447771,0.0201120935173875,1.7,0.929272608077884,coffee,0.5466309459281671
1557,526.6559,-10.237509204275336,-5.700301303649,Rural_Hawassa,6.888226,1680.1,-5.0,33.0,14.0,0.64,Silt,5.605884959102147,0.2451630445320905,3.2,1.4798087482014517,banana,0.4624402338129536
1558,287.79498,-12.77421449518802,-7.772423967427195,Rural_Akatsi,1.6063994,1674.8,-7.2,33.3,13.05,0.62,Silt,6.166570098831885,0.0039659314648492,9.4,5.528191003358241,rice,0.5881054258891746
1559,462.1641,-0.8296217310503238,-3.425470987979459,Rural_Kilimani,9.029343,567.9,-6.6,33.6,13.5,0.56,Loamy,5.959142785822229,0.0168278173258083,5.0,3.4779932380894403,wheat,0.695598647617888
1560,618.439,-6.880767744719478,-2.5155388617116428,Rural_Hawassa,15.329989,970.6,-4.8,30.8,13.0,0.61,Loamy,5.930731724215308,0.4735580478486072,1.2,0.694551928588904,wheat,0.5787932738240867
1561,765.94226,-4.276477055292247,-4.943526069921311,Rural_Kilimani,14.993211,530.3,-3.9,28.8,12.45,0.58,Sandy,4.728035884690351,0.246701949857756,1.1,0.554479762693182,tea,0.5040725115392564
1562,514.51306,-1.577566807944649,-6.285901186890663,Rural_Kilimani,20.101246,248.8,-6.5,31.7,12.6,0.57,Loamy,6.481416757413358,0.2051960495735582,2.0,1.0581950775958227,potato,0.5290975387979113
1563,543.32294,-4.943319653969116,0.038577552119307,Rural_Kilimani,8.308323,1114.1,-5.3,31.4,13.05,0.6,Loamy,5.528610850185767,0.7657676174537619,2.3,0.9681179549661411,wheat,0.42092084998527873
1564,757.3691,-10.949408735295236,-0.2452131605285763,Rural_Sokoto,6.414987,2268.3,-2.4000000000000004,29.6,13.6,0.68,Volcanic,4.207417477943534,0.3478990280529715,2.5,1.5482158744762284,tea,0.6192863497904914
1565,447.06342,-13.891626417295203,-6.704830334132777,Rural_Hawassa,5.363902,1568.3,-5.8,32.5,13.35,0.63,Silt,5.84034545961145,3.4385440888735755e-08,4.1,2.00554017067481,coffee,0.4891561391889781
1566,724.5394,-5.024422132186572,-1.2001914316611362,Rural_Kilimani,6.868289,1129.3,-3.7,30.5,13.4,0.6,Sandy,5.030556610171785,0.8861088785362482,2.2,0.7500414802073264,tea,0.3409279455487847
1567,802.2735,-5.105524610404029,-7.9120670165079,Rural_Amanzi,10.876186,749.7,-3.3,29.4,13.05,0.58,Sandy,6.650318255582222,0.3705978794618028,3.4,1.879307206059019,wheat,0.5527374135467703
1568,611.85315,-8.169396009730182,-3.2858279388987546,Rural_Hawassa,6.941769,1200.7,-4.6,31.7,13.55,0.6,Loamy,6.693400303076294,0.0495028008661885,2.1,1.1625404479963493,cassava,0.553590689522071
1569,838.6646,-10.534884957739346,0.3223682647671901,Rural_Sokoto,0.5454028,2323.3,-1.5999999999999996,29.8,14.1,0.67,Volcanic,4.755996179844031,0.329937166220165,13.1,8.29062893722129,tea,0.6328724379558237
1570,347.65256,-11.29634711433658,-6.930061058456494,Rural_Hawassa,11.294659,1741.1,-6.6,33.7,13.55,0.66,Silt,6.224772738539023,0.0161650514255991,2.7,1.2947575683379975,banana,0.47953984012518425
1571,565.25055,-12.50387290112983,-9.245432904504304,Rural_Akatsi,5.557243,2023.1,-4.3,29.2,12.45,0.66,Silt,6.266591280829832,0.0030640791450009,2.5,1.3990557193095066,coffee,0.5596222877238026
1572,675.98175,-7.565633116333559,-3.5561048080872157,Rural_Hawassa,2.872636,1049.3,-4.2,29.8,12.8,0.58,Sandy,6.264203551199855,0.0826928624824323,14.5,7.186070425262431,maize,0.4955910638112021
1573,439.11517,-11.50811469634883,-5.402996747541693,Rural_Hawassa,12.639585,1836.5,-5.7,30.2,12.25,0.67,Silt,6.4304878281406666,0.0085030656015478,1.9,1.0009138453060926,wheat,0.5267967606874172
1574,638.1752,-7.024949928217179,-5.655255158784256,Rural_Hawassa,3.1302185,722.5,-4.8,32.2,13.7,0.56,Sandy,5.658023893612051,0.2687031952721254,14.1,8.241888292193325,potato,0.5845310845527181
1575,832.44055,-7.763883618642898,-8.146306969804565,Rural_Akatsi,12.857649,1365.0,-2.5,29.2,13.35,0.64,Volcanic,5.212758172961272,0.0913140020512716,1.1,0.5391336083814628,cassava,0.49012146216496616
1576,928.7282,-4.519784489944618,-4.709286116624646,Rural_Kilimani,8.342031,719.5,-2.2,29.1,13.45,0.57,Rocky,5.859957167728615,0.2514265327994158,4.0,2.302575523893257,maize,0.5756438809733142
1577,224.95166,-12.756191722250808,-7.011144119213031,Rural_Hawassa,3.8565545,1595.0,-7.9,34.2,13.150000000000002,0.62,Silt,5.689413624756735,0.0001935344229978,13.6,7.754897722353078,rice,0.5702130678200793
1578,484.6015,-11.909121394201811,-9.659857437259944,Rural_Akatsi,7.182041,1997.1,-5.1,32.3,13.599999999999998,0.67,Silt,6.659251390765609,0.002558722120291,2.3,1.2916667079832418,coffee,0.5615942208622791
1579,583.5633,-10.72412407358008,-9.745445112502956,Rural_Akatsi,1.1740543,2046.7,-4.1,33.9,14.9,0.65,Silt,6.815350331223614,0.0259485746751189,7.7,4.184806506839334,banana,0.5434813645245888
1580,776.7425,-6.682517242410137,-7.123759481374891,Rural_Amanzi,6.7143807,870.9,-3.5,30.4,13.45,0.58,Sandy,6.74441995307498,0.3218845720730305,4.9,2.429536784007722,maize,0.4958238334709636
1581,630.4959,-6.249970691917033,-6.587710357484444,Rural_Amanzi,2.0302439,570.2,-5.1,33.0,13.95,0.54,Loamy,6.677483856653705,0.2839292979150954,5.6,3.135901863090981,potato,0.5599824755519609
1582,880.28986,-3.758322333347383,-2.0290404971724145,Rural_Kilimani,6.622269,1166.7,-2.2,28.6,13.2,0.6,Rocky,6.1833756624357,0.4940496561521128,2.0,0.9253840348898112,cassava,0.4626920174449056
1583,848.0909,-2.348040351010491,-8.236399259534052,Rural_Kilimani,11.551789,774.8,-2.9000000000000004,29.7,13.4,0.59,Rocky,4.627536514367931,0.0154803941997461,3.3,1.6870179597728243,potato,0.5112175635675226
1584,404.04434,-10.68357283447135,-5.3083998433257324,Rural_Hawassa,6.2298484,1665.1,-6.1,31.6,12.75,0.64,Silt,5.665067835602988,0.0821560840506186,4.2,2.6689618387365277,rice,0.635467104461078
1585,755.65295,-10.715112687111471,-0.0830470390155002,Rural_Sokoto,9.938938,2247.7,-2.4000000000000004,30.1,13.85,0.69,Volcanic,5.246763156661197,0.3633612276957429,2.4,1.6249441824483937,tea,0.677060076020164
1586,262.85223,-11.557677321926164,-6.691316490673354,Rural_Hawassa,6.776001,1673.0,-7.4,33.0,12.8,0.64,Silt,6.576268221843779,0.008188681573962,4.2,2.141307329351285,wheat,0.5098350784169726
1587,567.30536,-1.6361408199905902,-5.488584422784706,Rural_Kilimani,9.876454,333.9,-5.8,31.4,12.8,0.55,Loamy,6.351628349348162,0.1624005494434046,4.5,2.8246567280266235,maize,0.6277014951170274
1588,330.09503,-13.008510543371784,-6.7183441775922,Rural_Hawassa,4.0463896,1671.6,-6.8,31.0,12.1,0.63,Silt,7.446688566830879,6.783026253207108e-06,6.6,2.1836537425476,banana,0.33085662765872725
1589,688.44666,-2.67245026388032,-4.605679983435736,Rural_Kilimani,18.658047,522.4,-4.6,27.1,11.25,0.59,Sandy,4.604173108354656,0.1290271148428451,1.6,0.7174030430520221,wheat,0.4483769019075138
1590,553.1635,-6.047214496373391,-3.781335532410932,Rural_Hawassa,4.983069,545.2,-5.8,31.0,12.6,0.55,Loamy,5.388842054958144,0.233458242008454,2.6,1.7291025188949463,potato,0.6650394303442101
1591,639.4239,-5.885009539938478,-7.894048558562003,Rural_Amanzi,22.132992,656.4,-5.0,28.4,11.7,0.61,Sandy,5.618469010568264,0.3275286126547916,1.7,0.7702518673593866,maize,0.4530893337408156
1592,763.0313,-3.190604985825184,-1.776782085929851,Rural_Kilimani,1.9983621,1129.4,-3.3,28.0,12.35,0.58,Sandy,5.436931408779496,0.4129061756833771,14.6,5.638989110837854,wheat,0.3862321308793051
1593,552.366,-8.417209137616858,-2.474997331333374,Rural_Hawassa,18.977077,1323.3,-5.0,31.4,13.2,0.65,Silt,5.538075218937691,0.0911822199427315,0.9,0.4360559700147528,cassava,0.4845066333497253
1594,775.92926,-4.596381274927772,-1.2317237330664563,Rural_Kilimani,4.241711,1182.4,-3.2,29.1,12.95,0.59,Sandy,5.994992660867382,0.8379734375288239,2.3,0.7913244264425858,wheat,0.3440540984532982
1595,807.512,-4.681989446379532,-5.281372156406887,Rural_Kilimani,15.513042,556.3,-3.5,31.4,13.95,0.58,Sandy,4.604300679728795,0.2887587473868573,1.7,0.9171632684824372,potato,0.539507804989669
1596,862.87836,-5.398394670633735,-5.73183360505432,Rural_Kilimani,43.35657,648.1,-2.9000000000000004,31.1,14.1,0.68,Sandy,6.237385182547536,0.3079072828900824,1.4,0.8108664158183692,maize,0.5791902970131209
1597,702.18463,-8.106316304449939,-5.772375135432589,Rural_Hawassa,2.635905,1138.6,-3.9,31.8,13.95,0.59,Sandy,5.405407275782284,0.3055005377617638,9.0,4.913756058311434,cassava,0.5459728953679371
1598,466.30634,-11.530643162520343,-9.209395988612508,Rural_Akatsi,3.2467465,1964.3,-5.3,31.7,13.2,0.65,Silt,6.726340462009351,0.0405794361379625,6.0,3.1805564347055704,banana,0.530092739117595
1599,492.46872,-1.0323779265939663,-4.065126245058815,Rural_Kilimani,43.54253,452.3,-6.4,28.9,11.25,0.66,Loamy,6.035621257011512,0.016863243717514,1.0,0.6926257485907195,wheat,0.6926257485907195
1600,634.82654,-10.273554750149762,-9.718417425584107,Rural_Akatsi,8.860072,2028.4,-3.7,28.7,12.5,0.67,Silt,5.904702956822804,0.0710011850011468,2.7,1.4413898328103643,coffee,0.5338480862260608
1601,826.57623,-1.892965334345872,-8.475143827317192,Rural_Kilimani,20.22511,776.9,-3.1,29.5,13.2,0.61,Sandy,5.0990975867470265,0.0060590889792918,1.7,1.060620901296811,potato,0.6238946478216536
1602,690.3048,-4.042181007108482,-0.5515269456088314,Rural_Kilimani,2.7129738,1229.6,-3.9,28.8,12.45,0.59,Volcanic,5.112951312747525,0.6860230676350739,7.9,3.4472615303246585,cassava,0.43636221902843775
1603,510.2128,-1.726254684676654,-5.08767373348849,Rural_Kilimani,4.052114,306.2,-6.4,28.4,11.0,0.53,Loamy,5.628532079836076,0.1074503617118816,9.1,5.840934609153981,potato,0.6418609460608771
1604,782.08453,-2.6364047180058936,-3.2948371678717034,Rural_Kilimani,11.056384,847.0,-3.4000000000000004,31.8,14.2,0.59,Sandy,5.260752394579333,0.2842399287415065,2.6,1.144820151566492,wheat,0.4403154429101892
1605,712.45154,-3.190604985825184,-7.015648733699506,Rural_Kilimani,13.894613,499.3,-4.4,29.3,12.45,0.57,Sandy,5.189587769662224,0.1452840554793585,0.6,0.2819562031310999,wheat,0.4699270052184999
1606,505.49478,-8.615459639926197,-5.907513570026819,Rural_Hawassa,1.7081702,1119.2,-5.7,33.5,13.9,0.58,Loamy,5.367658174424129,0.1537983185497255,13.9,7.648507609447717,wheat,0.5502523460034329
1607,436.346,-10.715112687111471,-8.727402238559755,Rural_Akatsi,1.1180751,1829.8,-5.7,32.4,13.35,0.63,Silt,7.266562172782442,0.0888898316159132,5.9,2.9044177116293564,rice,0.4922741884117553
1608,321.48187,-0.7530249460671694,-3.4795263618171512,Rural_Kilimani,20.503197,408.8,-8.0,32.5,12.25,0.59,Loamy,4.777462288185971,0.0133767464874649,0.7,0.42111405281248915,potato,0.6015915040178417
1609,388.7523,-11.021499827044089,-9.03371602364001,Rural_Akatsi,4.2869916,1847.7,-6.0,30.5,12.25,0.64,Silt,6.117612038599983,0.0643395421022941,2.3,1.206306030660079,banana,0.5244808828956866
1610,836.1712,-8.345118045868006,-8.011168535210334,Rural_Akatsi,17.986107,1536.9,-2.3,29.5,13.6,0.66,Volcanic,5.241421669355627,0.0865931328905785,1.3,0.6282054646339204,cassava,0.4832349727953233
1611,812.4603,-4.16834041766897,-1.4524498429036987,Rural_Kilimani,11.182306,1194.8,-2.8,28.9,13.05,0.62,Sandy,4.965942708855505,0.7216959223261282,2.6,0.9438720007163182,tea,0.3630276925831993
1612,845.16797,-4.46571617113298,-2.916449551007859,Rural_Kilimani,6.335224,913.0,-2.8,27.7,12.45,0.58,Rocky,5.21800817177705,0.2698686903670441,3.5,1.8489249293885741,potato,0.5282642655395926
1613,765.13086,-8.489300229365707,-0.0695331955560771,Rural_Sokoto,2.1066718,1819.2,-2.7,27.7,12.5,0.64,Volcanic,5.97764824239002,0.1289512719562946,9.6,6.361504638674331,banana,0.6626567331952429
1614,559.70514,-9.169659907745489,-5.339932144731053,Rural_Hawassa,3.0800164,1368.6,-5.0,30.6,12.8,0.6,Peaty,5.93581657365712,0.0446882792846904,13.0,7.012386656575044,banana,0.5394143581980804
1615,706.44495,-8.381163591742432,-0.4434161979334472,Rural_Sokoto,2.9378226,1703.8,-3.3,32.3,14.499999999999998,0.63,Volcanic,4.261403165316453,0.1460739545211357,12.2,9.376870785564604,tea,0.7685959660298857
1616,640.3123,-5.227178327730215,-7.339980976725658,Rural_Kilimani,23.488413,511.2,-5.0,34.6,14.8,0.6,Sandy,4.953439534053403,0.448323220850979,1.1,0.5755111225947775,potato,0.5231919296316159
1617,810.90857,-11.016994133809783,-0.4073792820416526,Rural_Sokoto,16.529837,2359.3,-1.5,28.2,13.35,0.72,Volcanic,4.735701726852872,0.3420987121178186,0.9,0.4424424283500476,coffee,0.49160269816671953
1618,409.68567,-14.526929163331952,-7.439082495428095,Rural_Hawassa,5.968615,1301.2,-6.4,33.2,13.400000000000002,0.61,Peaty,5.271597363309647,1.006082112069641e-09,4.0,1.7396787643763092,banana,0.4349196910940773
1619,858.25806,-2.1633069284040616,-1.303797564850046,Rural_Kilimani,0.5336611,1410.8,-2.2,31.7,14.75,0.6,Volcanic,4.564518759644024,0.1374627042056122,5.7,3.740092574622995,tea,0.6561565920391219
1620,655.4185,-8.146867543558667,-3.889446280086316,Rural_Hawassa,7.8518214,1175.3,-4.3,30.5,13.1,0.61,Sandy,6.111259924883912,0.0358548932809755,4.1,2.127594053178334,wheat,0.5189253788239839
1621,483.6923,-9.854525279359567,-2.704732670143565,Rural_Hawassa,15.428222,1643.2,-5.4,30.3,12.45,0.66,Silt,6.370680605121134,0.0326941471537787,0.8,0.4353830754638821,wheat,0.5442288443298526
1622,143.86328,-12.41826472967807,-6.916547214997071,Rural_Hawassa,1.5595025,1554.9,-8.6,33.3,12.349999999999998,0.61,Peaty,5.15622974738398,0.0006566770772302,11.4,6.353079724116541,rice,0.5572876950979422
1623,552.1661,-1.2486512018405185,-3.3714156141417675,Rural_Kilimani,15.060289,662.1,-5.7,32.9,13.6,0.59,Loamy,4.935411763257304,0.045442046449416,1.9,1.233403135695352,potato,0.6491595451028169
1624,415.78937,-11.28283003463367,-8.844522215208087,Rural_Akatsi,12.486655,1882.9,-5.8,32.2,13.2,0.67,Silt,6.351633226249701,0.1325197266195368,0.9,0.46847508562198986,banana,0.520527872913322
1625,812.8068,-3.659197082192712,-0.9164007190132526,Rural_Kilimani,0.7513823,1321.7,-2.7,26.3,11.8,0.59,Volcanic,4.262886581915273,0.5905025168142809,12.9,6.128654309778741,tea,0.475089481378197
1626,657.5129,-7.160120725246274,-0.5019761862576135,Rural_Sokoto,2.0478818,1376.4,-4.1,29.3,12.6,0.6,Volcanic,5.721630722668407,0.6219301906088637,13.0,4.613841305767151,wheat,0.3549108696743962
1627,842.4812,-10.282566136618367,0.3448913371995619,Rural_Sokoto,7.0123596,2292.5,-1.5999999999999996,28.1,13.25,0.69,Volcanic,5.735245878222052,0.3416499651309764,2.8,1.6375052655867177,tea,0.5848233091381135
1628,736.7958,-5.988640484327449,0.8584173886576365,Rural_Sokoto,36.439068,1401.6,-3.3,28.7,12.7,0.71,Volcanic,5.679473293948779,0.6630226836788655,1.4,0.5408547212883874,banana,0.38632480092027677
1629,514.4975,-0.4736719655403743,-3.132671046358628,Rural_Kilimani,5.280923,704.0,-6.0,32.6,13.3,0.56,Loamy,5.5497882681998965,0.0076027939937765,4.4,2.672296801134934,maize,0.6073401820761214
1630,577.53845,-6.880767744719478,-3.484030976303625,Rural_Hawassa,1.9158304,773.7,-5.3,33.7,14.2,0.56,Loamy,5.533358748638785,0.2109933396621469,6.9,4.5322481550944875,potato,0.656847558709346
1631,827.0951,-1.1855714965602733,-1.7948005438757486,Rural_Kilimani,11.069393,1357.8,-2.5,29.7,13.6,0.63,Volcanic,5.304091186543104,0.0380599617018879,2.4,1.0793825911269306,coffee,0.4497427463028878
1632,656.2651,-8.831732915172749,-5.614713628405988,Rural_Hawassa,16.817501,1349.8,-4.1,29.8,12.85,0.65,Volcanic,3.989511176552969,0.1008990263329316,1.8,0.6175463887556178,cassava,0.34308132708645434
1633,413.63364,-11.057545372918511,-9.020202180180586,Rural_Akatsi,22.65097,1868.0,-5.8,32.8,13.499999999999998,0.7,Silt,6.378053711324045,0.0681292245635226,1.4,0.7735749559883444,coffee,0.5525535399916746
1634,191.63806,-11.92263847390472,-6.065175077053421,Rural_Hawassa,6.970273,1608.6,-8.1,34.5,13.2,0.64,Silt,7.021106807796104,0.0021020088919726,3.7,1.8023731641209928,wheat,0.4871278821948629
1635,707.9565,-5.898526619641388,0.7908481713605214,Rural_Sokoto,18.634487,1378.4,-3.5,32.3,14.4,0.65,Volcanic,5.356373591828207,0.7006428270337038,1.3,0.4122165219369745,banana,0.31708963225921116
1636,718.45764,-3.1140082008420293,-2.416437343009207,Rural_Kilimani,13.292458,948.8,-3.9,31.1,13.6,0.61,Sandy,6.103326817012517,0.4055573614352534,1.6,0.5596423761333477,coffee,0.3497764850833423
1637,504.66306,-7.696298220128351,-1.8984066770646584,Rural_Sokoto,6.5907974,1144.5,-5.7,32.1,13.2,0.6,Loamy,5.666609337216562,0.4318908179651356,4.8,2.4862755791672178,wheat,0.5179740789931704
1638,437.6333,-1.0909519386399076,-6.096707378458741,Rural_Kilimani,12.44932,169.2,-7.2,31.0,11.9,0.54,Loamy,5.758009514123805,0.0868796678839681,1.9,1.148401615620057,wheat,0.6044219029579248
1639,622.709,-7.403428159898644,-4.312880041814903,Rural_Hawassa,10.483485,867.0,-4.9,28.8,11.95,0.59,Loamy,6.439022410352887,0.0922499829413199,3.8,1.8275205053109362,coffee,0.48092644876603585
1640,804.41833,-3.370832715197309,-4.902984539543042,Rural_Kilimani,7.4000363,592.1,-3.5,28.1,12.3,0.56,Sandy,5.99166535018963,0.1768262358513073,3.5,2.048170038793003,wheat,0.5851914396551436
1641,806.31036,-2.924769085001296,-8.060719294561553,Rural_Kilimani,15.20773,714.8,-3.3,31.0,13.85,0.59,Sandy,5.911245182343883,0.0332558111233779,0.7,0.40452755432708465,wheat,0.5778965061815495
1642,869.9525,-3.44292380694616,-7.312953289806813,Rural_Kilimani,22.130617,693.4,-2.8,29.1,13.15,0.61,Rocky,4.817652401571719,0.1176188000134668,1.6,0.9186657318450351,potato,0.5741660824031469
1643,509.7411,-13.71139868792308,-6.488608838782009,Rural_Hawassa,23.074417,1684.3,-5.2,32.8,13.8,0.69,Silt,6.341745476424873,7.277573209842218e-08,1.7,0.9298796554279936,wheat,0.5469880326047021
1644,405.7907,-10.913363189420812,-5.452547506892911,Rural_Hawassa,10.2133255,1715.6,-6.1,33.1,13.5,0.65,Silt,5.8793329912192425,0.0724499112405563,4.6,2.3829505556989234,coffee,0.518032729499766
1645,300.54575,-12.886856826045598,-7.267907144942069,Rural_Hawassa,12.459549,1665.5,-7.1,30.6,11.75,0.66,Silt,5.4884337809040735,0.0003457803102868,1.0,0.4215809063744096,banana,0.4215809063744096
1646,826.87244,-3.722276787472957,-5.353445988190476,Rural_Kilimani,1.5116533,577.8,-3.3,31.4,14.05,0.54,Sandy,5.395201939579094,0.2161515445064908,9.6,4.5917276771002635,maize,0.47830496636461084
1647,607.87305,-7.493542024584708,-5.299390614352784,Rural_Hawassa,19.631443,831.3,-5.0,30.7,12.85,0.62,Loamy,5.919206361723857,0.2350018530036953,1.6,1.0480328287153335,wheat,0.6550205179470834
1648,464.33127,-9.881559438765386,-7.466110182346941,Rural_Akatsi,6.2745113,1587.0,-5.6,34.9,14.65,0.63,Silt,6.055888068039091,0.0424839881925045,4.5,2.2229717506749362,coffee,0.493993722372208
1649,596.4504,-6.299533317494369,-2.8849172496025384,Rural_Hawassa,17.013222,774.3,-5.2,31.2,13.0,0.6,Loamy,4.960042618293247,0.4939068137080851,1.7,0.8790827655062324,cassava,0.5171075091213132
1650,803.13293,-7.872020256266174,-7.77692858191367,Rural_Akatsi,4.406917,1320.0,-2.8,29.9,13.55,0.61,Volcanic,5.683169895105496,0.0532502699190307,4.2,2.2659790995786904,cassava,0.5395188332330215
1651,329.06702,-11.25129018199355,-6.398516549052522,Rural_Hawassa,5.9855957,1705.7,-6.7,29.8,11.55,0.64,Silt,5.819072505792368,0.0407635236509908,2.8,1.3052964233732531,banana,0.46617729406187614
1652,645.5336,-8.083787838278422,-6.587710357484444,Rural_Akatsi,16.15042,1108.6,-4.4,31.5,13.55,0.63,Sandy,4.7326381762513705,0.2251857296335931,2.0,0.7443276612287961,wheat,0.37216383061439806
1653,743.3411,-5.605656559411681,-4.366935415652596,Rural_Kilimani,2.019665,614.6,-4.0,31.7,13.85,0.54,Sandy,4.957106560868966,0.2334261393459936,12.0,7.054676558420339,potato,0.5878897132016949
1654,561.88245,-5.966112018155934,-4.272338511436635,Rural_Hawassa,9.6195755,480.6,-5.8,29.4,11.8,0.56,Loamy,5.833943057176428,0.208370765039409,2.7,1.774327494714033,wheat,0.6571583313755678
1655,456.95206,-0.7575306393014731,-4.673249200732851,Rural_Kilimani,8.29531,305.8,-6.9,32.9,13.0,0.54,Loamy,6.7149443208043005,0.009774635700793,4.6,3.176403855256355,wheat,0.6905225772296425
1656,691.9849,-8.232475715010427,-4.934516840948362,Rural_Hawassa,0.6902342,1177.3,-3.9,30.8,13.45,0.58,Sandy,5.257590526225507,0.2627778181552214,10.8,5.700557794704293,cassava,0.5278294254355826
1657,891.4125,-2.0776987569523016,-3.317360240304075,Rural_Kilimani,10.755933,987.6,-2.3,27.8,12.75,0.6,Rocky,5.984297493524595,0.177641793611526,2.9,1.5718976241021307,cassava,0.5420336634834934
1658,663.22253,-5.3848775909308255,-0.4389115834469728,Rural_Kilimani,1.2648147,1190.0,-4.2,33.4,14.6,0.59,Sandy,5.643019327143995,0.8988470975125483,8.5,4.075895955457525,cassava,0.479517171230297
1659,764.91223,-8.633482412863408,-7.470614796833414,Rural_Akatsi,7.811734,1499.8,-3.0,28.7,12.85,0.63,Volcanic,5.557307073061488,0.0541398688954403,4.9,3.5009661484471755,tea,0.714482887438199
1660,883.55865,-4.546818649350437,-5.912018184513293,Rural_Kilimani,2.3823075,624.4,-2.7,28.8,13.05,0.55,Rocky,5.383687079459955,0.2834918072996701,11.3,6.174800871835578,wheat,0.5464425550296972
1661,813.6199,-5.605656559411681,-6.024633546675152,Rural_Kilimani,9.699448,625.3,-3.3,28.4,12.55,0.57,Sandy,5.610059647244289,0.2973495431748255,4.9,2.502848766058862,wheat,0.5107854624609922
1662,514.9658,-7.466507865178888,-1.3803760111201095,Rural_Sokoto,11.524698,1176.4,-5.6,33.1,13.75,0.62,Loamy,5.52488249941279,0.5577327120605549,2.5,1.4169439688402365,cassava,0.5667775875360946
1663,373.28662,-10.877317643546387,-6.263378114458292,Rural_Hawassa,7.3591967,1700.7,-6.2,31.8,12.8,0.64,Silt,7.2142532685037875,0.1378399410591587,2.8,1.3566943838093593,rice,0.48453370850334265
1664,791.08136,-2.667944570646016,-0.920905333499727,Rural_Kilimani,9.125412,1367.7,-2.9000000000000004,31.0,14.05,0.62,Volcanic,5.517307373577474,0.2253719951900372,5.0,2.643881776561341,cassava,0.5287763553122682
1665,652.90704,-2.7265185826919573,-6.700325719646302,Rural_Kilimani,26.656733,424.6,-4.9,32.3,13.7,0.61,Sandy,4.709560723471715,0.2409683872890577,0.7,0.287989935590428,wheat,0.41141419370061144
1666,763.7678,-3.244673304636821,-6.659784189268033,Rural_Kilimani,6.5892577,527.2,-3.9,30.3,13.2,0.55,Sandy,4.890766622574229,0.1952005388125431,4.9,2.2454404624899484,wheat,0.45825315561019353
1667,696.6943,-8.354129432336613,-4.335403114247275,Rural_Hawassa,11.406175,1254.1,-3.8,29.1,12.65,0.62,Volcanic,4.878623957036655,0.0369146300455814,4.5,2.0430260557826547,cassava,0.4540057901739233
1668,843.7807,-7.840480403626052,0.18722983017296,Rural_Sokoto,11.94766,1769.6,-2.0,29.1,13.55,0.66,Volcanic,4.604179985176315,0.268579709939001,1.6,1.198029744239017,tea,0.7487685901493857
1669,584.54156,-5.695770424097745,-0.6461238498247923,Rural_Kilimani,6.350497,1093.9,-5.0,30.9,12.95,0.59,Loamy,6.699113695973542,0.928737682494442,3.2,1.4237144805552373,maize,0.44491077517351163
1670,432.5101,-13.787995472906232,-6.51113191121438,Rural_Hawassa,2.943946,1585.5,-5.9,30.1,12.1,0.62,Silt,6.436948407157392,5.50433223029954e-08,9.4,5.126515133128519,wheat,0.5453739503328212
1671,578.4143,-13.463585560036403,-5.650750544297782,Rural_Hawassa,8.005118,1821.0,-4.4,31.1,13.35,0.65,Silt,5.5524879084066106,6.04640024075837e-07,3.9,1.8040743104694832,coffee,0.46258315653063675
1672,213.336,-12.553435526707164,-7.502147098238734,Rural_Akatsi,4.6146393,1613.9,-8.0,33.0,12.5,0.63,Silt,5.650166787140282,0.0057718423756043,3.7,2.0655389875916432,rice,0.5582537804301738
1673,337.76413,-13.220278125384032,-6.8219503107811095,Rural_Hawassa,3.280346,1637.5,-6.7,33.4,13.35,0.63,Silt,6.734644316154453,2.7991459293419392e-06,12.1,6.904904610719301,rice,0.5706532736131654
1674,500.45145,-10.49883941186492,-6.713839563105727,Rural_Akatsi,9.259928,1753.5,-5.1,34.4,14.65,0.65,Silt,6.713610162727022,0.1302815054785137,3.9,1.7766689116821823,banana,0.4555561312005596
1675,694.5615,-7.89454872243769,0.8449035451982134,Rural_Sokoto,21.00494,1652.7,-3.5,30.7,13.6,0.68,Volcanic,4.491192487892669,0.16897789816948,2.0,1.5737447817029564,tea,0.7868723908514782
1676,350.8074,-11.273818648165063,-6.191304282674703,Rural_Hawassa,28.41834,1725.0,-6.5,32.8,13.15,0.71,Silt,6.788505842820373,0.0451171948213122,1.4,0.7661813588564206,rice,0.5472723991831576
1677,459.57996,-14.477366537754616,-6.925556443970019,Rural_Hawassa,7.158175,1372.5,-5.9,33.4,13.75,0.62,Silt,7.45697345166721,2.387086449890379e-09,3.9,1.4355965070765038,cassava,0.36810166848115483
1678,679.2477,-4.663966673442319,-7.619267074887067,Rural_Kilimani,3.9210455,551.3,-4.6,27.5,11.45,0.55,Sandy,4.9290335975066855,0.3814383004089783,9.5,3.462705625005281,maize,0.3644953289479243
1679,964.8128,-4.407142159087039,-3.6101601819249063,Rural_Kilimani,14.413291,907.4,-1.6999999999999993,30.5,14.4,0.61,Rocky,5.293739401537233,0.2100365824444796,1.7,0.7628413532408911,tea,0.4487302077887595
1680,479.1817,-10.449276786287584,-5.790393593378487,Rural_Hawassa,3.0699763,1690.4,-5.4,32.7,13.650000000000002,0.63,Silt,6.086413628845304,0.2496712071272446,12.6,6.037256372740636,coffee,0.4791473311698918
1681,317.25525,-14.19801355722782,-7.740891666021874,Rural_Hawassa,3.7719963,1321.4,-7.3,33.8,13.249999999999998,0.6,Peaty,4.443092021737463,1.0635479410192989e-08,7.3,3.8641584338894304,rice,0.5293367717656754
1682,474.00534,-9.165154214511183,-7.168805626239634,Rural_Akatsi,12.859972,1350.2,-5.8,32.5,13.35,0.63,Silt,6.9840152069600725,0.036203113580844,0.6,0.20701810635970821,banana,0.34503017726618035
1683,341.23505,-11.174693397010396,-6.128239679864062,Rural_Hawassa,11.596075,1690.2,-6.8,36.1,14.65,0.66,Silt,6.5184752181002175,0.0640374548475673,2.3,0.9932690752130099,banana,0.43185611965783044
1684,602.66583,-12.913890985451417,-8.871549902126933,Rural_Akatsi,28.40135,1992.3,-4.0,32.2,14.1,0.73,Silt,6.446433369127957,0.0012097984348306,1.2,0.653031059368207,wheat,0.5441925494735059
1685,624.49066,-7.119569486137545,-3.2227633360881143,Rural_Hawassa,25.96283,918.5,-4.8,29.9,12.55,0.64,Loamy,4.615020225185298,0.1916420261666936,1.6,0.9035167656692439,potato,0.5646979785432774
1686,288.2884,-12.904879598982811,-6.164276595755856,Rural_Hawassa,5.4210577,1642.9,-7.2,35.3,14.05,0.63,Silt,5.934015397211532,2.471258226536271e-06,3.0,1.344109469081892,banana,0.44803648969396404
1687,126.40275,-12.530907060535649,-6.610233429916817,Rural_Hawassa,1.2950861,1523.9,-8.8,34.4,12.8,0.61,Peaty,5.928300395837664,6.544821966919063e-05,7.5,4.81719324935564,rice,0.6422924332474187
1688,884.2015,-6.646471696535713,-7.547193243103478,Rural_Amanzi,29.738043,1026.7,-2.3,31.8,14.75,0.66,Sandy,6.098075710083325,0.3324577398944734,1.1,0.6476764910007962,cassava,0.5887968100007237
1689,829.5958,-3.5195205919293144,-1.8308374597675432,Rural_Kilimani,10.307253,1168.5,-2.7,32.7,15.000000000000002,0.61,Sandy,5.414266780915973,0.4874764448467867,3.5,1.8964143163456568,cassava,0.5418326618130448
1690,757.0773,-5.037939211889482,-5.443538277919963,Rural_Kilimani,3.6382055,512.1,-4.0,32.1,14.05,0.54,Sandy,6.370550611694827,0.3071726380962273,5.7,3.0067461340173423,maize,0.5274993217574284
1691,698.52875,-2.735529969160563,-4.26783389695016,Rural_Kilimani,8.269498,577.3,-4.4,30.5,13.05,0.56,Sandy,6.314347099156763,0.1437168555441382,3.2,1.7825981193275724,potato,0.5570619122898663
1692,604.8694,-1.3973390785725233,-4.159723149274776,Rural_Kilimani,9.22188,544.6,-5.3,31.8,13.25,0.56,Loamy,5.297878923258907,0.0332182929356746,4.5,3.1320014335842017,potato,0.696000318574267
1693,678.49115,-9.34538194388331,-0.6461238498247923,Rural_Sokoto,11.448489,1899.3,-3.3,29.9,13.3,0.67,Volcanic,5.562056013552012,0.1619051539622022,4.8,2.865076771683357,coffee,0.5968909941006993
1694,767.325,-3.1320309737792424,-3.461507903871253,Rural_Kilimani,19.474495,773.4,-3.6,30.1,13.25,0.61,Sandy,5.026860075375849,0.2929945934553085,1.2,0.6808265243142952,potato,0.5673554369285794
1695,627.6192,-6.876262051485174,-4.511083079219775,Rural_Hawassa,7.647167,710.4,-5.0,29.8,12.4,0.57,Loamy,6.782291877837435,0.1471122079440116,5.0,3.6134746187669675,wheat,0.7226949237533935
1696,619.1356,-6.01567464373327,-0.2812500764203711,Rural_Sokoto,15.833517,1218.7,-4.4,32.3,13.95,0.63,Silt,5.641840519069623,0.9894804042588318,1.9,0.6228734871678716,wheat,0.32782815114098507
1697,619.13495,-7.516070490756224,-4.975058371326631,Rural_Hawassa,8.564791,858.3,-4.9,30.1,12.6,0.58,Loamy,5.772362055988114,0.1576254204287266,2.3,1.4897719913628356,wheat,0.6477269527664503
1698,472.54813,-1.3883276921039158,-6.366984247647202,Rural_Kilimani,2.4071803,210.7,-6.8,32.4,12.8,0.52,Loamy,6.744347133013975,0.1478507391532423,11.0,7.294000871860707,wheat,0.6630909883509734
1699,776.01105,-8.678539345206442,-2.0380497261453625,Rural_Hawassa,4.942481,1684.6,-2.7,28.1,12.7,0.63,Volcanic,5.94120895668723,0.0753970404598453,3.2,2.232142342601123,tea,0.6975444820628509
1700,592.864,-9.525609673255437,-1.348843709714789,Rural_Sokoto,5.396985,1789.2,-4.3,32.8,14.249999999999998,0.64,Silt,5.587033059693049,0.0844095553261555,5.0,2.6563577635909934,banana,0.5312715527181987
1701,542.6182,-8.525345775240133,-6.254368885485343,Rural_Hawassa,5.1174736,1138.3,-5.3,32.4,13.55,0.59,Loamy,5.76746105238038,0.169776202393542,3.3,2.0766072562157594,cassava,0.6292749261259878
1702,610.24286,-5.222672634495911,-1.4209175414983786,Rural_Kilimani,22.045576,972.1,-4.9,31.0,13.05,0.63,Loamy,5.111775978621845,0.8874851940860793,1.7,0.664618540258398,wheat,0.39095208250493996
1703,639.6791,-8.403692057913947,1.146712715791994,Rural_Sokoto,21.96853,1712.4,-3.9,31.6,13.85,0.69,Volcanic,5.424882846507874,0.0618929596791644,1.4,1.1903945369525144,tea,0.8502818121089389
1704,829.2429,-3.226650531699608,-4.191255450680097,Rural_Kilimani,23.19495,707.8,-3.1,32.1,14.5,0.62,Sandy,6.355942133298334,0.1825930655550542,1.0,0.38768605168514636,coffee,0.38768605168514636
1705,343.98083,-11.562183015160468,-6.123735065377588,Rural_Hawassa,1.5103085,1748.8,-6.6,31.7,12.55,0.63,Silt,6.192024381745002,0.0139608756483774,10.0,6.004222117035272,rice,0.6004222117035272
1706,459.5879,-1.3117309071207632,-4.930012226461888,Rural_Kilimani,1.3463043,274.9,-6.9,33.1,13.1,0.52,Loamy,6.301293760981721,0.0455322455601043,5.7,3.902374735787272,wheat,0.684627146629346
1707,422.96704,-14.55396332273777,-7.240879458023223,Rural_Hawassa,13.945083,1304.5,-6.3,32.4,13.05,0.63,Silt,5.628480205609503,1.071256060835205e-09,1.9,0.9266242803160927,wheat,0.4876969896400488
1708,664.2496,-5.132558769809849,-7.2273656145638,Rural_Kilimani,8.881241,514.4,-4.8,28.9,12.05,0.56,Sandy,5.4395703155228965,0.4408491934720323,3.1,1.29968197990734,wheat,0.4192522515830129
1709,811.5966,-3.803379265690413,-0.9524376349050472,Rural_Kilimani,2.5064986,1306.1,-2.7,32.9,15.1,0.6,Volcanic,4.860337041141227,0.6494801806429858,11.8,5.9111812764617016,tea,0.5009475658018391
1710,859.97906,-3.465452273117677,-2.173188160739593,Rural_Kilimani,7.40566,1130.7,-2.5,30.2,13.85,0.6,Rocky,5.722549113293975,0.443232528102421,3.2,1.5527637932235487,wheat,0.4852386853823589
1711,698.03436,-7.79542347128302,-3.839895520735098,Rural_Hawassa,10.846446,1110.6,-3.9,30.6,13.35,0.61,Sandy,6.429788879601533,0.0557258949328666,3.7,2.041442049643453,wheat,0.5517410944982305
1712,708.182,-8.81821583546984,-7.308448675320338,Rural_Akatsi,10.314082,1481.7,-3.6,31.5,13.95,0.64,Volcanic,5.215436102929729,0.0458438219123605,4.2,1.9851626252456274,banana,0.4726577679156255
1713,519.99384,-0.9242412889706912,-4.425495403976762,Rural_Kilimani,3.3007066,414.0,-6.2,29.2,11.5,0.53,Loamy,6.07384299699659,0.0122958038010073,7.6,4.777307322704365,potato,0.6285930687768901
1714,700.51733,-8.029719519466784,-5.110196805920862,Rural_Hawassa,17.941807,1110.4,-3.9,31.4,13.75,0.63,Sandy,5.544499202005168,0.2423656516642723,1.3,0.7381636605635752,cassava,0.5678182004335194
1715,909.11694,-4.280982748526549,-4.5065784647333,Rural_Kilimani,5.6163764,721.2,-2.4000000000000004,29.2,13.4,0.56,Rocky,6.006456123996578,0.2267593250183226,4.1,2.525217937015739,maize,0.6159068139062778
1716,611.25256,-7.227706123760821,-2.479501945819848,Rural_Hawassa,10.262913,1047.7,-4.8,31.4,13.3,0.6,Loamy,4.848269874466518,0.419848182859767,4.3,2.3205768714618666,cassava,0.5396690398748527
1717,340.311,-11.733399358063988,-5.966073558350986,Rural_Hawassa,4.141281,1755.6,-6.6,31.7,12.55,0.64,Silt,7.450113138092973,0.0059259510333631,4.4,1.8740166509172516,wheat,0.4259128752084662
1718,430.55197,-10.453782479521887,-7.416559422995722,Rural_Akatsi,5.599747,1697.1,-5.8,33.3,13.749999999999998,0.64,Silt,6.728332219868463,0.0278669212014085,3.1,1.3372848976326828,banana,0.4313822250428009
1719,829.684,-6.9934100755770565,-8.236399259534052,Rural_Amanzi,11.106114,1155.5,-2.7,28.6,12.95,0.61,Sandy,6.094079897721149,0.1337671658155438,3.6,1.3581636898761178,coffee,0.37726769163225493
1720,737.8092,-2.1678126216383653,-0.4253977399875499,Rural_Kilimani,4.6902013,1443.2,-3.3,30.7,13.7,0.62,Volcanic,5.121578050090974,0.1132314598173974,3.3,1.4626096645065423,cassava,0.4432150498504674
1721,669.1644,-6.497783819803708,-7.506651712725209,Rural_Amanzi,15.093943,762.2,-4.5,33.3,14.4,0.6,Sandy,4.829408462079981,0.4025683035569726,2.0,0.7589571467076099,wheat,0.37947857335380497
1722,465.15073,-10.138383953120666,-4.934516840948362,Rural_Hawassa,9.17,1591.1,-5.6,33.1,13.75,0.64,Silt,6.705558116979447,0.0441523536015069,3.1,1.4924787684343792,coffee,0.48144476401109004
1723,666.7547,-5.948089245218721,-3.3038463968446523,Rural_Hawassa,25.500013,724.3,-4.6,31.0,13.2,0.63,Sandy,5.926325656198372,0.3594677463214913,0.7,0.3338154875410311,maize,0.47687926791575874
1724,553.5692,-2.523762387148315,-6.40752577802547,Rural_Kilimani,4.3640676,299.2,-6.0,31.4,12.7,0.53,Loamy,5.839887578472486,0.3211508124974667,3.0,1.8226118907169615,wheat,0.6075372969056538
1725,716.05255,-9.926616371108418,-1.916425135010556,Rural_Sokoto,50.887947,1967.3,-3.0,29.7,13.35,0.8,Volcanic,5.486333559224926,0.2948864555937642,1.1,0.8614247581541957,tea,0.7831134165038143
1726,417.45325,-1.1360088709829397,-4.907489154029516,Rural_Kilimani,39.1261,234.0,-7.3,31.9,12.3,0.63,Loamy,4.875666533984547,0.0312083808491194,1.8,0.8899547904689421,cassava,0.49441932803830113
1727,765.7502,-2.2489150998558216,-0.7272069105813304,Rural_Kilimani,5.6103387,1415.4,-3.1,28.5,12.7,0.62,Volcanic,5.558072133941166,0.1303642298373256,2.9,1.4232548074136258,cassava,0.490777519797802
1728,640.84467,-7.376394000492826,-5.448042892406437,Rural_Hawassa,20.193241,828.0,-4.7,31.0,13.15,0.62,Sandy,5.108965948206871,0.2688240086238662,1.7,0.7010273782107311,wheat,0.41236904600631247
1729,822.7432,-3.988112688296845,-2.583108079008758,Rural_Kilimani,4.015963,975.7,-2.9000000000000004,31.0,14.05,0.58,Sandy,4.975432727637925,0.3716704036774218,7.9,4.191191179870512,potato,0.5305305290975332
1730,578.295,-5.393888977399433,-1.4479452284172247,Rural_Kilimani,12.644759,939.3,-5.2,33.4,14.1,0.6,Loamy,5.960386877474805,0.8970293373173066,0.6,0.3339244413177242,cassava,0.5565407355295403
1731,841.2605,-6.71405709505026,-8.258922331966422,Rural_Amanzi,31.575779,1102.1,-2.7,31.2,14.25,0.67,Sandy,5.0954709659353945,0.121092318837839,1.8,0.9365457157491296,tea,0.5203031754161831
1732,490.29327,-6.727574174753169,-3.749803231005611,Rural_Hawassa,1.9769491,611.2,-6.3,33.6,13.65,0.54,Loamy,6.0502074959055046,0.1875090975617437,10.8,6.987983030885365,maize,0.647035465822719
1733,684.7265,-7.768389311877201,-5.853458196189127,Rural_Hawassa,6.6571918,1005.6,-4.2,29.5,12.65,0.59,Sandy,5.9268508142632745,0.3703099506889648,5.0,2.8397635694326113,cassava,0.5679527138865222
1734,615.18494,-7.286280135806762,-3.686738628194971,Rural_Hawassa,13.950108,890.1,-4.9,32.1,13.6,0.6,Loamy,6.35744458116068,0.1002630004363126,1.5,0.7254019149088364,coffee,0.4836012766058909
1735,779.5538,-2.086710143420907,-0.7947761278784455,Rural_Kilimani,8.736965,1435.4,-2.9000000000000004,29.7,13.4,0.63,Volcanic,5.296714132285013,0.1066376134153571,2.6,1.1997266349541265,coffee,0.4614333211362025
1736,47.093643,-12.188474374728608,-6.781408780402841,Rural_Hawassa,7.051755,1475.9,-9.4,35.0,12.8,0.63,Silt,6.550112010346153,0.000764754449015,2.2,0.9152163935779547,banana,0.416007451626343
1737,721.33,-5.700276117332047,-4.294861583869007,Rural_Hawassa,13.295637,609.9,-4.2,30.1,12.95,0.58,Sandy,6.080378609436685,0.2235802043796254,0.6,0.32470845049726044,maize,0.5411807508287674
1738,602.3971,-2.5012339209768,-4.664239971759902,Rural_Kilimani,0.33060378,430.7,-5.4,28.6,11.6,0.53,Loamy,6.029408404796427,0.1204000124954467,9.3,6.465326078253083,wheat,0.6951963525003315
1739,418.20645,-12.256059773243155,-5.49308903727118,Rural_Hawassa,2.412705,1840.5,-5.8,32.7,13.45,0.64,Silt,7.339677596308107,0.000147757266743,14.5,5.9160874594975414,banana,0.4080060316894856
1740,885.6693,-2.4877168412738886,-8.096756210453346,Rural_Kilimani,23.950125,796.9,-2.5,29.4,13.45,0.63,Sandy,4.758486839108673,0.0224541962141468,1.9,0.9841433185979209,cassava,0.5179701676831163
1741,444.78723,-9.56165521912986,-6.794922623862264,Rural_Akatsi,4.970502,1426.4,-6.0,33.8,13.9,0.62,Silt,6.41860532431501,0.0653242990465706,2.2,1.2195048523849432,wheat,0.5543203874477014
1742,721.5134,-7.452990785475979,-7.339980976725658,Rural_Akatsi,11.564355,1050.7,-3.8,28.8,12.5,0.61,Sandy,5.195038283372551,0.0987759965477736,3.8,2.1664864998607465,potato,0.5701280262791438
1743,626.73615,-5.921055085812903,-0.4524254269063961,Rural_Sokoto,1.9362807,1179.8,-4.5,31.6,13.55,0.59,Loamy,5.26551756502892,0.965018019017764,6.7,2.2603065058175487,banana,0.33735917997276843
1744,805.26117,-7.673769753956835,1.27734653589975,Rural_Sokoto,4.684421,1727.3,-2.4000000000000004,28.4,13.0,0.64,Volcanic,4.100472017377536,0.1425775382480644,3.2,2.241805717062265,tea,0.7005642865819578
1745,325.14078,-13.121152874229365,-7.312953289806813,Rural_Hawassa,7.468718,1648.0,-6.8,31.9,12.55,0.64,Silt,5.601472687740928,8.205166714223903e-05,3.9,1.7015525442740773,banana,0.43629552417284034
1746,313.0046,-11.19722186318191,-7.204842542131428,Rural_Hawassa,3.230693,1709.3,-6.8,34.9,14.05,0.63,Silt,7.01389249999761,0.0251516343168628,13.1,4.854186101785036,banana,0.37054855738817066
1747,784.9567,-3.979101301828237,-1.042529924634534,Rural_Kilimani,18.741526,1252.7,-3.0,29.9,13.45,0.64,Volcanic,4.028918667259769,0.7138948210003707,0.6,0.23707388043682037,tea,0.3951231340613673
1748,912.903,-3.6411743092555007,-2.9344680089537567,Rural_Kilimani,8.875824,1010.6,-2.1,30.9,14.4,0.6,Rocky,5.512844747512418,0.3483507854559209,5.0,2.631655247883995,cassava,0.526331049576799
1749,670.2321,-5.2361897141988205,-7.168805626239634,Rural_Kilimani,14.667985,522.7,-4.7,30.7,13.0,0.58,Sandy,6.167413682607556,0.4330913131682475,1.9,0.9718314713284832,wheat,0.5114902480676228
1750,808.3108,-6.195902373105396,-8.101260824939821,Rural_Amanzi,25.331621,932.5,-3.1,30.8,13.85,0.64,Sandy,6.467066416217513,0.2148858533521665,0.9,0.47661450681104056,maize,0.5295716742344895
1751,942.2804,-3.573588910740952,-2.4389604154415787,Rural_Kilimani,23.9975,1139.9,-1.8000000000000007,29.0,13.6,0.65,Sandy,4.660375048204554,0.4179433429249348,0.8,0.31869587596179594,tea,0.3983698449522449
1752,614.838,-2.906746312064083,-6.371488862133677,Rural_Kilimani,11.119612,359.7,-5.4,30.5,12.55,0.55,Loamy,6.225450490970205,0.2773126067865423,4.3,2.9193231406638187,wheat,0.6789123582939114
1753,704.59,-7.3358427613840975,-0.5154900297170364,Rural_Sokoto,6.3521724,1454.4,-3.6,30.0,13.2,0.62,Volcanic,4.990961847477478,0.5377901580706649,3.3,1.0453749378023194,banana,0.316780284182521
1754,675.9977,-2.208363860747093,-2.745274200521834,Rural_Kilimani,4.0851064,884.7,-4.4,33.3,14.45,0.57,Sandy,5.982863163176072,0.2474610528117798,10.5,4.425219188908703,coffee,0.42144944656273364
1755,750.6043,-3.870964664204962,-0.3983700530687037,Rural_Kilimani,2.522116,1323.6,-3.3,32.3,14.499999999999998,0.6,Volcanic,4.222520415561299,0.6058569447006152,10.9,5.3689839198308436,tea,0.49256733209457276
1756,828.1597,-4.420659238789948,-5.065150661056118,Rural_Kilimani,6.161796,586.3,-3.2,30.5,13.65,0.56,Sandy,5.812539846753617,0.2631105219044805,4.8,2.518607278115297,maize,0.5247098496073536
1757,728.80475,-2.870700766189658,-6.952584130888865,Rural_Kilimani,3.3817577,511.8,-4.2,30.2,13.0,0.54,Sandy,6.091533085488071,0.1716613327458296,14.9,8.602580885168315,potato,0.5773544218233768
1758,888.3236,-7.70981529983126,-5.961568943864512,Rural_Hawassa,3.65912,1202.2,-2.1,29.3,13.6,0.59,Rocky,5.328427820879532,0.3817916583695845,13.2,6.034208809898613,tea,0.4571370310529252
1759,321.0662,-13.188738272743912,-8.168830042236936,Rural_Hawassa,11.7593975,1639.4,-6.8,32.9,13.05,0.65,Silt,5.701729237499823,0.0003730751450996,2.6,1.5818550320862068,rice,0.608405781571618
1760,770.1605,-3.5105092054607088,-0.9569422493915216,Rural_Kilimani,7.7900176,1278.7,-3.1,32.4,14.65,0.61,Volcanic,5.707735716707881,0.5305332103983,4.9,2.2886822693475026,cassava,0.4670780141525515
1761,425.05322,-11.823513222750051,-9.042725252612955,Rural_Akatsi,6.890186,1918.5,-5.7,31.8,13.05,0.66,Silt,5.785755496747161,0.0586000612964014,3.8,2.0815300821633693,coffee,0.5477710742535182
1762,441.1946,-10.066292861371815,-4.601175368949261,Rural_Hawassa,6.5168586,1550.0,-5.9,33.0,13.55,0.63,Silt,6.000300518506268,0.0413700164280128,2.9,1.344260026167183,banana,0.46353794005764937
1763,657.7685,-5.1505815427470605,-7.353494820185081,Rural_Kilimani,2.309621,535.2,-4.7,31.9,13.6,0.54,Sandy,4.825904974092116,0.4497246387094955,11.5,5.898485774309478,potato,0.5129118064616938
1764,693.0924,-7.975651200655147,-7.547193243103478,Rural_Akatsi,6.3944545,1211.1,-3.9,29.5,12.8,0.6,Volcanic,4.868955826661672,0.0554272614121787,2.2,0.9657369561840666,cassava,0.43897134372003027
1765,549.621,-6.159856827230971,-3.75881245997856,Rural_Hawassa,18.071741,567.2,-5.8,31.9,13.05,0.59,Loamy,6.383243720843783,0.2523754187132531,1.2,0.7838465577436508,maize,0.6532054647863756
1766,794.2878,-1.4378903176812514,-1.384880625606584,Rural_Kilimani,4.30399,1399.5,-2.8,31.6,14.4,0.61,Volcanic,4.627339668963325,0.0493455766662738,2.1,0.871572865816121,cassava,0.4150346980076767
1767,719.6187,-9.4760470476781,-0.7227022960948559,Rural_Sokoto,1.009776,1959.4,-3.0,30.9,13.95,0.64,Volcanic,5.122210218030137,0.1704127070752458,10.0,8.236395580020348,tea,0.8236395580020348
1768,655.6649,-1.573061114710347,-4.069630859545289,Rural_Kilimani,7.335624,609.5,-4.8,32.2,13.7,0.56,Sandy,5.675774850575909,0.0476691848416842,4.6,2.917368263365841,potato,0.6342104920360524
1769,659.5157,-5.799401368486716,-8.227390030561102,Rural_Amanzi,23.483976,730.3,-4.6,30.9,13.15,0.62,Sandy,4.760584723689268,0.1991234198511436,1.9,0.8630170836757283,cassava,0.45421951772406755
1770,722.0758,-7.817951937454536,-6.997630275753608,Rural_Akatsi,1.3170599,1139.5,-3.6,30.3,13.35,0.58,Sandy,5.386079179457625,0.1393154645022211,8.6,5.063424587235393,tea,0.5887703008413248
1771,382.072,-10.494333718630616,-3.6416924833302273,Rural_Hawassa,2.4602454,1638.4,-6.3,33.7,13.7,0.62,Silt,5.863925413469592,0.1793825846170654,13.5,6.05631119063757,banana,0.4486156437509311
1772,592.54095,-6.4347041145234645,-3.857913978680996,Rural_Hawassa,7.8906193,645.8,-5.3,29.3,12.0,0.57,Loamy,6.074942702697381,0.2098055440382805,4.9,3.301400316763038,maize,0.6737551666863343
1773,741.7553,-9.435495808569373,-2.083095871010106,Rural_Sokoto,3.7413845,1847.0,-2.9000000000000004,29.1,13.1,0.64,Volcanic,5.503306347338729,0.1651794772741258,12.3,7.438521231510475,banana,0.6047578237000386
1774,459.98764,-0.78005910547299,-3.677729399222022,Rural_Kilimani,26.969036,505.7,-6.7,32.5,12.9,0.61,Loamy,5.902799762921952,0.0124207390447501,1.2,0.7824344001272389,potato,0.6520286667726991
1775,611.0561,-7.322325681681187,-2.56508962106286,Rural_Hawassa,5.122378,1053.4,-4.8,30.4,12.8,0.59,Loamy,5.133293363975213,0.3627043535117564,3.2,1.8639327688395178,cassava,0.5824789902623493
1776,763.6319,-7.9576284277179345,-7.709359364616554,Rural_Akatsi,19.563456,1298.0,-3.2,30.6,13.7,0.65,Volcanic,5.0192656096510495,0.0526270116170208,1.0,0.498817885152486,cassava,0.498817885152486
1777,622.70337,-6.506795206272315,-0.3893608240957553,Rural_Sokoto,2.2716625,1243.3,-4.5,32.0,13.75,0.59,Peaty,5.274364663218137,0.8984913345526333,14.3,3.90419814099332,banana,0.2730208490205119
1778,744.1289,-4.18185749737188,-1.3263206372824172,Rural_Kilimani,6.119445,1147.2,-3.5,30.6,13.55,0.6,Sandy,5.136544956132153,0.7492163829163782,3.3,1.5455078999974319,cassava,0.46833572727194905
1779,401.07596,-11.120625078198756,-8.98416526428879,Rural_Akatsi,6.4263453,1859.5,-6.0,30.0,12.0,0.65,Silt,6.466185378185207,0.0791294252694727,3.4,1.8758032873959338,coffee,0.5517068492340982
1780,832.9529,-3.6411743092555007,-1.2497421910123536,Rural_Kilimani,16.791086,1283.4,-2.6,27.7,12.55,0.64,Volcanic,3.830942218601165,0.5842982850585601,1.5,0.5848510248755954,tea,0.38990068325039695
1781,779.7327,-3.231156224933912,-3.3714156141417675,Rural_Kilimani,15.451778,799.7,-3.5,29.9,13.2,0.6,Sandy,4.683590685880829,0.3094426137366958,0.8,0.41523074514075875,potato,0.5190384314259484
1782,753.1136,-8.786675982829717,-7.610257845914119,Rural_Akatsi,13.509112,1553.1,-3.0,31.5,14.25,0.65,Volcanic,5.467832380603284,0.0677197861812509,1.8,0.8624604431247428,cassava,0.4791446906248571
1783,711.07025,-6.200408066339699,-4.902984539543042,Rural_Hawassa,11.39946,623.0,-4.3,29.1,12.4,0.57,Sandy,5.5793555181973415,0.234048128946753,4.3,2.0610259669457034,maize,0.47930836440597757
1784,440.943,-10.65653867506553,-6.560682670565599,Rural_Hawassa,17.89126,1717.5,-5.7,32.6,13.45,0.68,Silt,5.34970846264657,0.1464294618436531,1.6,0.9670784272889037,rice,0.6044240170555648
1785,760.23663,-4.80814885694002,-1.5515513616061345,Rural_Kilimani,11.807104,1101.1,-3.4000000000000004,29.1,12.85,0.61,Sandy,6.296767756815959,0.8083950556489283,1.5,0.5755347586202504,wheat,0.38368983908016696
1786,429.7588,-10.95391442852954,-5.5561536400818206,Rural_Hawassa,3.5367956,1748.8,-5.8,30.6,12.4,0.63,Silt,7.420243792995663,0.079722519414016,10.5,4.59002965018909,wheat,0.43714568097038947
1787,741.8792,-4.384613692915522,-1.916425135010556,Rural_Kilimani,9.862773,1017.4,-3.6,29.9,13.15,0.6,Sandy,6.722889841981103,0.6062351951257717,3.1,1.3502924371749359,wheat,0.4355782055403019
1788,467.43967,-11.188210476713303,-9.09678062645065,Rural_Akatsi,26.116198,1940.5,-5.3,34.4,14.55,0.72,Silt,6.200886648653575,0.059158058284624,0.9,0.5180376600193546,banana,0.5755974000215051
1789,701.6991,-5.894020926407084,-4.637212284841056,Rural_Hawassa,11.920523,581.4,-4.4,31.4,13.5,0.57,Sandy,6.348242657498739,0.2402442023878147,1.6,0.9386986832338122,wheat,0.5866866770211326
1790,593.0148,-6.240959305448428,-4.182246221707148,Rural_Hawassa,10.790885,567.8,-5.4,34.9,14.75,0.57,Loamy,5.68288135117901,0.18740024155212,3.3,2.175165221509557,wheat,0.6591409762150173
1791,946.8581,-3.785356492753202,-4.150713920301827,Rural_Kilimani,26.002073,818.9,-2.0,28.3,13.15,0.63,Sandy,6.2479253860846775,0.2040099288701161,1.7,1.0175211009636762,wheat,0.5985418240962801
1792,588.0823,-8.16489031649588,-2.168683546253119,Rural_Sokoto,15.026865,1320.1,-4.8,33.8,14.499999999999998,0.64,Silt,5.976724512157552,0.1957566377842627,1.0,0.4452312124810194,banana,0.4452312124810194
1793,426.11346,-14.522423470097648,-7.934590088940271,Rural_Hawassa,7.956391,1320.2,-6.2,29.9,11.85,0.62,Silt,7.250953798529546,4.536237655183009e-10,3.9,1.1931382381661229,banana,0.30593288158105714
1794,680.40753,-2.902240618829781,-2.569594235549335,Rural_Kilimani,0.47692958,884.5,-4.3,29.5,12.6,0.56,Sandy,5.772554275395831,0.3843415377494579,14.7,6.630391400935689,wheat,0.45104703407725777
1795,645.58276,-9.719354482330472,-0.8668499596620352,Rural_Sokoto,3.9059443,1929.5,-3.7,32.3,14.3,0.65,Volcanic,5.765591273085823,0.1799758142646087,10.1,6.422796828334972,coffee,0.6359204780529676
1796,493.8388,-10.26904905691546,-7.758910123967772,Rural_Akatsi,4.6441717,1751.3,-5.1,34.8,14.849999999999998,0.64,Silt,7.106542685434112,0.0442417364153834,3.8,1.673214767093083,coffee,0.44031967555081136
1797,795.66144,-5.27674095330755,-3.925483195978111,Rural_Kilimani,17.98276,697.1,-3.4000000000000004,30.9,13.75,0.6,Sandy,5.287726733277763,0.2070079114223397,0.7,0.4343047576991941,potato,0.6204353681417059
1798,506.0915,-1.8794482546429627,-5.529125953162975,Rural_Kilimani,8.058966,265.5,-6.5,32.1,12.8,0.54,Loamy,5.5509768346311565,0.2192609403889773,3.1,1.9295311208441737,potato,0.6224293938207012
1799,704.35254,-1.8163685493627175,-3.8714278221404186,Rural_Kilimani,14.134714,689.4,-4.3,27.2,11.45,0.59,Sandy,4.596324209875968,0.0816486063339494,1.1,0.4685393601846087,maize,0.42594487289509875
1800,382.42078,-10.38169138777304,-3.4795263618171512,Rural_Hawassa,0.8559106,1628.2,-6.3,32.7,13.2,0.62,Silt,5.8493138735757775,0.1014809808836285,11.6,7.371927581499595,rice,0.6355109984051375
1801,820.6082,-8.466771763194192,-7.930085474453796,Rural_Akatsi,33.78446,1551.1,-2.4000000000000004,30.0,13.8,0.71,Volcanic,5.228505928207341,0.0879655705333035,1.3,0.5893827477891407,coffee,0.45337134445318517
1802,829.33594,-8.223464328541821,-0.3172869923121657,Rural_Sokoto,17.221233,1805.2,-2.1,33.0,15.45,0.68,Volcanic,5.520683443266686,0.1768182642412536,1.5,1.1629868645540355,tea,0.775324576369357
1803,939.6833,-0.9828153010166324,-2.2227389200908103,Rural_Kilimani,9.8849945,1372.4,-1.5999999999999996,28.5,13.45,0.63,Volcanic,5.92086731028149,0.0295318108854023,3.9,2.1254612979364,tea,0.5449900763939487
1804,667.9812,-8.75063043695529,-5.830935123756755,Rural_Hawassa,1.259534,1336.3,-4.0,32.3,14.15,0.6,Volcanic,4.9720672995259845,0.1169454809144665,8.6,3.8399797455656746,cassava,0.44650927274019475
1805,209.91008,-11.981212485950662,-6.119230450891113,Rural_Hawassa,1.1055174,1629.2,-7.9,37.7,14.900000000000002,0.62,Silt,7.121875263930004,0.0014739850892576,12.4,4.163789669114692,banana,0.3357894894447332
1806,448.87085,-9.768917107907807,-7.1507871682937365,Rural_Akatsi,9.772065,1517.0,-5.8,33.1,13.65,0.64,Silt,6.02641694891263,0.0439347922412335,2.2,1.075644176892328,coffee,0.48892917131469443
1807,611.9255,-2.239903713387216,-7.087722565483095,Rural_Kilimani,11.030694,410.4,-5.3,30.7,12.7,0.56,Loamy,5.8553593061174976,0.1505321404837396,3.9,2.6046220810201652,wheat,0.6678518156461962
1808,506.7708,-10.701595607408564,-7.281420988401492,Rural_Hawassa,40.120953,1787.7,-5.4,28.1,11.35,0.75,Silt,5.662626137493059,0.0275989682459296,0.8,0.5338405839722979,rice,0.6673007299653724
1809,786.1936,-3.163570826419365,-1.5245236746872883,Rural_Kilimani,13.208119,1208.4,-3.1,28.7,12.8,0.62,Volcanic,5.524105825851167,0.403360016532215,0.6,0.2501251434821016,coffee,0.416875239136836
1810,476.74753,-1.0909519386399076,-6.074184306026369,Rural_Kilimani,1.2550179,210.5,-6.8,30.8,12.0,0.51,Loamy,5.726771382691047,0.0868098652953282,11.0,6.840735550268581,potato,0.6218850500244165
1811,868.1772,-6.407669955117644,-7.7318824370489265,Rural_Amanzi,5.978301,981.8,-2.5,29.0,13.25,0.58,Rocky,4.565211081000524,0.3578611262608501,4.6,2.0557270071860154,tea,0.4468971754752208
1812,739.653,-9.084051736293729,-1.8668743756593376,Rural_Sokoto,1.3771785,1778.0,-3.0,29.4,13.2,0.63,Volcanic,5.586714927255953,0.0506539761177622,6.6,4.136367223707307,banana,0.6267223066223193
1813,785.40643,-5.29025803301046,-5.93904587143214,Rural_Kilimani,2.8379996,560.1,-3.7,29.9,13.1,0.54,Sandy,5.6149988127984205,0.309661006536246,14.5,8.930669045059533,potato,0.6159082100041057
1814,580.0904,-5.763355822612292,-0.042505508637231,Rural_Sokoto,5.5959883,1165.4,-5.0,29.1,12.05,0.6,Loamy,5.733925198417748,0.9729074585743764,4.8,1.8128979010882091,banana,0.37768706272671027
1815,604.85876,-6.421187034820555,-7.222861000077326,Rural_Amanzi,26.764498,676.6,-4.9,30.0,12.55,0.63,Loamy,5.804659464899517,0.4298867109771475,1.6,0.9522700995708157,maize,0.5951688122317598
1816,667.11053,-7.754872232174292,-4.393963102571441,Rural_Hawassa,18.690424,1016.6,-4.3,29.9,12.8,0.63,Sandy,6.20758104167341,0.0715971940629997,1.5,0.6315475873534896,coffee,0.4210317249023264
1817,673.66583,-7.556621729864952,-5.695796689162526,Rural_Hawassa,5.983326,920.8,-4.3,31.3,13.5,0.58,Sandy,4.919447343335746,0.3411040885338022,4.8,2.334815433211575,cassava,0.48641988191907815
1818,822.77826,-6.087765735482121,-7.830983955751361,Rural_Amanzi,21.41792,877.8,-3.1,30.2,13.55,0.62,Sandy,5.467410357102553,0.3521212571869961,1.5,0.8746486708017015,potato,0.583099113867801
1819,599.16833,-7.70981529983126,-1.465963686363122,Rural_Sokoto,6.723355,1309.8,-4.7,34.5,14.9,0.61,Peaty,5.580194360549537,0.4482043248612892,2.6,1.1201637719591797,banana,0.4308322199842999
1820,648.3559,-5.844458300829748,-8.020177764183282,Rural_Amanzi,21.416908,692.1,-4.8,32.8,13.999999999999998,0.61,Sandy,5.160157590156988,0.2756024265491643,1.0,0.5765389104360045,potato,0.5765389104360045
1821,777.758,-6.141834054293758,0.5566082180638559,Rural_Sokoto,3.6210146,1445.5,-2.9000000000000004,29.7,13.4,0.61,Volcanic,5.223793098064604,0.8223974227494673,5.1,2.0874050656051417,cassava,0.409295110902969
1822,832.6133,-2.2263866336843066,-1.3263206372824172,Rural_Kilimani,2.1354287,1373.2,-2.5,29.1,13.3,0.6,Volcanic,5.559506093763071,0.1500624661922291,6.5,4.210958964334927,tea,0.6478398406669119
1823,811.2232,-6.777136800330505,-8.132793126345142,Rural_Amanzi,4.7048717,1066.1,-3.0,27.7,12.35,0.59,Sandy,4.974304944167109,0.1345581855793446,3.3,1.7322983034683739,tea,0.5249388798389012
1824,756.7193,-0.8521501972218406,-2.8804126351160644,Rural_Kilimani,3.660868,1016.1,-3.5,32.7,14.6,0.58,Sandy,5.739434666501304,0.0226292180900751,6.3,2.4536235708989653,coffee,0.3894640588728516
1825,393.24536,-11.007982747341178,-5.848953581702653,Rural_Hawassa,14.171616,1723.0,-6.2,34.4,14.1,0.67,Silt,6.707756348014029,0.0997313865378379,1.4,0.5953180050627231,banana,0.4252271464733737
1826,511.2666,-1.1765601100916676,-5.830935123756755,Rural_Kilimani,16.36274,255.2,-6.4,30.6,12.1,0.56,Loamy,5.759860252501085,0.0978874352750045,2.0,1.2585355797371283,potato,0.6292677898685641
1827,360.32642,-11.314369887273791,-4.997581443759003,Rural_Hawassa,8.90617,1734.3,-6.4,32.3,12.95,0.65,Silt,6.7436431220023465,0.013692292429033,2.5,1.2816308003789394,wheat,0.5126523201515758
1828,767.396,-4.0782265529829065,-1.132622214364021,Rural_Kilimani,11.949546,1212.8,-3.2,30.5,13.65,0.62,Volcanic,5.210057935566532,0.7421150803195563,1.5,0.6232843886336534,cassava,0.415522925755769
1829,959.608,-3.893493130376477,-4.574147682030415,Rural_Kilimani,23.665625,774.6,-1.9000000000000004,28.6,13.35,0.62,Sandy,5.793969762449107,0.2050250489911584,0.6,0.3782283255666895,potato,0.6303805426111492
1830,674.75275,-3.1951106790594874,-6.98862104678066,Rural_Kilimani,4.8872747,457.6,-4.8,30.8,13.0,0.54,Sandy,6.762600440801818,0.1492233574178539,4.7,2.287177428906239,potato,0.4866334955119658
1831,798.5433,-3.492486432523496,-0.961446863877996,Rural_Kilimani,14.794856,1308.7,-2.9000000000000004,29.4,13.25,0.64,Volcanic,4.407679545869038,0.5231398152485595,1.1,0.5855881247751396,tea,0.5323528407046723
1832,485.2369,-11.598228561034894,-9.249937518990777,Rural_Akatsi,28.319084,2001.5,-4.9,31.1,13.1,0.73,Silt,6.719740203311749,0.0327769092348404,1.4,0.720762847493486,wheat,0.51483060535249
1833,762.149,-2.298477725433157,-3.065101829061512,Rural_Kilimani,15.772825,895.5,-3.6,26.4,11.4,0.61,Sandy,5.765021492417065,0.2510415778396664,0.8,0.4618098118872073,potato,0.5772622648590091
1834,698.11365,-7.817951937454536,1.0205835101707126,Rural_Sokoto,13.453804,1643.8,-3.5,34.7,15.6,0.66,Volcanic,3.978155539633346,0.1586966321310871,1.7,1.192690084980304,tea,0.7015824029295906
1835,640.19885,-6.18689098663679,-3.637187868843753,Rural_Hawassa,26.063099,647.7,-5.2,29.0,11.9,0.62,Sandy,4.608436320822885,0.3123890612481614,1.1,0.45114535958007557,wheat,0.41013214507279594
1836,68.023636,-12.129900362682667,-6.939070287429442,Rural_Hawassa,24.022348,1465.4,-9.6,34.0,12.2,0.68,Silt,6.454844320720194,0.0021364398343914,0.5,0.21025438988929607,banana,0.42050877977859213
1837,837.00446,-3.785356492753202,-1.8353420742540176,Rural_Kilimani,31.665071,1161.4,-2.6,32.5,14.95,0.68,Sandy,4.942029923491935,0.5412536138332396,1.9,0.7473410039409188,tea,0.39333737049522044
1838,361.30435,-11.737905051298291,-5.745347448513743,Rural_Hawassa,3.6262598,1776.1,-6.4,33.8,13.7,0.64,Silt,7.377956781530735,0.0049392778898449,10.9,4.760420316651016,wheat,0.4367358088670657
1839,485.7451,-0.8431388107532332,-3.3128556258176003,Rural_Kilimani,6.329773,620.3,-6.3,31.3,12.5,0.56,Loamy,4.839490532387836,0.0186490241541172,3.5,2.2237644570203514,potato,0.6353612734343861
1840,540.5758,-2.6183819450686805,-6.371488862133677,Rural_Kilimani,43.664154,284.0,-6.1,32.3,13.099999999999998,0.65,Loamy,5.0084389212235445,0.3182573231873159,1.8,1.0475691272644818,potato,0.5819828484802676
1841,897.93353,-1.3657992259324008,-1.8308374597675432,Rural_Kilimani,2.7111008,1407.3,-1.9000000000000004,32.6,15.35,0.61,Volcanic,4.212203661141715,0.0548682631024213,9.6,5.708629224233323,tea,0.5946488775243045
1842,734.1662,-8.137856157090061,-3.8083632193297774,Rural_Hawassa,24.300476,1262.3,-3.5,29.9,13.2,0.66,Volcanic,5.363980361396118,0.0362842734679138,1.0,0.5212356493535681,cassava,0.5212356493535681
1843,927.415,-3.145548053482152,-7.63278091834649,Rural_Kilimani,26.238916,787.9,-2.2,27.9,12.85,0.63,Sandy,6.129728760288305,0.0700438382134212,1.0,0.5977640238773964,maize,0.5977640238773964
1844,823.3201,-3.361821328728704,-7.520165556184632,Rural_Kilimani,42.503334,667.3,-3.2,28.2,12.5,0.67,Sandy,5.466332885831003,0.0923355154406494,0.8,0.5214141820258401,potato,0.6517677275323001
1845,688.4232,-9.102074509230938,-8.011168535210334,Rural_Akatsi,5.359614,1628.9,-3.6,30.2,13.3,0.63,Volcanic,4.763137267165804,0.1480340054191201,2.8,1.0790986596221892,cassava,0.38539237843649615
1846,405.5758,-14.432309605411586,-7.1417779393207885,Rural_Hawassa,4.5559087,1328.7,-6.4,33.1,13.35,0.61,Peaty,4.820244359077234,2.4474331096871484e-09,3.5,1.347326315912952,banana,0.38495037597512916
1847,635.4937,-6.353601636306006,-0.7542345975001765,Rural_Sokoto,4.288055,1193.5,-4.4,32.2,13.900000000000002,0.6,Loamy,4.981183852114066,0.8836733865055447,3.8,1.7083845551596197,tea,0.4495748829367421
1848,833.6105,-4.627921127567893,-4.893975310570093,Rural_Kilimani,9.664734,605.3,-3.2,28.4,12.6,0.57,Sandy,5.852743421681169,0.2686006731536179,2.4,1.4875465911141472,potato,0.6198110796308947
1849,668.63495,-8.187418782667397,-2.650677296305873,Rural_Hawassa,13.469707,1341.9,-4.0,30.9,13.45,0.64,Volcanic,4.649967943097223,0.1144584587986246,1.3,0.5560423119699061,cassava,0.4277248553614662
1850,622.7808,-7.619701435145196,-2.754283429494783,Rural_Hawassa,10.623618,1118.6,-4.6,32.7,14.05,0.61,Loamy,6.426318009066354,0.2211408970934944,4.9,3.2742200392684806,wheat,0.6682081712792817
1851,498.38547,-0.3385011685112786,-3.497544819763048,Rural_Kilimani,10.385658,590.7,-6.2,30.6,12.2,0.57,Loamy,6.570774495814434,0.0042632993505353,2.3,1.5596479272551096,maize,0.6781077944587434
1852,760.1133,-4.231420122949215,-6.61473804440329,Rural_Kilimani,21.725637,520.2,-3.9,30.1,13.1,0.6,Sandy,6.040338441317784,0.2537781943610675,0.7,0.3908336573654171,wheat,0.5583337962363102
1853,601.23944,-5.605656559411681,-8.155316198777513,Rural_Amanzi,13.431404,630.6,-5.3,31.0,12.85,0.58,Loamy,4.538341908375885,0.245240593293418,1.8,0.9582208014896876,maize,0.5323448897164931
1854,702.7782,-6.795159573267718,-6.903033371537648,Rural_Amanzi,6.335429,803.2,-4.2,29.0,12.4,0.57,Sandy,5.050538263319673,0.2544533475426946,3.6,2.0217951048867437,potato,0.5616097513574287
1855,681.9534,-6.596909070958377,-5.907513570026819,Rural_Amanzi,29.10019,662.8,-4.5,27.2,11.35,0.63,Sandy,5.11155967877628,0.2455188310724609,0.6,0.3518234752192336,potato,0.5863724586987227
1856,672.67523,-9.58868937853568,0.2367805895241779,Rural_Sokoto,10.21992,1986.4,-3.4000000000000004,34.1,15.35,0.67,Volcanic,4.920980169318973,0.278606219499831,2.3,1.2853801990520204,banana,0.5588609561095741
1857,711.01117,-10.422242626881769,-0.9073914900403042,Rural_Sokoto,14.216496,2127.4,-2.9000000000000004,28.3,12.7,0.7,Volcanic,5.292242046610447,0.2502611351644847,1.2,0.6689780691863477,banana,0.5574817243219564
1858,880.3273,-1.3252479868236726,-2.6056311514411297,Rural_Kilimani,3.2800465,1193.1,-2.2,30.3,14.05,0.59,Rocky,4.973694313675415,0.0665333861133727,13.3,7.127661822244012,tea,0.5359144227251137
1859,465.15353,-9.394944569460645,-5.601199784946564,Rural_Hawassa,0.9141767,1350.4,-5.8,31.0,12.6,0.6,Peaty,4.787770345842697,0.0764733518736917,14.7,5.8344211895697935,cassava,0.3968994006510064
1860,707.8557,-8.372152205273824,-1.763268242470428,Rural_Sokoto,14.724343,1557.4,-3.5,27.5,12.0,0.66,Volcanic,5.541008489760874,0.1626905934676303,1.0,0.528444050206157,coffee,0.528444050206157
1861,633.52893,-1.897471027580174,-5.646245929811308,Rural_Kilimani,28.113594,392.7,-5.2,33.0,13.9,0.61,Loamy,5.333764255307162,0.2471782719378721,0.9,0.5865977827432235,potato,0.6517753141591373
1862,894.84985,-6.493278126569406,-8.249913102993474,Rural_Amanzi,12.077408,1105.7,-2.2,28.9,13.35,0.61,Rocky,4.291031844928502,0.1310925437352049,1.7,0.7649942614037452,tea,0.4499966243551442
1863,564.0912,-1.172054416857364,-5.889495112080922,Rural_Kilimani,3.0747898,308.3,-5.9,28.4,11.25,0.53,Loamy,5.836282769922999,0.0995151172848741,14.1,9.178477644211794,wheat,0.6509558612916166
1864,276.83932,-14.265598955742368,-7.790442425373093,Rural_Hawassa,5.4284706,1261.6,-7.6,33.8,13.099999999999998,0.6,Peaty,4.269348319139841,6.1449481580210105e-09,4.5,1.708072097826164,wheat,0.37957157729470314
1865,463.4287,-9.895076518468295,-4.182246221707148,Rural_Hawassa,2.0294938,1538.4,-5.7,33.1,13.7,0.61,Peaty,4.177937401301134,0.0414663802433662,5.9,2.0044187137865963,cassava,0.33973198538755867
1866,670.10876,-5.957100631687329,-2.339858896739144,Rural_Hawassa,12.765393,897.6,-4.5,30.9,13.2,0.6,Sandy,5.3211277221548725,0.592321479537797,0.6,0.30502843394095086,potato,0.5083807232349181
1867,730.1775,-8.678539345206442,-7.249888686996171,Rural_Akatsi,20.062527,1455.2,-3.4000000000000004,29.9,13.25,0.66,Volcanic,4.037169510695435,0.048196553552804,1.6,1.048661708614575,tea,0.6554135678841094
1868,796.09564,-3.059939882030392,-3.3038463968446523,Rural_Kilimani,5.1576943,838.2,-3.3,30.1,13.4,0.57,Sandy,5.648595395361177,0.3204306242552392,2.7,1.2868439292813718,wheat,0.47660886269680436
1869,897.27637,-5.182121395387183,-5.912018184513293,Rural_Kilimani,26.013706,667.7,-2.5,28.9,13.2,0.62,Sandy,6.100919440011072,0.3106217388561935,1.1,0.6316239500114793,maize,0.5742035909195266
1870,784.9657,-3.18609929259088,-3.2182587216016394,Rural_Kilimani,4.4593563,838.1,-3.4000000000000004,32.5,14.55,0.57,Sandy,5.3022509960843225,0.3364341630196085,2.1,1.137877297942231,cassava,0.5418463323534433
1871,759.41925,-4.280982748526549,-0.5109854152305624,Rural_Kilimani,12.585813,1295.3,-3.2,31.9,14.35,0.63,Volcanic,5.399655530387746,0.7394330286771573,1.5,0.4293649281705076,coffee,0.28624328544700506
1872,825.64825,-6.930330370296812,-7.952608546886169,Rural_Amanzi,13.123308,1092.5,-2.8,32.0,14.6,0.62,Sandy,5.372855280985105,0.1377661910593499,1.5,0.7572822104173083,tea,0.5048548069448722
1873,757.8065,-5.105524610404029,-5.529125953162975,Rural_Kilimani,13.159028,515.4,-3.9,30.8,13.45,0.57,Sandy,6.242386343152321,0.3094525289682217,1.0,0.56413601304023,wheat,0.56413601304023
1874,746.99615,-4.019652540936967,-2.790320345386577,Rural_Kilimani,5.630297,851.0,-3.7,30.7,13.5,0.57,Sandy,5.944225700703179,0.3285691069338709,4.1,2.0636354022775865,wheat,0.5033257078725821
1875,843.3108,-3.762828026581685,-4.457027705382083,Rural_Kilimani,15.468321,670.1,-3.0,28.6,12.8,0.59,Rocky,4.892592777117244,0.1962047291159881,1.7,0.9526486200989265,potato,0.5603815412346627
1876,578.3124,-2.014619051672057,-5.601199784946564,Rural_Kilimani,12.396058,335.9,-5.7,29.7,12.0,0.56,Loamy,5.990764822945014,0.2586596886808516,2.0,1.2997791541622565,wheat,0.6498895770811283
1877,830.69666,-5.051456291592391,-3.569618651546638,Rural_Kilimani,26.42281,778.4,-3.0,32.7,14.85,0.63,Sandy,6.156461841666776,0.1968968359511976,0.6,0.3357200546457652,maize,0.5595334244096087
1878,849.35956,-3.5014978189921013,-3.0515879856020893,Rural_Kilimani,4.9906225,925.7,-2.7,27.8,12.55,0.58,Rocky,4.560181708942435,0.345811528336432,3.0,1.371730198916715,potato,0.457243399638905
1879,645.46423,-6.331073170134491,-2.2677850649555538,Rural_Hawassa,6.531909,942.8,-4.6,30.4,12.9,0.58,Sandy,6.335986826796699,0.631432719884956,4.6,1.9569048046612663,wheat,0.42541408796984054
1880,597.5853,-8.354129432336613,-5.628227471865411,Rural_Hawassa,11.357342,1115.3,-4.9,30.9,13.0,0.61,Loamy,4.976846140576425,0.2497688234667789,2.9,1.6343273798500357,cassava,0.5635611654655296
1881,673.31006,-9.64726339058162,-1.6731759527409416,Rural_Sokoto,21.52977,1875.3,-3.5,31.7,14.1,0.7,Volcanic,4.6091625058830905,0.1705441041282632,1.6,0.5387346190563796,cassava,0.33670913691023724
1882,623.17847,-5.285752339776156,-1.7272313265786334,Rural_Kilimani,15.950094,928.6,-4.8,32.7,13.95,0.61,Loamy,5.530440285981295,0.8259222511714163,1.1,0.489773421074169,wheat,0.44524856461288087
1883,549.76733,-5.970617711390238,-7.083217950996622,Rural_Amanzi,20.23755,466.4,-6.0,31.3,12.65,0.59,Loamy,6.304810461578208,0.4321328687280073,2.0,1.096198902729703,potato,0.5480994513648515
1884,877.0513,-3.618645843083984,-3.033569527656192,Rural_Kilimani,11.195259,953.3,-2.5,30.5,14.0,0.6,Rocky,4.666919989691929,0.3370291635056285,4.7,2.1018152579600193,tea,0.44719473573617435
1885,725.7398,-7.917077188609205,-3.2002402636557425,Rural_Hawassa,6.204806,1251.5,-3.6,30.5,13.45,0.61,Volcanic,4.88317200514581,0.0811390476077219,4.0,2.8423613490274424,tea,0.7105903372568606
1886,545.60034,-9.21922253332282,-7.303944060833865,Rural_Akatsi,7.4231443,1453.8,-5.0,33.1,14.05,0.62,Silt,6.841649687407104,0.0417204359894297,3.6,1.5548629283290645,coffee,0.43190636898029566
1887,789.57324,-3.888987437142175,-5.371464446136373,Rural_Kilimani,11.254982,535.2,-3.6,28.8,12.6,0.57,Sandy,5.715139182321079,0.2278267026645813,2.6,1.6144047320542563,potato,0.6209248969439447
1888,434.13538,-10.719618380345777,-8.803980684829817,Rural_Akatsi,17.878563,1832.7,-5.7,31.4,12.85,0.69,Silt,6.3206771541960896,0.0826854347640706,1.8,0.9283804574630238,banana,0.515766920812791
1889,882.5359,-3.780850799518898,-3.59214172397901,Rural_Kilimani,5.159053,843.4,-2.5,28.3,12.9,0.57,Rocky,4.971079276892364,0.247614654811064,2.6,1.2102243262419268,tea,0.4654708947084334
1890,558.34357,-10.494333718630616,-9.74994972698943,Rural_Akatsi,19.861132,1987.9,-4.4,31.2,13.4,0.7,Silt,5.9728761618002455,0.0439404442486029,1.3,0.7093200462182975,coffee,0.5456308047833057
1891,560.8968,-6.750102640924686,-3.0605972145750373,Rural_Hawassa,11.140133,791.4,-5.5,31.2,12.85,0.59,Loamy,5.741963382870741,0.3714788519671319,4.0,2.3894752237685224,wheat,0.5973688059421306
1892,472.6773,-11.242278795524944,-9.186872916180135,Rural_Akatsi,11.191442,1954.5,-5.2,33.6,14.2,0.67,Silt,5.795520743069587,0.0445719012739657,2.1,1.2260711324547788,banana,0.5838433964070375
1893,591.8343,-9.84551389289096,-7.7318824370489265,Rural_Akatsi,3.4653425,1729.0,-4.3,28.9,12.3,0.63,Silt,7.499744746117022,0.0670086858843823,7.3,3.3369224236476884,wheat,0.457112660773656
1894,533.1519,-5.484002842085495,0.3088544213077673,Rural_Kilimani,4.9020853,1132.4,-5.4,31.8,13.2,0.59,Loamy,4.849784745557423,0.8467954364918773,3.1,1.4418626743653693,cassava,0.46511699173076426
1895,534.4094,-7.633218514848106,-1.862369761172864,Rural_Sokoto,13.879173,1165.0,-5.4,30.3,12.45,0.62,Loamy,5.653260173107551,0.4662753383965064,0.9,0.529784521895132,cassava,0.5886494687723689
1896,765.74713,-6.975387302639843,-6.997630275753608,Rural_Akatsi,9.428285,918.6,-3.5,32.7,14.6,0.59,Sandy,6.636376552698165,0.2161067009081647,2.2,0.8866556574828699,coffee,0.4030252988558499
1897,580.40717,-14.932441554419237,-6.2273411985664975,Rural_Hawassa,2.7847662,1317.3,-4.8,31.5,13.35,0.6,Peaty,5.643581244749967,4.93138265758232e-10,12.9,6.753682441912657,banana,0.5235412745668726
1898,681.089,-8.09279922474703,0.5926451339556504,Rural_Sokoto,2.2132826,1674.2,-3.6,30.6,13.5,0.63,Volcanic,4.976759452852672,0.155667907562133,11.2,9.194239658474826,tea,0.8209142552209667
1899,386.51956,-9.60220645823859,-3.9525108828969566,Rural_Hawassa,4.389562,1365.8,-6.7,32.2,12.750000000000002,0.61,Peaty,4.068422187724476,0.0118538794560122,2.8,1.070554442894826,cassava,0.38234087246243786
1900,691.2315,-6.398658568649038,-5.93904587143214,Rural_Amanzi,7.3866887,628.7,-4.4,27.5,11.55,0.56,Sandy,5.377922269107871,0.246665924258804,4.2,1.8862565240160216,maize,0.44910869619429084
1901,547.4222,-5.71829889026926,-1.722726712092159,Rural_Hawassa,14.166867,874.2,-5.5,30.8,12.65,0.6,Loamy,6.332618159815801,0.8536836800768626,0.6,0.2974106960017202,maize,0.49568449333620035
1902,530.54767,-8.840744301641354,-6.533654983646753,Rural_Akatsi,11.453398,1253.5,-5.3,32.4,13.55,0.62,Silt,6.523123681246846,0.0747375923257337,3.2,1.4181091159763413,coffee,0.4431590987426066
1903,812.44867,-4.105260712388727,-1.5830836630114546,Rural_Kilimani,6.5790715,1171.7,-2.9000000000000004,30.8,13.95,0.6,Sandy,5.1737671876093865,0.6747864245858477,4.4,2.152967896251652,cassava,0.48931088551173907
1904,535.2528,-6.673505855941532,-3.5245725066818947,Rural_Hawassa,2.9334629,677.2,-5.8,31.6,12.9,0.55,Loamy,5.262259146149806,0.2895037085751692,5.8,3.7312509856011515,potato,0.6433191354484744
1905,735.29596,-5.348832045056401,-3.907464738032213,Rural_Kilimani,7.5570655,641.4,-4.0,34.4,15.2,0.56,Sandy,5.143587479660198,0.2052366658448895,4.7,2.10502534325688,maize,0.4478777326078468
1906,542.70105,-5.54708254736574,-1.6146159644167752,Rural_Hawassa,9.6266985,878.2,-5.6,32.3,13.349999999999998,0.59,Loamy,5.297231845885884,0.8769164435618415,3.8,1.9793898395799874,potato,0.5208920630473651
1907,714.1476,-8.894812620452992,-1.010997623229214,Rural_Sokoto,2.0088947,1788.1,-3.2,28.7,12.75,0.63,Volcanic,5.88802262243096,0.0842650978616065,14.9,8.925619343903337,banana,0.599034855295526
1908,323.5896,-12.206497147665822,-8.758934539965074,Rural_Akatsi,6.468882,1792.3,-6.7,33.7,13.500000000000002,0.65,Silt,6.399518738098224,0.0528548483817889,4.1,2.29621087553452,coffee,0.5600514330572001
1909,216.53981,-12.400241956740857,-7.858011642670207,Rural_Akatsi,5.7772455,1645.8,-7.8,34.1,13.15,0.63,Silt,6.909625972283397,0.0316055681949792,3.3,1.1859228067716678,banana,0.35937054750656605
1910,411.0704,-10.958420121763844,-8.831008371748664,Rural_Akatsi,28.814281,1809.7,-6.2,33.1,13.45,0.72,Silt,5.315020054923925,0.0967586271761354,0.7,0.40173907682735066,rice,0.5739129668962153
1911,695.527,-7.286280135806762,-0.1190839549072948,Rural_Sokoto,7.2232437,1478.2,-3.6,31.0,13.7,0.63,Volcanic,5.622108912201602,0.5473501681135964,4.3,1.7909109049632457,coffee,0.4164909081309874
1912,571.1645,-7.876525949500477,-3.5651140370601637,Rural_Hawassa,9.860481,1033.2,-5.2,31.4,13.1,0.6,Loamy,6.03280363518929,0.0569914420857882,4.5,2.25701357410084,coffee,0.5015585720224088
1913,586.5324,-2.5327737736169205,-5.042627588623747,Rural_Kilimani,6.121192,373.0,-5.6,27.3,10.85,0.54,Loamy,5.605495307552077,0.1659168597965808,4.8,2.994245566870564,wheat,0.6238011597647009
1914,648.0885,-7.989168280358056,-7.303944060833865,Rural_Akatsi,3.6830807,1141.8,-4.4,31.1,13.35,0.59,Sandy,6.568464473383236,0.0733037410182241,5.7,2.704752731502556,maize,0.4745180230706238
1915,660.0538,-6.349095943071703,-7.164301011753159,Rural_Amanzi,9.353852,677.9,-4.7,30.1,12.7,0.57,Sandy,5.8637187117780565,0.4365354909110297,3.0,1.6523771458922216,potato,0.5507923819640739
1916,765.6203,-3.0058715632187543,-1.2992929503635715,Rural_Kilimani,20.258425,1243.1,-3.2,30.6,13.7,0.65,Volcanic,5.268501726828583,0.3451330853951838,1.8,0.7342639335676476,wheat,0.407924407537582
1917,726.7982,-5.055961984826695,-1.6146159644167752,Rural_Kilimani,5.461379,1053.9,-3.7,33.0,14.65,0.59,Sandy,5.3088914213802365,0.8285496643317074,2.7,0.7285956164767459,wheat,0.26985022832472066
1918,728.74634,-8.43523191055407,-2.2182343056043363,Rural_Hawassa,29.199137,1538.7,-3.3,30.8,13.75,0.7,Volcanic,3.730667627768878,0.1133017159497386,1.3,0.8168070625279558,tea,0.6283131250215044
1919,117.21302,-12.341667944694915,-6.123735065377588,Rural_Hawassa,12.973266,1524.5,-8.8,34.0,12.6,0.65,Silt,6.807162100548939,0.0001349150076227,1.9,1.005256246442133,wheat,0.5290822349695438
1920,676.97784,-9.066028963356512,-0.0244870506913337,Rural_Sokoto,0.45425698,1865.0,-3.5,30.8,13.65,0.63,Volcanic,4.207097211846191,0.1624284211839102,13.3,10.967010133374233,tea,0.8245872280732506
1921,715.03436,-5.880503846704174,-4.434504632949711,Rural_Hawassa,11.036879,611.7,-4.2,29.7,12.75,0.57,Sandy,5.313205055868797,0.2252317081851126,2.1,0.9409430764923373,maize,0.44806813166301773
1922,716.0654,-5.028927825420876,-6.848977997699955,Rural_Kilimani,25.143261,528.6,-4.2,25.9,10.85,0.61,Sandy,4.88666717999217,0.3804668291756143,1.3,0.704072165517179,potato,0.541593973474753
1923,599.77734,-1.0233665401253609,-3.0290649131697176,Rural_Kilimani,8.975199,806.1,-5.1,29.9,12.4,0.58,Loamy,4.886700082502543,0.032804120256824,2.3,1.452381635666662,potato,0.6314702763768095
1924,743.9675,-2.415625749525038,-3.9389970394375338,Rural_Kilimani,11.411038,692.0,-3.9,32.1,14.1,0.58,Sandy,4.998558596820478,0.1486772586506097,3.2,1.412285372862288,maize,0.44133917901946496
1925,640.9339,-9.30483070477458,-4.524596922679198,Rural_Hawassa,20.11496,1519.4,-4.1,31.5,13.7,0.67,Volcanic,3.7829237989831137,0.009786560258202,0.9,0.6108135380751323,rice,0.6786817089723692
1926,736.6206,-4.398130772618432,-1.2497421910123536,Rural_Kilimani,3.7765536,1144.5,-3.6,30.6,13.5,0.59,Sandy,5.728160232071102,0.8051655296443491,14.4,7.336313512240738,cassava,0.509466216127829
1927,902.12854,-2.514751000679709,-1.587588277497929,Rural_Kilimani,6.6253285,1364.5,-1.9000000000000004,27.8,12.95,0.62,Volcanic,5.077624244334603,0.2313285262785885,3.7,1.8184720913304664,cassava,0.49147894360282873
1928,457.62628,-9.822985426719445,-7.096731794456045,Rural_Akatsi,11.045703,1539.2,-5.7,32.3,13.3,0.64,Silt,6.971657262633556,0.0493230125913805,4.8,2.4893732101876096,wheat,0.5186194187890854
1929,792.7735,-7.655746981019622,-0.5244992586899853,Rural_Sokoto,18.247408,1617.3,-2.6,29.3,13.35,0.67,Volcanic,4.474582370805385,0.3886200743483978,1.3,0.4467646104246666,cassava,0.3436650849420512
1930,907.69257,-1.7487831508481708,-2.1957112331719646,Rural_Kilimani,2.3554778,1306.0,-1.8000000000000007,29.7,13.95,0.6,Volcanic,4.58031394558045,0.125267219364391,12.7,5.626152687307499,cassava,0.44300414860688975
1931,466.7624,-1.6496578996934996,-5.22281216808272,Rural_Kilimani,9.0587435,249.0,-6.8,32.3,12.749999999999998,0.54,Loamy,6.5890662360413605,0.1187940122774618,4.2,2.850447773509826,wheat,0.6786780413118633
1932,535.86,-1.5865781944132564,-6.267882728944766,Rural_Kilimani,1.6728703,278.4,-6.2,33.7,13.750000000000002,0.52,Loamy,5.4788490017338445,0.208613571336182,5.7,3.3115538746575557,wheat,0.5809743639750098
1933,462.84045,-10.030247315497393,-7.096731794456045,Rural_Akatsi,2.4832757,1604.9,-5.6,32.4,13.4,0.62,Silt,6.1805432979468975,0.0545871664561981,7.4,3.67715799820194,coffee,0.49691324300026213
1934,539.8826,-9.020972031013482,-4.13269546235593,Rural_Hawassa,1.2867105,1335.9,-5.2,32.5,13.65,0.6,Peaty,5.379588856292687,0.0106651659178943,6.9,3.129986340438691,wheat,0.45362120875923057
1935,745.3917,-7.628712821613803,-3.2858279388987546,Rural_Hawassa,18.79012,1174.7,-3.5,31.8,14.15,0.64,Sandy,4.7649573570588295,0.1036067191986244,0.7,0.4113771593354021,tea,0.5876816561934316
1936,812.6523,-9.854525279359567,0.6196728208744966,Rural_Sokoto,2.1681366,2195.2,-1.9000000000000004,30.3,14.2,0.66,Volcanic,4.937087279342353,0.2493413565376477,8.9,6.1846479494184186,tea,0.6949042639795976
1937,824.17755,-3.27170746404264,-4.411981560517339,Rural_Kilimani,13.189505,670.0,-3.2,29.9,13.35,0.58,Sandy,5.781443425068112,0.1697169396315746,1.1,0.6925454378174359,potato,0.6295867616522144
1938,828.2407,-1.1405145642172432,-1.7722774714433769,Rural_Kilimani,6.092566,1368.6,-2.5,28.0,12.75,0.61,Volcanic,4.619690433661931,0.0343752974533298,2.0,1.3474493529327591,tea,0.6737246764663796
1939,618.7943,-8.912835393390205,-4.934516840948362,Rural_Hawassa,6.360357,1344.8,-4.5,30.3,12.9,0.61,Peaty,4.204134110083772,0.0706663248983495,3.0,1.1651380582546607,cassava,0.38837935275155355
1940,719.83154,-10.38169138777304,-0.6190961629059462,Rural_Sokoto,10.1048565,2153.6,-2.7,30.9,14.1,0.69,Volcanic,4.702918864567411,0.3164201965336656,4.7,3.431814419266947,tea,0.7301732806950951
1941,650.6846,-1.8253799358313236,-3.1191572028992045,Rural_Kilimani,2.725332,795.3,-4.7,32.6,13.95,0.56,Sandy,4.846922876416682,0.142688596815791,13.5,7.362595155172562,potato,0.5453774189016712
1942,638.0151,-7.741355152471382,-5.601199784946564,Rural_Hawassa,3.7085388,943.2,-4.6,32.5,13.95,0.57,Sandy,5.48312209334353,0.3205254673352292,5.3,2.9156010845669984,potato,0.5501134121824526
1943,690.8608,-5.110030303638332,-1.4884867587954935,Rural_Kilimani,15.969461,1041.5,-4.1,31.5,13.7,0.62,Sandy,4.521492094585753,0.8651881180956504,1.8,0.7038101187736079,cassava,0.39100562154089324
1944,427.35532,-11.260301568462156,-5.619218242892462,Rural_Hawassa,3.8860924,1796.9,-5.8,34.0,14.1,0.64,Silt,6.952804733698077,0.0346572197276973,12.5,6.218234554416938,wheat,0.49745876435335507
1945,668.20874,-7.628712821613803,-4.7993784063541325,Rural_Hawassa,5.0429845,952.8,-4.4,30.1,12.85,0.58,Sandy,6.137128169208919,0.1214026229642183,4.2,2.0874473825892355,maize,0.49701128156886554
1946,470.05685,-12.030775111527998,-9.488682086773917,Rural_Akatsi,3.6140056,1969.1,-5.3,31.1,12.9,0.65,Silt,7.038345223509306,0.004930140809598,9.4,4.774321539407328,coffee,0.5079065467454604
1947,498.10596,-0.95127544837651,-4.524596922679198,Rural_Kilimani,5.2646737,374.3,-6.4,31.0,12.3,0.54,Loamy,5.313220137892771,0.0136645564094187,2.8,1.8405429435470857,potato,0.6573367655525306
1948,654.6051,-3.1951106790594874,-6.803931852835212,Rural_Kilimani,15.742687,465.4,-4.6,32.3,13.849999999999998,0.58,Sandy,5.4234448752343525,0.1780723883932958,1.4,0.8429595598662426,potato,0.6021139713330305
1949,757.9094,-9.9040879049369,0.1782206012000113,Rural_Sokoto,29.123392,2135.2,-2.5,28.7,13.1,0.74,Volcanic,5.295411958481931,0.3486499183001641,0.5,0.35313907214800866,tea,0.7062781442960173
1950,689.832,-7.259245976400943,-3.5245725066818947,Rural_Hawassa,23.15551,981.3,-4.1,29.1,12.5,0.64,Sandy,5.212396376163886,0.1167637376413148,1.2,0.6734192572903821,cassava,0.5611827144086518
1951,678.7526,-2.0957215298895147,-3.8849416655998414,Rural_Kilimani,2.310281,648.0,-4.5,32.2,13.85,0.55,Sandy,5.193423170720645,0.1149699485708761,8.2,3.9101362980480365,wheat,0.47684589000585814
1952,531.67004,-7.142097952309061,-0.7362161395542792,Rural_Sokoto,15.212474,1213.6,-5.4,32.2,13.400000000000002,0.63,Silt,6.385197801974492,0.6355264589462789,1.8,0.8169097854867567,wheat,0.45383876971486486
1953,564.26074,-6.916813290593902,-3.857913978680996,Rural_Hawassa,23.892553,719.5,-5.5,33.1,13.8,0.62,Loamy,6.118805341215971,0.1341818273707088,1.3,0.811919356513902,potato,0.62455335116454
1954,612.7581,-6.6284489235985,-1.8758836046322864,Rural_Hawassa,9.419606,1028.4,-4.8,34.2,14.7,0.6,Loamy,5.348502381363678,0.7566281353028114,2.3,1.227603594558002,potato,0.5337406932860879
1955,865.0325,-3.7267824807072607,-4.583156911003364,Rural_Kilimani,18.801134,679.0,-2.8,28.9,13.05,0.6,Rocky,5.819125099767164,0.1940639391708787,1.5,0.8910109878142909,potato,0.5940073252095273
1956,306.47552,-10.96743150823245,-7.173310240726109,Rural_Hawassa,15.032643,1658.6,-7.0,31.6,12.3,0.66,Silt,5.41491797643769,0.0255254185475327,0.7,0.2873165758906675,banana,0.41045225127238216
1957,667.5248,-2.7039901165204423,-2.835366490251321,Rural_Kilimani,1.5533398,823.3,-4.5,30.3,12.9,0.56,Sandy,6.626617672225915,0.3489238589315955,6.8,3.09492070589029,potato,0.45513539792504265
1958,862.4854,-8.214452942073216,-7.979636233805015,Rural_Akatsi,11.14282,1503.8,-2.2,28.6,13.2,0.64,Volcanic,5.28723716093168,0.0738264966192356,5.0,3.437432802833248,tea,0.6874865605666496
1959,675.80005,-2.8256438338466268,-4.245310824517788,Rural_Kilimani,16.866428,553.5,-4.7,30.7,13.0,0.59,Sandy,6.112284717015014,0.1525477987598149,1.6,0.9211286781902092,wheat,0.5757054238688807
1960,715.94073,-7.903560108906296,-6.673298032727456,Rural_Akatsi,25.598747,1126.6,-3.8,30.3,13.25,0.66,Sandy,4.6590455708569145,0.2261267823095986,0.8,0.37528493567646426,cassava,0.4691061695955803
1961,495.02563,-6.876262051485174,-1.6056067354438264,Rural_Sokoto,13.642288,996.5,-5.9,29.0,11.55,0.61,Loamy,5.243397081226278,0.7600841912809948,0.7,0.2797522378338178,wheat,0.39964605404831116
1962,611.8731,-5.970617711390238,-2.2948127518744004,Rural_Hawassa,66.1652,848.6,-5.0,28.8,11.9,0.76,Loamy,6.132764003649468,0.6155142757836084,0.7,0.37256924905685723,potato,0.5322417843669389
1963,725.0701,-4.817160243408626,-1.4479452284172247,Rural_Kilimani,9.8288765,1084.3,-3.7,33.5,14.9,0.6,Sandy,4.833945098110179,0.8345965897854325,4.2,1.7885686411221906,cassava,0.4258496764576644
1964,715.0846,-8.182913089433093,-3.830886291762149,Rural_Hawassa,13.417387,1251.1,-3.7,29.9,13.1,0.63,Volcanic,4.278533644972302,0.0338558192153964,1.4,0.9384414007270119,tea,0.6703152862335799
1965,804.26306,-8.64699949256632,0.6241774353609708,Rural_Sokoto,13.039845,1930.4,-2.2,30.2,14.0,0.68,Volcanic,5.547362083579284,0.0903087501079612,1.8,1.2058862857556036,banana,0.6699368254197797
1966,683.6976,-4.18185749737188,-2.830861875764847,Rural_Kilimani,9.831544,770.0,-4.4,32.5,14.05,0.58,Sandy,4.818503636930774,0.3056760739507881,3.6,1.649665843796023,cassava,0.45824051216556194
1967,787.12054,-1.6046009673504695,-0.920905333499727,Rural_Kilimani,2.428937,1473.5,-2.8,29.5,13.35,0.61,Volcanic,4.380500276504608,0.0549982020973635,5.1,1.9503668958972507,cassava,0.38242488154848053
1968,517.0727,-9.73287156203338,-3.321864854790549,Rural_Hawassa,25.25485,1597.2,-5.1,31.7,13.3,0.69,Silt,5.992765010513187,0.0082195164684811,1.9,1.3614509225352527,rice,0.7165531171238172
1969,336.02164,-11.156670624073184,-6.839968768727007,Rural_Hawassa,24.403894,1707.9,-6.7,31.6,12.45,0.7,Silt,5.456888122650285,0.0264694810777459,0.5,0.21760985052153964,banana,0.4352197010430793
1970,838.8334,-6.92582467706251,-7.367008663644504,Rural_Akatsi,5.3823366,1043.8,-2.6,29.0,13.2,0.59,Rocky,4.6726081610470604,0.2251638473905103,2.4,1.1974156696023108,tea,0.49892319566762955
1971,701.68506,-10.566424810379468,-0.4704438848522934,Rural_Sokoto,2.7301064,2159.3,-3.0,30.4,13.7,0.66,Volcanic,4.946988152561906,0.3482176042824756,14.0,10.241595947313218,tea,0.7315425676652298
1972,225.42404,-11.972201099482056,-6.529150369160278,Rural_Hawassa,12.893467,1629.1,-8.0,33.7,12.85,0.66,Silt,7.098297419768652,0.0012080621589822,1.6,0.5349455641780149,banana,0.3343409776112593
1973,682.6175,-7.263751669635246,-3.173212576736896,Rural_Hawassa,35.254208,1023.5,-4.2,32.5,14.15,0.68,Sandy,5.6488961776334765,0.1737172839304232,1.5,0.6974346558999902,wheat,0.46495643726666014
1974,580.7956,-1.865931174940052,-4.637212284841056,Rural_Kilimani,3.8916037,430.5,-5.6,32.7,13.55,0.54,Loamy,6.478684888923438,0.0709196595025833,7.7,5.086653797918115,maize,0.6606043893400149
1975,709.90967,-4.483738944070192,-0.7136930671219075,Rural_Kilimani,7.984287,1205.0,-3.8,30.7,13.45,0.61,Volcanic,4.301690698699047,0.8078275623272769,2.0,0.9107303683618144,tea,0.4553651841809072
1976,550.7838,-9.16064852127688,-4.875956852624196,Rural_Hawassa,4.369186,1363.4,-5.1,29.2,12.05,0.61,Peaty,5.417499576390052,0.0221304059752058,2.1,1.0387924861292746,banana,0.4946630886329879
1977,656.3444,-5.474991455616889,0.7773343279010984,Rural_Kilimani,10.894307,1286.2,-4.2,33.6,14.7,0.62,Volcanic,4.817888032534143,0.665453483996667,4.7,1.7054734287693336,cassava,0.36286668697219865
1978,878.5263,-3.5645775242723463,-2.240757378036708,Rural_Kilimani,4.780682,1128.5,-2.3,31.1,14.4,0.59,Rocky,4.641363305022693,0.4420972464075304,4.6,1.801146575622572,cassava,0.3915536033962113
1979,781.5981,-11.09809661202724,0.0926329259569991,Rural_Sokoto,23.948633,2313.2,-2.1,30.5,14.2,0.74,Volcanic,3.790846250097833,0.3074114182420106,1.9,1.033418441314947,tea,0.5439044427973405
1980,556.42474,-7.696298220128351,-2.02453588268594,Rural_Sokoto,35.895298,1159.2,-5.4,32.5,13.55,0.69,Loamy,5.457548980802934,0.409852475260792,0.6,0.30374089752457223,wheat,0.5062348292076204
1981,641.0741,-5.263223873604641,-1.803809772848697,Rural_Hawassa,11.438074,931.5,-4.6,32.8,14.099999999999998,0.6,Sandy,6.241000209245818,0.7957961239601665,3.3,0.7423068354687191,coffee,0.22494146529355125
1982,505.544,-10.917868882655114,-9.745445112502956,Rural_Akatsi,20.595066,1987.8,-4.9,32.4,13.75,0.71,Silt,5.550453748915335,0.0158003937151472,1.6,0.9392314682805891,banana,0.5870196676753682
1983,808.8607,-7.705309606596956,-6.772399551429893,Rural_Akatsi,8.394881,1165.6,-2.9000000000000004,29.5,13.3,0.61,Sandy,6.004687990960734,0.2081209691459319,4.3,1.6314770722108607,coffee,0.37941327260717694
1984,521.03143,-1.3522821462294914,-6.380498091106625,Rural_Kilimani,9.664007,261.0,-6.3,31.9,12.8,0.54,Loamy,5.511316802604218,0.1378417669183178,3.1,1.9727119738281633,potato,0.6363587012348914
1985,702.8216,-3.834919118330536,-0.3443146792310119,Rural_Kilimani,12.121445,1282.8,-3.7,30.6,13.45,0.63,Volcanic,4.495988531715741,0.5845445393450966,1.7,0.5916697561507946,cassava,0.3480410330298792
1986,502.42432,-8.714584891080866,-2.9569910813861275,Rural_Hawassa,2.0699399,1298.2,-5.6,32.9,13.65,0.6,Peaty,4.323921373809383,0.0262059185352332,10.7,4.0123517988902,cassava,0.37498614942899067
1987,907.5278,-4.627921127567893,-3.511058663222472,Rural_Kilimani,7.494905,862.6,-2.3,27.4,12.55,0.58,Rocky,6.226073283472882,0.2041006211588996,3.3,1.9860134335409096,maize,0.6018222525881545
1988,850.24744,-3.9430557559538126,-1.4119083125254297,Rural_Kilimani,9.693628,1253.7,-2.4000000000000004,27.1,12.35,0.62,Volcanic,4.892435334719805,0.6708876208965083,2.4,1.1218042885066315,tea,0.46741845354442985
1989,439.92746,-10.701595607408564,-7.52917478515758,Rural_Hawassa,3.7118864,1775.6,-5.6,35.0,14.7,0.64,Silt,6.831412719920342,0.0339122083970813,12.3,6.18422802464761,coffee,0.502782766231513
1990,67.30122,-11.963189713013447,-7.2363748435367485,Rural_Hawassa,15.5820875,1496.6,-9.3,36.8,13.749999999999998,0.65,Silt,6.381635719158108,0.0162379336954895,1.1,0.6486270638381125,rice,0.5896609671255568
1991,211.63107,-11.697353812189563,-6.925556443970019,Rural_Hawassa,4.8869977,1632.1,-7.9,34.2,13.150000000000002,0.63,Silt,5.677438760042068,0.0063384555282696,3.6,1.5503115058072654,banana,0.4306420849464626
1992,363.51456,-10.444771093053284,-4.826406093272978,Rural_Hawassa,3.9042327,1569.9,-6.6,34.8,14.099999999999998,0.62,Silt,7.259195744516568,0.057593782798919,10.4,3.3771923373468495,banana,0.32473003243719706
1993,743.7964,-3.947561449188117,-5.948055100405089,Rural_Kilimani,26.420122,477.2,-4.1,30.7,13.3,0.61,Sandy,5.625215880539355,0.2338953585946515,1.1,0.5504912359753107,wheat,0.5004465781593733
1994,709.9261,-9.73287156203338,-1.839846688740492,Rural_Sokoto,22.215754,1920.5,-3.1,29.4,13.15,0.71,Volcanic,4.511006834320709,0.2759790698666002,1.2,0.9705424675122186,tea,0.8087853895935155
1995,907.6596,-4.028663927405573,-6.524645754673803,Rural_Kilimani,28.05143,660.4,-2.5,28.8,13.15,0.63,Sandy,5.433886265523759,0.2263848789200193,0.9,0.46406370497204424,wheat,0.5156263388578269
1996,330.6867,-11.787467676875623,-6.61473804440329,Rural_Hawassa,4.5227976,1756.7,-6.7,32.5,12.9,0.64,Silt,6.585045537515058,0.0031137544479032,2.4,1.0649189129769425,banana,0.4437162137403927
1997,558.63947,-8.480288842897101,-6.610233429916817,Rural_Akatsi,2.9794054,1159.0,-5.2,32.1,13.45,0.59,Loamy,6.33356673963327,0.1323561976870721,14.4,8.63580070917973,maize,0.5997083825819256
1998,846.9908,-3.4519351934147675,-3.263304866466383,Rural_Kilimani,6.366453,882.1,-2.8,30.9,14.05,0.58,Rocky,5.091561585792695,0.3180837735078022,4.2,2.2511056330312678,potato,0.5359775316741113
1999,679.9512,-4.578358501990559,-7.601248616941171,Rural_Kilimani,20.827015,546.1,-4.6,33.0,14.2,0.6,Sandy,4.998043403626344,0.3611574090312762,1.4,0.7779106202767946,potato,0.5556504430548533
2000,655.00037,-8.047742292403997,0.6557097367662912,Rural_Sokoto,3.6561036,1639.1,-3.9,32.5,14.3,0.63,Volcanic,4.864779001622966,0.1587036466460071,8.0,2.9582302521157575,cassava,0.3697787815144697
2001,660.1601,-7.407933853132948,-5.722824376081372,Rural_Hawassa,15.479463,859.9,-4.5,33.1,14.3,0.61,Sandy,5.560444951388181,0.3320336975731389,0.7,0.30646043454245775,wheat,0.43780062077493964
2002,646.81323,-5.344326351822097,-0.416388511014601,Rural_Kilimani,21.614462,1174.6,-4.4,29.0,12.3,0.65,Sandy,4.962941000847989,0.8917424212278958,1.1,0.23255804665587793,wheat,0.2114164060507981
2003,742.54724,-1.7983457764255046,-3.375920228628241,Rural_Kilimani,3.5355105,834.3,-3.8,30.8,13.5,0.57,Sandy,6.203723454272177,0.1193310501618902,8.8,5.042848090087214,wheat,0.5730509193280925
2004,660.7559,-5.195638475090092,-7.294934831860915,Rural_Kilimani,2.4620206,517.4,-4.9,31.2,13.15,0.54,Sandy,6.3220257816012895,0.4460756821702886,11.4,5.393375706376851,maize,0.4731031321383202
2005,889.653,-2.9202633917669942,-7.691340906670658,Rural_Kilimani,15.99227,753.6,-2.5,26.4,11.95,0.6,Rocky,5.4737845652847845,0.0575457280718607,1.5,0.9218585910695088,potato,0.6145723940463392
2006,604.38135,-7.304302908743975,-3.502049434249523,Rural_Hawassa,4.0695972,907.1,-5.0,31.3,13.15,0.57,Loamy,5.308023873668251,0.1136697413814518,8.8,5.208228102225896,wheat,0.59184410252567
2007,716.7746,-3.0914797346705143,-2.5155388617116428,Rural_Kilimani,3.7082796,923.6,-3.9,29.1,12.6,0.57,Sandy,5.334550010400996,0.4026200601374513,12.0,4.749491800934918,wheat,0.3957909834112432
2008,486.8867,-10.557413423910862,-7.0742087220236725,Rural_Akatsi,5.067683,1767.4,-5.2,31.7,13.25,0.64,Silt,6.905793223806247,0.0474533340697869,3.8,1.9499762637895484,wheat,0.5131516483656706
2009,570.9323,-6.99791576881136,-2.087600485496581,Rural_Hawassa,3.906244,1024.1,-5.1,28.8,11.85,0.58,Loamy,6.374417869369988,0.6324960799409909,13.4,7.485607853318341,wheat,0.5586274517401747
2010,527.6139,-14.161968011353396,-6.731858021051623,Rural_Hawassa,0.97771686,1560.2,-5.1,33.3,14.099999999999998,0.61,Peaty,5.092397623020384,1.1500438778935826e-08,9.3,6.679613427143368,tea,0.7182380029186416
2011,306.7819,-13.4590798668021,-6.857987226672905,Rural_Hawassa,6.4028153,1525.1,-7.3,32.8,12.749999999999998,0.63,Silt,6.331388507676028,5.25104119214671e-07,3.7,2.311624444866612,rice,0.6247633634774628
2012,458.62234,-9.611217844707197,-2.94798185241318,Rural_Hawassa,15.97991,1529.6,-5.7,33.2,13.750000000000002,0.66,Silt,5.295784701188501,0.0080460081701655,1.3,0.5949357973389474,cassava,0.4576429210299595
2013,261.31927,-12.242542693540246,-8.119279282885719,Rural_Akatsi,1.9688224,1709.0,-7.4,34.4,13.5,0.63,Silt,7.20251558354148,0.0806504309000404,8.9,3.881630361067891,rice,0.43613824281661695
2014,469.02,-9.922110677874116,-4.393963102571441,Rural_Hawassa,23.88103,1541.0,-5.7,29.6,11.95,0.68,Silt,6.891400012073694,0.0358056971535343,1.8,0.9549229567879264,wheat,0.5305127537710702
2015,472.8047,-10.030247315497393,-4.40297233154439,Rural_Hawassa,16.66421,1580.6,-5.6,32.7,13.55,0.66,Silt,6.677039070724877,0.0522825891125707,1.8,0.9779386481589057,wheat,0.5432992489771699
2016,581.08167,-7.903560108906296,-4.71379073111112,Rural_Hawassa,5.5871873,956.5,-5.2,33.8,14.3,0.58,Loamy,6.086784124984168,0.0998605333884301,3.7,2.3227876831379497,maize,0.6277804549021485
2017,817.5111,-7.989168280358056,0.4935436152532151,Rural_Sokoto,2.532467,1790.2,-2.2,29.0,13.4,0.63,Volcanic,5.922972703459505,0.1910580754209352,10.5,6.0200010284974805,coffee,0.5733334312854743
2018,637.519,-10.827755017969052,-0.6461238498247923,Rural_Sokoto,3.1816733,2118.7,-3.6,30.5,13.45,0.66,Volcanic,4.948801769068199,0.32211973308013,7.3,5.708285626825727,tea,0.7819569351816065
2019,241.65784,-11.832524609218655,-6.263378114458292,Rural_Hawassa,3.7227094,1660.3,-7.6,30.5,11.45,0.63,Silt,6.688404373746298,0.0033030625817035,8.3,4.368829739858522,rice,0.526365028898617
2020,282.8629,-0.5592801369921343,-3.484030976303625,Rural_Kilimani,14.932466,369.2,-8.4,34.4,13.0,0.57,Loamy,5.034818554323987,0.0079889560014068,1.9,1.029304146571762,wheat,0.5417390245114537
2021,801.31647,-7.15561503201197,-8.083242366993924,Rural_Akatsi,3.492688,1146.0,-3.0,28.9,12.95,0.59,Sandy,5.057058350216315,0.1142321695823014,7.8,4.295676765372421,tea,0.5507277904323616
2022,744.1646,-8.074776451809816,-2.713741899116513,Rural_Hawassa,16.318808,1401.3,-3.1,30.2,13.55,0.65,Volcanic,4.8315552218036,0.1290392906968679,1.2,0.8667912967569146,tea,0.7223260806307622
2023,412.37137,-11.29634711433658,-5.258849083974515,Rural_Hawassa,6.117821,1785.4,-5.9,33.9,14.0,0.65,Silt,7.095114392600656,0.0155052451159285,3.3,1.5848429220810876,wheat,0.4802554309336629
2024,555.9953,-8.79118167606402,-3.929987810464585,Rural_Hawassa,3.176041,1280.9,-5.2,32.2,13.500000000000002,0.6,Peaty,4.118969861348377,0.0138165463771093,11.9,4.458828234187102,cassava,0.37469144825101697
2025,584.35535,-5.515542694725617,-6.98862104678066,Rural_Amanzi,25.394455,442.3,-5.6,31.9,13.15,0.6,Loamy,6.2100600374192805,0.396611517259522,0.8,0.5230520900750849,wheat,0.6538151125938562
2026,718.044,-3.1320309737792424,-4.33990772873375,Rural_Kilimani,26.97603,573.2,-4.3,33.4,14.55,0.62,Sandy,6.068753481885853,0.1655235661119828,1.3,0.7032447610645617,maize,0.5409575085112013
2027,728.7981,-5.443451602976767,-6.2093227406206,Rural_Kilimani,7.569948,525.3,-4.2,29.3,12.55,0.56,Sandy,5.018309638846119,0.3073977593375707,3.5,1.520862994003976,wheat,0.43453228400113597
2028,150.13774,-12.472333048489707,-6.781408780402841,Rural_Hawassa,1.2577031,1555.6,-8.5,37.3,14.4,0.61,Peaty,4.535308280813387,0.0002274954795187,6.0,2.8589967787643893,rice,0.4764994631273982
2029,629.8249,-8.489300229365707,-2.150665088307221,Rural_Hawassa,21.356758,1408.2,-4.7,30.8,13.05,0.66,Silt,5.3498837789296685,0.1068972568759434,0.7,0.34805639803178756,cassava,0.4972234257596966
2030,603.2679,-5.592139479708772,-8.249913102993474,Rural_Amanzi,13.329457,646.4,-5.2,31.0,12.9,0.58,Loamy,5.030110824872171,0.2136995801526975,1.1,0.7137773609039412,potato,0.6488885099126738
2031,567.5163,-7.89454872243769,-3.659710941276125,Rural_Hawassa,2.6223218,1024.5,-5.2,30.0,12.4,0.58,Loamy,6.230237252593844,0.0523959642658793,12.3,6.198880693094122,coffee,0.503974040088953
2032,747.0152,-4.884745641923175,-1.3578529386877378,Rural_Kilimani,4.4917407,1123.9,-3.5,30.4,13.45,0.59,Sandy,5.295339777228841,0.8588802197156173,3.3,1.5829730381524325,cassava,0.4796887994401311
2033,1024.7971,-4.528795876413224,-4.096658546464136,Rural_Kilimani,6.830233,892.0,-1.1999999999999993,28.9,13.85,0.58,Rocky,5.384717232552624,0.215949566460447,4.0,1.542589719447945,tea,0.38564742986198625
2034,842.606,-7.223200430526518,-7.934590088940271,Rural_Akatsi,26.258774,1186.5,-2.6,30.4,13.9,0.66,Sandy,5.338426749049771,0.0959710015590543,1.3,0.751743144656735,cassava,0.5782639574282576
2035,694.52313,-8.507323002302922,0.9890512087653922,Rural_Sokoto,5.1820173,1792.3,-3.4000000000000004,31.8,14.2,0.64,Volcanic,5.445183596631567,0.0667349917503021,3.5,2.983872608335914,tea,0.8525350309531183
2036,45.215977,-12.10737189651115,-6.803931852835212,Rural_Hawassa,2.0155454,1464.4,-9.6,34.6,12.5,0.61,Peaty,4.138267777504341,0.0011554033744272,7.7,4.047812168387212,rice,0.5256898919983393
2037,754.53784,-7.669264060722531,-8.011168535210334,Rural_Akatsi,8.763826,1236.1,-3.3,28.2,12.45,0.61,Volcanic,5.267055763993622,0.0739374996890448,2.7,1.385446368979809,cassava,0.5131282848073366
2038,444.6902,-11.886592928030296,-9.434626712936224,Rural_Akatsi,36.530212,1982.7,-5.2,32.9,13.85,0.76,Silt,6.417024049130132,0.0091787432541442,0.8,0.4141995180077192,wheat,0.517749397509649
2039,796.76654,-2.293972032198853,-7.362504049158031,Rural_Kilimani,1.1359905,615.4,-3.5,32.2,14.35,0.54,Sandy,4.88756379952205,0.0912141114621488,7.5,4.556697198993448,potato,0.6075596265324598
2040,521.80286,-8.615459639926197,-6.448067308403739,Rural_Akatsi,14.365015,1155.2,-5.5,30.4,12.45,0.62,Loamy,4.612071595828501,0.1250276752221073,1.5,0.7748466181597178,cassava,0.5165644121064785
2041,767.0332,-5.425428830039554,-7.659808605265337,Rural_Amanzi,20.24856,706.5,-3.7,29.3,12.8,0.61,Sandy,4.5174552773902565,0.4168731344907715,0.5,0.1964629212146585,wheat,0.392925842429317
2042,701.13025,-2.5327737736169205,-2.754283429494783,Rural_Kilimani,2.707831,887.4,-4.1,29.4,12.65,0.57,Sandy,5.280290820069115,0.3215578773731835,13.7,7.67355485215634,potato,0.5601134928581271
2043,462.55408,-11.273818648165063,-5.4705659648388085,Rural_Hawassa,5.602782,1835.0,-5.4,32.1,13.35,0.65,Silt,6.725604081076366,0.0255011464744425,5.0,2.611470074690016,wheat,0.5222940149380032
2044,614.04517,-8.935363859561722,-3.569618651546638,Rural_Hawassa,3.2050796,1424.0,-4.5,30.8,13.15,0.61,Peaty,4.5462870223032175,0.0102223671092612,5.8,2.2728089575580546,cassava,0.3918636133720784
2045,386.84885,-9.498575513849616,-6.772399551429893,Rural_Akatsi,11.375572,1344.0,-6.6,32.9,13.15,0.63,Silt,7.238260350426394,0.0613906220044769,4.7,1.389306082203865,banana,0.2955970387667798
2046,488.90973,-8.637988106097712,-6.141753523323485,Rural_Hawassa,3.0563095,1117.9,-5.8,31.4,12.8,0.59,Loamy,6.528312595038288,0.1442048408993366,5.9,3.8950581324834785,wheat,0.6601793444887252
2047,701.97644,-4.641438207270804,-7.7363870515354,Rural_Kilimani,1.7054204,590.3,-4.4,31.1,13.35,0.54,Sandy,6.32119426263121,0.3583020473399589,6.6,3.6901323766726213,wheat,0.5591109661625184
2048,602.3259,-1.29370813418355,-3.078615672520935,Rural_Kilimani,21.556341,783.8,-5.1,31.4,13.15,0.62,Loamy,6.448303884705816,0.0579819326806766,1.8,1.0602049042097603,potato,0.5890027245609779
2049,309.68042,-13.54468803825386,-7.77692858191367,Rural_Hawassa,7.8383136,1531.2,-7.1,33.3,13.099999999999998,0.63,Silt,6.5279325973619775,1.03437502667104e-05,3.3,1.7501395507339506,wheat,0.5303453184042275
2050,774.62195,-3.1770879061222743,-4.16422776376125,Rural_Kilimani,12.493155,656.4,-3.7,32.9,14.6,0.58,Sandy,6.499340529431044,0.1827951328062388,1.5,0.8735686004466423,maize,0.5823790669644282
2051,492.9141,-13.553699424722469,-6.096707378458741,Rural_Hawassa,7.8073196,1716.0,-5.3,30.2,12.45,0.65,Silt,6.714055928053153,1.7491777438418885e-07,3.5,1.8857047074689162,wheat,0.5387727735625475
2052,671.5776,-9.868042359062477,-1.132622214364021,Rural_Sokoto,7.007269,1967.2,-3.4000000000000004,29.4,13.0,0.66,Volcanic,5.138613300461784,0.1417896842795835,4.9,2.9061205682843068,banana,0.5930858302621034
2053,750.17285,-2.113744302826726,-0.375846980636332,Rural_Kilimani,15.768474,1469.5,-3.1,29.7,13.3,0.65,Volcanic,3.722678860949612,0.105049416917101,0.5,0.30069917091476606,tea,0.6013983418295321
2054,622.07117,-7.718826686299867,-5.033618359650798,Rural_Hawassa,10.894337,924.9,-4.8,29.6,12.4,0.6,Loamy,4.889806857914573,0.1656137980500369,4.6,2.6289500317357426,cassava,0.5715108764642919
2055,880.26196,-3.852941891267749,-6.299415030350088,Rural_Kilimani,58.39733,629.0,-2.7,29.9,13.6,0.72,Sandy,4.779650630789238,0.2184334588714178,1.1,0.47372110792133987,tea,0.4306555526557635
2056,281.5101,-12.936419451622934,-6.249864270998869,Rural_Hawassa,16.987917,1631.0,-7.3,34.3,13.499999999999998,0.67,Silt,5.314890629075661,2.075668424604144e-06,1.7,0.6574015962265285,banana,0.38670682130972267
2057,498.26672,-10.516862184802132,-7.700350135643606,Rural_Akatsi,22.148134,1797.3,-5.1,35.4,15.15,0.7,Silt,5.474210714966306,0.0381944537924066,1.2,0.7747431696611696,rice,0.6456193080509747
2058,468.65497,-13.8871207240609,-6.632756502349188,Rural_Hawassa,2.7801988,1592.2,-5.6,32.9,13.65,0.62,Silt,7.316799922489402,3.5791631328230626e-08,7.4,2.6270179201306383,banana,0.3550024216392754
2059,790.31824,-6.97088160940554,-8.168830042236936,Rural_Amanzi,3.9619017,1098.2,-3.1,28.6,12.75,0.59,Sandy,6.758454865470527,0.1259730836364148,10.7,5.889733887361747,wheat,0.5504424193796026
2060,441.01047,-10.715112687111471,-5.529125953162975,Rural_Hawassa,0.292197,1711.5,-5.7,29.7,12.0,0.62,Silt,5.573541227628387,0.1253484500495983,12.4,7.859827206648772,rice,0.6338570327942558
2061,523.6672,-7.024949928217179,-0.8308130437702401,Rural_Sokoto,9.2392025,1171.0,-5.5,33.2,13.85,0.61,Loamy,5.5596272777800655,0.6866537525188071,3.9,2.1679817773801022,cassava,0.5558927634307954
2062,663.0565,-7.128580872606151,-3.168707962250422,Rural_Hawassa,10.759045,969.1,-4.4,30.4,13.0,0.6,Sandy,4.827628730487725,0.2016453696670118,4.2,2.084669354331048,cassava,0.4963498462692971
2063,628.70825,-2.199352474278486,-5.8985043410538704,Rural_Kilimani,9.114269,376.9,-5.2,32.4,13.6,0.55,Loamy,5.416042428194478,0.3365126342093151,3.3,2.1034141537584192,potato,0.6373982284116423
2064,305.10678,-11.598228561034894,-8.128288511858667,Rural_Akatsi,6.2673106,1754.7,-7.0,33.6,13.3,0.64,Silt,6.640661829784145,0.2884331628389279,2.4,0.9329506618289998,banana,0.3887294424287499
2065,600.62866,-1.172054416857364,-3.096634130466833,Rural_Kilimani,6.9903054,783.3,-5.1,31.5,13.2,0.57,Loamy,4.971392258681478,0.0446358932299884,3.0,1.7803910890804795,wheat,0.5934636963601598
2066,657.7775,-9.06152327012221,0.0475867810922556,Rural_Sokoto,5.3781433,1847.6,-3.6,31.5,13.95,0.65,Volcanic,5.246266181512581,0.1613258558317715,2.3,2.065486022397147,tea,0.8980374010422381
2067,846.0472,-4.961342426906327,-4.794873791867658,Rural_Kilimani,14.2230015,634.9,-3.0,28.9,12.95,0.58,Rocky,4.961906724763376,0.2756831875946933,0.8,0.40167393765293014,wheat,0.5020924220661627
2068,447.2753,-10.007718849325876,-7.493137869265786,Rural_Akatsi,8.4068575,1598.7,-5.9,33.9,14.0,0.64,Silt,5.593636664482154,0.0394561673959406,3.5,1.7161212820447067,cassava,0.49032036629848763
2069,520.32666,-6.173373906933881,-3.943501653924008,Rural_Hawassa,35.639645,548.1,-5.7,35.7,15.000000000000002,0.64,Loamy,6.074143452146076,0.2039399857084435,1.0,0.6908013921579884,wheat,0.6908013921579884
2070,713.12463,-8.4757831496628,-5.168756794245028,Rural_Hawassa,4.042135,1295.1,-3.5,31.4,13.95,0.6,Volcanic,4.136702324727025,0.3904519416416325,14.1,8.293911482865717,tea,0.5882206725436678
2071,421.92526,0.1030567684504308,-3.790344761383881,Rural_Kilimani,8.344446,423.7,-7.1,29.9,11.4,0.55,Loamy,5.706384736823069,0.0010015650503299,2.3,1.4994523641177107,potato,0.6519358104859612
2072,802.54333,-7.890043029203387,-0.4794531138252418,Rural_Sokoto,14.90529,1684.7,-2.5,29.9,13.7,0.67,Volcanic,3.745469805109023,0.2880576283835688,1.1,0.6707513288424809,tea,0.6097739353113463
2073,346.77264,-11.390966672256948,-5.686787460189577,Rural_Hawassa,21.085377,1729.9,-6.6,33.2,13.3,0.69,Silt,6.032415401014653,0.0231398757335406,1.3,0.6280740691615346,banana,0.4831338993550266
2074,392.2885,-14.450332378348795,-7.439082495428095,Rural_Hawassa,6.3377557,1312.7,-6.5,31.5,12.5,0.61,Peaty,5.134610337747853,1.7182414238164411e-09,3.6,1.491370484044378,banana,0.4142695789012161
2075,534.92566,-9.187682680682698,-7.263402530455594,Rural_Akatsi,4.9789824,1434.2,-5.1,31.0,12.95,0.62,Silt,6.912853204579334,0.039435949411721,2.6,0.9875910698081963,banana,0.3798427191569986
2076,664.7493,-7.732343766002776,-3.4795263618171512,Rural_Hawassa,30.984793,1096.7,-4.3,34.1,14.9,0.67,Sandy,5.055084981627184,0.0734499208934893,1.4,0.5766834338644184,wheat,0.41191673847458465
2077,688.7125,-7.633218514848106,-0.7317115250678048,Rural_Sokoto,20.706318,1480.7,-3.7,31.2,13.75,0.67,Volcanic,4.76054767866368,0.4138176626498344,0.7,0.26743225224807543,cassava,0.3820460746401078
2078,647.2535,-8.637988106097712,-4.209273908625994,Rural_Hawassa,6.3278017,1309.8,-4.2,31.3,13.55,0.61,Volcanic,5.464984127712063,0.02091529193131,4.4,1.9907341066369009,wheat,0.4524395696902047
2079,533.1266,-8.86327276781287,-6.668793418240983,Rural_Akatsi,11.383522,1272.4,-5.3,31.4,13.05,0.62,Silt,5.680326032282609,0.0618197323902947,3.7,1.585654574698036,banana,0.4285552904589286
2080,756.13153,-9.174165600979787,-0.2632316184744736,Rural_Sokoto,2.8498678,1958.9,-2.6,29.6,13.5,0.65,Volcanic,5.991531550361543,0.1748797354917717,13.2,8.329662037741866,coffee,0.6310350028592323
2081,235.7297,-12.841799893702568,-6.745371864511045,Rural_Hawassa,2.9239244,1601.3,-7.7,33.5,12.9,0.62,Silt,7.059906441780197,2.241452623706738e-05,6.7,3.1884493813918087,wheat,0.47588796737191175
2082,504.57498,-8.674033651972138,-2.7813111164136286,Rural_Hawassa,8.915683,1307.5,-5.5,32.7,13.6,0.62,Silt,6.000732552335774,0.0361214266419141,4.3,1.9035356183333654,banana,0.442682701937992
2083,573.1235,-13.945694736106844,-6.263378114458292,Rural_Hawassa,1.7325386,1682.1,-4.6,31.5,13.45,0.62,Silt,5.856188882641471,3.857160294103538e-08,9.3,4.415953296250637,coffee,0.47483368776888574
2084,453.67172,-10.38169138777304,-5.479575193811757,Rural_Hawassa,18.037985,1643.2,-5.7,33.5,13.9,0.67,Silt,7.192455707713536,0.1638711375715053,0.9,0.4807116847153039,rice,0.5341240941281155
2085,791.1535,-3.44292380694616,-3.484030976303625,Rural_Kilimani,3.260632,780.8,-3.4000000000000004,30.0,13.3,0.56,Sandy,4.96788893475443,0.2830333175956035,14.6,8.245305215267209,potato,0.5647469325525486
2086,829.9792,-2.0776987569523016,-6.276891957917715,Rural_Kilimani,51.19244,587.3,-3.2,29.3,13.05,0.7,Sandy,5.9500090540333,0.3246231490104585,0.8,0.47895056219769194,potato,0.5986882027471149
2087,394.87476,-10.890834723249297,-5.452547506892911,Rural_Hawassa,15.824118,1699.8,-6.2,32.7,13.250000000000002,0.67,Silt,5.2519591846675455,0.0763417492861326,1.6,0.6665563904761891,banana,0.4165977440476182
2088,720.30396,-2.028136131374966,-0.4974715717711391,Rural_Kilimani,15.772519,1427.2,-3.5,29.9,13.2,0.65,Volcanic,5.394358234462048,0.0948159978474038,1.2,0.614049251552656,cassava,0.5117077096272133
2089,665.7033,-8.245992794713338,-6.101211992945216,Rural_Hawassa,15.181571,1175.9,-4.1,28.8,12.35,0.63,Sandy,5.849598454129662,0.2725171846537594,2.0,0.8522467521056472,coffee,0.4261233760528236
2090,903.07086,-0.82511603781602,-2.4344558009551047,Rural_Kilimani,9.345294,1291.7,-1.9000000000000004,27.6,12.85,0.62,Volcanic,4.830287298391622,0.0213740264659927,3.0,1.8970944330839281,tea,0.632364811027976
2091,704.8442,-8.259509874416246,-5.227316782569194,Rural_Hawassa,7.7586427,1193.8,-3.8,30.6,13.4,0.61,Sandy,5.1489766974155255,0.3721612132904229,3.6,1.805270218492102,cassava,0.5014639495811394
2092,795.7151,-2.6138762518343786,-3.72728015857324,Rural_Kilimani,4.7687407,776.0,-3.4000000000000004,27.1,11.85,0.57,Sandy,6.528657711590956,0.2049849466478925,2.8,1.558014050842491,maize,0.5564335895866039
2093,600.6866,-1.469430170321374,-3.803858604843304,Rural_Kilimani,11.901576,608.0,-5.3,31.1,12.9,0.58,Loamy,4.767422920557746,0.0496110423709951,2.0,1.2859372213728752,potato,0.6429686106864376
2094,615.69885,-2.564313626257043,-4.038098558139969,Rural_Kilimani,21.628521,534.2,-5.2,29.6,12.2,0.6,Loamy,5.860214493678297,0.1522487818113108,0.6,0.3843690517139375,maize,0.6406150861898958
2095,929.27606,-1.3657992259324008,-2.3849050416038877,Rural_Kilimani,5.3557563,1298.6,-1.6999999999999993,30.0,14.15,0.61,Volcanic,5.3695729537953145,0.069464893323938,3.5,2.1402040554853414,tea,0.6114868729958118
2096,459.0061,-9.421978728866463,-3.0245602986832427,Rural_Hawassa,7.5270877,1467.4,-5.8,30.7,12.45,0.63,Silt,7.205869384022349,0.0064473373862415,3.6,1.2167916378111978,banana,0.3379976771697772
2097,774.44794,-8.07928214504412,0.4665159283343691,Rural_Sokoto,8.206887,1763.9,-2.7,29.4,13.35,0.65,Volcanic,4.981098973249555,0.1711892370382167,2.8,1.188461067473308,cassava,0.4244503812404672
2098,719.0525,-5.668736264691926,-3.731784773059714,Rural_Hawassa,31.159838,678.1,-4.2,28.5,12.15,0.64,Sandy,5.627385661336513,0.2041204153180629,0.9,0.5539453308657812,potato,0.6154948120730902
2099,563.5306,-5.790389982018111,-4.006566256734649,Rural_Hawassa,16.838709,490.5,-5.7,30.3,12.3,0.58,Loamy,5.623635699699255,0.203531211931807,0.7,0.4426780769308604,wheat,0.6323972527583721
2100,845.40344,-4.9343082675005085,-5.542639796622398,Rural_Kilimani,2.0373182,597.3,-3.1,30.8,13.85,0.54,Rocky,5.372459723180601,0.3056316553870201,9.9,5.949303363465385,potato,0.6009397336833723
2101,702.2738,-8.0522479856383,1.371943440115711,Rural_Sokoto,4.0834937,1701.7,-3.4000000000000004,31.2,13.9,0.63,Volcanic,5.635638214290056,0.0763734490387376,11.1,5.514883047639286,cassava,0.4968363105981339
2102,689.2145,-1.7848286967225953,-3.889446280086316,Rural_Kilimani,5.159531,671.3,-4.4,31.5,13.55,0.56,Sandy,4.97520967559282,0.0767941216767208,2.1,0.9804950501450912,wheat,0.46690240483099577
2103,718.6342,-5.254212487136034,-5.25434446948804,Rural_Kilimani,29.740383,491.9,-4.3,29.2,12.45,0.62,Sandy,6.053501256650769,0.303801647311118,0.7,0.37640213812376366,wheat,0.5377173401768053
2104,702.1681,-8.354129432336613,-7.87152548612963,Rural_Akatsi,11.764241,1383.2,-3.7,32.9,14.6,0.63,Volcanic,4.14021387318622,0.0734737750139758,1.8,0.6538192559299482,cassava,0.3632329199610823
2105,398.82346,-11.021499827044089,-5.722824376081372,Rural_Hawassa,11.241371,1723.2,-6.2,30.4,12.1,0.66,Silt,6.422265694273005,0.0840406512254858,4.1,2.133793789414877,wheat,0.5204375096133846
2106,951.7358,-2.969826017344328,-7.619267074887067,Rural_Kilimani,20.938686,810.3,-1.9000000000000004,30.4,14.25,0.62,Sandy,4.618293635695628,0.0654499882673158,1.6,0.7330445880274058,tea,0.4581528675171286
2107,533.1033,-7.434968012538767,-1.9479574364158765,Rural_Sokoto,4.35886,1101.5,-5.5,34.7,14.6,0.59,Loamy,5.52029698535114,0.5368444578294145,4.0,1.9131517424710478,wheat,0.47828793561776195
2108,592.54224,-8.592931173754682,-5.421015205487591,Rural_Hawassa,10.2543545,1197.6,-4.8,28.4,11.8,0.61,Loamy,4.848962264330401,0.2430681077820214,3.5,1.8744224684989286,cassava,0.5355492767139796
2109,682.59393,-2.4471656021651604,-3.0245602986832427,Rural_Kilimani,0.75292206,812.3,-4.4,29.2,12.4,0.56,Sandy,4.854755627776688,0.2866678631073407,11.1,5.857232584580647,potato,0.5276786112234817
2110,487.18216,-0.9377583686736006,-4.569643067543941,Rural_Kilimani,17.055838,355.5,-6.6,30.9,12.15,0.57,Loamy,5.193602158568909,0.0136698189110438,1.1,0.7089759907527826,potato,0.6445236279570751
2111,238.06976,-12.84630558693687,-7.110245637915468,Rural_Hawassa,15.645017,1605.4,-7.7,33.5,12.9,0.66,Silt,5.690477616164524,0.0002043991446461,1.4,0.8042398298079456,rice,0.5744570212913898
2112,665.1831,-10.169923805760789,-1.2452375765258792,Rural_Sokoto,3.896385,2014.9,-3.4000000000000004,29.7,13.15,0.66,Volcanic,4.434364950977422,0.1517535436409334,15.0,12.109328636760214,tea,0.8072885757840143
2113,561.29663,-8.885801233984386,-5.912018184513293,Rural_Hawassa,16.660711,1275.7,-5.0,29.8,12.4,0.64,Silt,7.0071828680695365,0.0913353469732192,0.8,0.4406035587503559,wheat,0.5507544484379449
2114,862.1227,-3.3483042490257944,-2.281298908414977,Rural_Kilimani,9.135553,1113.6,-2.5,30.6,14.05,0.6,Rocky,5.326212881285855,0.4260254224188686,2.8,1.2239926780747639,tea,0.43714024216955855
2115,616.7775,-9.791445574079322,-1.2452375765258792,Rural_Sokoto,6.785053,1884.8,-4.0,30.2,13.1,0.66,Silt,5.87013087282872,0.1174248557694645,2.0,1.4031712132307352,rice,0.7015856066153676
2116,678.2276,-1.9515393463918131,-6.5696918995385465,Rural_Kilimani,52.02946,435.8,-4.7,31.7,13.5,0.69,Sandy,5.600025218891028,0.254372081167561,1.4,0.825502591129908,potato,0.5896447079499343
2117,692.7827,-8.899318313687296,-4.646221513814004,Rural_Hawassa,14.545655,1426.7,-3.7,31.0,13.65,0.64,Volcanic,4.333503892019658,0.0309365408282303,1.4,1.007960697638356,tea,0.7199719268845399
2118,695.1051,-7.763883618642898,-3.5290771211683687,Rural_Hawassa,24.962448,1132.1,-4.0,31.4,13.7,0.66,Sandy,6.477889810961629,0.0675537880506572,0.9,0.44234724421311294,maize,0.49149693801456995
2119,376.53107,-11.368438206085433,-8.155316198777513,Rural_Akatsi,7.3094807,1835.2,-6.1,35.0,14.45,0.65,Silt,7.056357205819907,0.2915785684331862,5.0,2.164695125971538,wheat,0.43293902519430766
2120,919.5156,-10.787203778860324,0.2728175054159725,Rural_Sokoto,3.9822233,2437.8,-0.6999999999999993,27.2,13.25,0.69,Volcanic,4.78070895077348,0.3109452171825209,7.9,4.589186774235588,tea,0.5809097182576693
2121,788.12585,-5.092007530701119,-5.114701420407336,Rural_Kilimani,16.790325,559.8,-3.6,30.2,13.3,0.59,Sandy,5.898166513220293,0.2975100101616622,1.0,0.5129727983338571,maize,0.5129727983338571
2122,572.62366,-1.7352660711452597,-6.366984247647202,Rural_Kilimani,9.091051,319.0,-5.8,29.8,12.0,0.54,Loamy,6.343044405615752,0.2405354138666739,4.7,2.6272415829709965,potato,0.5589875708448928
2123,775.0338,-4.844194402814447,-3.362406385168818,Rural_Kilimani,7.8097024,751.6,-3.6,29.4,12.9,0.57,Sandy,6.430650341622676,0.20438711757657,3.3,1.8446561686632739,maize,0.5589867177767497
2124,387.2095,-10.998971360872572,-5.155242950785605,Rural_Hawassa,3.2644775,1712.4,-6.2,30.8,12.3,0.63,Silt,7.039797051873297,0.0328099496247714,13.2,5.096149930475596,banana,0.3860719644299694
2125,514.42725,-9.165154214511183,-3.9795385698158015,Rural_Hawassa,12.0461235,1368.3,-5.4,30.7,12.65,0.63,Silt,5.412473577352001,0.0079377499746366,1.4,0.5738026326118992,banana,0.40985902329421375
2126,630.8106,-6.421187034820555,-2.227243534577285,Rural_Hawassa,6.352467,946.3,-4.7,30.4,12.85,0.58,Loamy,5.599825603276623,0.6443368160053102,4.9,2.9272736998907765,cassava,0.5974027958960768
2127,634.73413,-6.849227892079355,-6.754381093483995,Rural_Amanzi,24.831999,727.4,-4.9,31.5,13.3,0.62,Loamy,5.218237208564285,0.2357455558788045,1.3,0.8546304760807562,potato,0.6574080585236586
2128,1012.8303,-4.384613692915522,-4.13269546235593,Rural_Kilimani,27.239885,875.6,-1.3000000000000007,27.3,13.0,0.64,Sandy,5.495191660421148,0.2152293281693117,1.9,1.2095823679844941,potato,0.6366222989392075
2129,848.13324,-6.056225882841998,0.7593158699552011,Rural_Sokoto,16.02211,1520.3,-2.2,29.0,13.4,0.66,Volcanic,4.887273111453678,0.7174127317537068,1.9,0.961139759987658,tea,0.5058630315724516
2130,574.2244,-5.650713491754713,-1.083071455012803,Rural_Kilimani,11.888901,1012.8,-5.2,33.2,14.000000000000002,0.61,Loamy,4.645173548371103,0.9131166641098436,1.2,0.5517296172562504,cassava,0.45977468104687536
2131,858.7595,-6.61493184389559,-7.709359364616554,Rural_Amanzi,6.7734747,1014.9,-2.6,30.0,13.7,0.59,Rocky,5.306009245405865,0.29970892519287,4.0,1.8337451300575711,tea,0.4584362825143928
2132,465.632,-10.093327020777636,-7.754405509481297,Rural_Akatsi,9.217478,1671.8,-5.5,30.3,12.4,0.65,Silt,5.911369331908172,0.0528576857912462,4.0,1.9992453804688803,coffee,0.4998113451172201
2133,724.9811,-7.52508187722483,-4.083144703004712,Rural_Hawassa,8.758882,1031.0,-3.8,27.7,11.95,0.6,Sandy,5.634777650486091,0.0755439337006198,2.3,1.1103491770023286,wheat,0.48276051174014295
2134,840.584,-3.8979988236107808,-5.686787460189577,Rural_Kilimani,6.642865,579.5,-3.1,28.1,12.5,0.56,Rocky,5.697434167640267,0.2329205429643146,4.2,2.4708719867465834,potato,0.5883028539872818
2135,762.1185,-2.6138762518343786,-3.677729399222022,Rural_Kilimani,7.02668,750.2,-3.7,30.3,13.3,0.57,Sandy,5.880540897978772,0.2136688912580568,4.9,2.62953239163219,wheat,0.5366392635984061
2136,754.914,-3.379844101665917,-4.731809189057017,Rural_Kilimani,5.338307,556.7,-3.9,31.5,13.8,0.55,Sandy,6.745905246102759,0.172347152893392,2.5,1.2810227663391522,potato,0.5124091065356609
2137,812.0893,-4.069215166514301,-5.7183197615948975,Rural_Kilimani,4.040064,547.6,-3.4000000000000004,28.7,12.65,0.55,Sandy,4.861850014544084,0.2450507246105566,14.0,6.421632478122546,wheat,0.4586880341516104
2138,786.94525,-6.150845440762364,0.3358821082266132,Rural_Sokoto,9.89673,1443.2,-2.8,31.7,14.45,0.63,Volcanic,5.531802231895082,0.9188848469741692,3.9,1.830899752724065,tea,0.46946147505745256
2139,850.97943,-4.681989446379532,-5.583181327000667,Rural_Kilimani,6.2005205,593.4,-3.0,26.9,11.95,0.56,Rocky,4.32952741562308,0.2936691616868943,4.3,2.1575792586127527,potato,0.5017626182820355
2140,808.7951,-7.574644502802165,-8.14180235531809,Rural_Akatsi,31.187042,1282.3,-2.8,28.6,12.9,0.69,Volcanic,4.378103289931496,0.1066252837909639,1.2,0.7681237043983737,tea,0.6401030869986448
2141,499.80087,-9.223728226557125,-7.002134890240083,Rural_Akatsi,12.220747,1384.8,-5.5,31.3,12.9,0.63,Silt,5.502969724616874,0.0350791613179848,1.9,0.9012252670547869,wheat,0.4743290879235721
2142,643.3099,-7.259245976400943,-2.8939264785754872,Rural_Hawassa,3.9010782,1023.1,-4.5,35.1,15.3,0.58,Sandy,6.53076338510068,0.2515136760483389,5.9,2.384439876909063,coffee,0.40414235201848525
2143,668.99396,-9.165154214511183,-4.515587693706249,Rural_Hawassa,5.5157714,1500.9,-3.9,29.9,13.0,0.62,Volcanic,5.168539375057526,0.011734948372355,2.5,1.968004441081318,tea,0.7872017764325272
2144,900.0178,-8.457760376725584,-0.929914562472676,Rural_Sokoto,22.927122,1878.9,-1.4000000000000004,28.6,13.6,0.7,Volcanic,4.693718254413928,0.1362699834666304,1.0,0.7680279674414421,tea,0.7680279674414421
2145,770.7577,-5.137064463044151,-4.150713920301827,Rural_Kilimani,28.047277,632.3,-3.7,30.2,13.25,0.63,Sandy,6.106192118387592,0.2242407386547588,1.4,0.8125329449425672,wheat,0.5803806749589766
2146,303.99683,-13.1707154998067,-7.970627004832067,Rural_Hawassa,5.9753804,1627.9,-7.0,32.8,12.9,0.63,Silt,6.814905432815134,0.0003602023907084,4.4,1.6476361290170665,banana,0.3744627565947878
2147,507.41687,-9.106580202465242,-3.8173724483027263,Rural_Hawassa,6.216047,1352.4,-5.5,29.3,11.9,0.61,Peaty,4.825152144821482,0.0080437714025894,3.6,1.4537350509494051,cassava,0.4038152919303903
2148,697.1163,-8.809204449001232,-0.0334962796642823,Rural_Sokoto,4.028972,1825.8,-3.3,29.8,13.25,0.64,Volcanic,4.094723428799841,0.1271000630130191,5.2,4.128384846284516,tea,0.7939201627470223
2149,578.6521,-1.6496578996934996,-4.731809189057017,Rural_Kilimani,15.709588,420.5,-5.7,30.8,12.55,0.57,Loamy,5.078328807243882,0.0595090724052315,0.6,0.39105102729069613,potato,0.6517517121511602
2150,802.17316,-8.255004181181942,-1.4569544573901732,Rural_Sokoto,11.109164,1663.1,-2.5,29.1,13.3,0.65,Volcanic,4.129714229807112,0.2068358569638546,3.8,2.573419561729319,tea,0.6772156741392945
2151,571.72144,-1.7307603779109575,-5.745347448513743,Rural_Kilimani,6.86519,324.9,-5.8,31.6,12.9,0.54,Loamy,5.696924400365625,0.2266574184431024,3.3,2.0927071127830645,potato,0.6341536705403227
2152,523.8922,-5.465980069148284,0.2998451923348186,Rural_Kilimani,10.9673195,1121.5,-5.5,36.3,15.4,0.61,Loamy,4.833101243511252,0.8447283673726066,4.7,2.1777753916861124,cassava,0.46335646631619415
2153,867.19104,-4.452199091430071,-6.285901186890663,Rural_Kilimani,7.989816,612.2,-2.9000000000000004,32.0,14.55,0.56,Rocky,5.607217943742449,0.2756485297677662,2.3,1.406195787226302,potato,0.6113894727070879
2154,277.5756,-11.611745640737803,-8.047205451102128,Rural_Akatsi,2.3468099,1737.8,-7.1,34.1,13.5,0.63,Silt,6.538920461105945,0.2681495828626579,5.8,2.7243661517692046,wheat,0.46971830202917325
2155,591.82074,-5.569611013537255,-0.6911699946895358,Rural_Kilimani,4.420389,1088.0,-4.9,30.7,12.9,0.59,Loamy,5.129090475979097,0.9161028740239664,4.0,1.939080765707267,potato,0.48477019142681677
2156,761.7112,-3.136536667013546,-3.4570032893847795,Rural_Kilimani,15.133751,768.2,-3.7,29.3,12.8,0.6,Sandy,4.652866737141939,0.2938964945795578,0.7,0.36336647884074874,potato,0.5190949697724982
2157,893.15924,-4.136800565028848,-2.002012810253568,Rural_Kilimani,10.397769,1181.3,-2.0,28.3,13.15,0.61,Rocky,4.8390738974926615,0.5446183610590376,3.7,1.3159960980568484,tea,0.3556746210964455
2158,899.066,-1.2396398153719126,-1.9614712798752991,Rural_Kilimani,12.503792,1386.0,-1.9000000000000004,27.6,12.85,0.64,Volcanic,4.639722854033481,0.0460409671326128,1.9,1.2216081555691483,tea,0.6429516608258675
2159,473.20743,-11.16568201054179,-9.222909832071933,Rural_Akatsi,4.517796,1949.2,-5.2,31.4,13.1,0.65,Silt,6.366876754316266,0.0387913838610652,4.7,2.6747806781117727,banana,0.569102271938675
2160,691.1666,-10.115855486949153,-5.5561536400818206,Rural_Hawassa,20.38594,1818.5,-3.4000000000000004,30.5,13.55,0.69,Volcanic,5.390638481268177,0.1927574726647612,2.0,1.7158345035574203,tea,0.8579172517787101
2161,751.57733,-3.1500537467164555,-4.330898499760801,Rural_Kilimani,6.9601717,609.0,-3.9,31.2,13.65,0.56,Sandy,6.51212420890856,0.1671814123339159,4.9,2.648643517094893,potato,0.540539493284672
2162,529.91754,-7.092535326731726,-1.3983944690660068,Rural_Sokoto,3.92551,1108.6,-5.5,29.4,11.95,0.59,Loamy,5.463755155606384,0.7038557967412562,6.4,3.345599176032989,potato,0.5227498712551545
2163,362.7428,-10.462793865990497,-5.272362927433938,Rural_Hawassa,21.123295,1569.2,-6.6,33.5,13.45,0.68,Silt,5.40730645246356,0.0973274977048605,0.9,0.3768095558370172,wheat,0.41867728426335243
2164,811.3704,-3.731288173941562,-6.317433488295984,Rural_Kilimani,49.77428,478.4,-4.2,28.6,12.2,0.68,Sandy,5.444433244403783,0.2126836074123914,0.9,0.562390223382691,potato,0.6248780259807677
2165,278.92075,-11.35041543314822,-8.335500778236486,Rural_Akatsi,8.587089,1715.1,-7.3,33.3,12.999999999999998,0.65,Silt,7.320735218996339,0.293203730399921,3.1,1.2115340507266168,wheat,0.39081743571826344
2166,700.7477,-4.4386820117271615,-0.4299023544740243,Rural_Kilimani,3.59381,1238.1,-3.8,31.2,13.7,0.6,Volcanic,4.342570539889198,0.7552397185743945,5.1,2.4445645557582196,tea,0.4793263834820039
2167,453.9948,-10.278060443384064,-4.830910707759452,Rural_Hawassa,18.714668,1620.2,-5.7,34.0,14.15,0.67,Silt,6.0237486667716,0.0480326948488648,1.9,1.287915367265192,rice,0.6778501932974695
2168,692.18896,-9.142625748339668,-1.731735941065108,Rural_Sokoto,13.416301,1760.5,-3.4000000000000004,30.7,13.65,0.67,Volcanic,5.195781713594047,0.053935730355615,2.0,1.7065705277577834,tea,0.8532852638788917
2169,506.09793,-8.786675982829717,-5.434529048947014,Rural_Hawassa,6.3160286,1175.3,-5.6,31.1,12.75,0.6,Loamy,5.905982838531347,0.1374447041306825,4.7,2.685521543719943,banana,0.5713875624936049
2170,783.63544,-8.538862854943043,-1.1911822026881873,Rural_Sokoto,26.549992,1750.0,-2.6,29.0,13.2,0.71,Volcanic,4.619507643100965,0.121824608076206,1.7,1.3478983373532956,tea,0.7928813749137033
2171,660.17456,-2.2714435660273367,-4.749827647002914,Rural_Kilimani,7.604506,487.7,-4.9,30.0,12.55,0.55,Sandy,5.378118145635355,0.1114597575358316,4.0,1.922055145711877,wheat,0.48051378642796927
2172,673.45447,-8.77766459636111,-5.776879749919064,Rural_Hawassa,8.24275,1350.7,-4.0,28.7,12.35,0.62,Volcanic,4.279849249489004,0.1103736206352228,3.4,2.386801721729711,tea,0.7020005063910915
2173,570.3379,-7.610690048676591,-2.988523382791448,Rural_Hawassa,1.8972923,1027.2,-5.2,34.1,14.45,0.58,Loamy,6.160200307369647,0.1606247406418289,14.5,9.09861649486839,cassava,0.6274907927495441
2174,852.1718,-4.18185749737188,-4.614689212408685,Rural_Kilimani,7.377409,651.5,-3.0,28.4,12.7,0.56,Rocky,4.318853320645823,0.2253776730605732,2.2,0.9450070371244234,tea,0.4295486532383742
2175,460.10187,0.1075624616847346,-3.601150952951958,Rural_Kilimani,5.3024673,511.9,-6.7,31.3,12.3,0.55,Loamy,4.875242011117592,0.0010728153852519,4.3,2.512700409062507,wheat,0.584348932340118
2176,600.93585,-8.687550731675048,-7.105741023428993,Rural_Akatsi,7.202865,1313.6,-4.6,31.9,13.65,0.61,Peaty,5.943071037584405,0.0505854719145607,4.5,2.3578157751468685,wheat,0.5239590611437486
2177,344.17734,-0.7350021731299581,-3.375920228628241,Rural_Kilimani,0.93815166,458.6,-7.8,30.1,11.15,0.53,Loamy,5.298568405209097,0.0136476414144446,5.2,3.0352197711339755,maize,0.5836961098334568
2178,657.2222,-5.848963994064052,-6.40752577802547,Rural_Amanzi,16.731281,514.3,-4.9,27.6,11.35,0.58,Sandy,4.951567265552769,0.2897417954217766,1.2,0.6641527564147637,potato,0.5534606303456364
2179,710.0359,-9.255268079197249,-1.9254343639835043,Rural_Sokoto,18.802248,1777.5,-3.3,31.2,13.95,0.68,Volcanic,4.557845870357853,0.0822194386204777,0.7,0.5867155921255559,tea,0.838165131607937
2180,651.2762,-8.340612352633704,-7.66431321975181,Rural_Akatsi,2.175469,1301.9,-4.2,33.5,14.65,0.6,Volcanic,5.058190938898943,0.0587576757121451,7.0,3.108322890441919,banana,0.44404612720598846
2181,755.3019,-3.3302814760885813,-0.4118838965281266,Rural_Kilimani,11.686774,1372.7,-3.1,28.9,12.9,0.63,Volcanic,4.294776956743448,0.4121563947143037,2.5,0.8651492616587584,cassava,0.34605970466350333
2182,775.21075,-6.759114027393292,0.0070452507139866,Rural_Sokoto,7.159874,1481.5,-2.9000000000000004,30.4,13.75,0.63,Volcanic,4.301352780193385,0.8109355270235499,4.4,2.071500262635827,tea,0.47079551423541527
2183,545.4226,-9.84551389289096,-4.790369177381184,Rural_Hawassa,17.572662,1589.6,-4.9,28.1,11.6,0.67,Silt,6.606301423243916,0.0227403311576533,1.1,0.5169803651194675,coffee,0.4699821501086068
2184,701.7527,-3.0238943361559656,-2.5200434761981167,Rural_Kilimani,2.5955408,909.0,-4.1,31.1,13.5,0.57,Sandy,6.1244286817003255,0.3972271400372428,10.7,5.251207202540397,wheat,0.49076702827480345
2185,829.5366,-5.484002842085495,-5.907513570026819,Rural_Kilimani,10.820219,624.6,-3.2,27.7,12.25,0.57,Sandy,6.527266752037738,0.3040330700344229,2.7,1.4258881724140513,potato,0.5281067305237227
2186,264.7636,-13.71139868792308,-7.371513278130979,Rural_Hawassa,4.6809754,1423.9,-7.7,33.7,13.000000000000002,0.61,Peaty,4.04864261186801,5.52813545647629e-07,2.4,1.251550405595066,rice,0.5214793356646108
2187,518.78735,-14.360218513662735,-6.785913394889316,Rural_Hawassa,25.397537,1466.0,-5.4,33.1,13.85,0.68,Silt,5.948525469551576,4.64902990405307e-09,1.7,1.2441372322310251,rice,0.7318454307241324
2188,519.794,-6.610426150661287,-3.574123266033112,Rural_Hawassa,9.132744,640.6,-6.0,31.5,12.75,0.57,Loamy,6.724192511372859,0.2935395876775521,2.6,1.7989754056995528,wheat,0.6919136175767511
2189,767.9417,-1.6992205252708352,-0.8533361162026118,Rural_Kilimani,8.7194605,1455.8,-3.0,31.3,14.15,0.63,Volcanic,5.345624034698935,0.0625663457023026,2.1,1.0300991215494375,cassava,0.49052339121401783
2190,705.3891,-5.866986767001265,-7.4796240258063635,Rural_Amanzi,22.016024,676.4,-4.3,31.4,13.55,0.61,Sandy,4.904442028418346,0.4568407006740221,1.6,0.8446477283450732,potato,0.5279048302156707
2191,494.30313,-9.385933182992035,-3.186726420196319,Rural_Hawassa,3.6728,1479.4,-5.5,32.0,13.25,0.62,Silt,7.008727671013292,0.0055951509801523,9.8,6.113949418498486,rice,0.6238723896427026
2192,605.78,-0.9602868348451156,-3.299341782358177,Rural_Kilimani,11.800224,746.0,-5.1,30.7,12.8,0.59,Loamy,4.96953854737899,0.024999175793859,1.6,0.9621894220255842,wheat,0.6013683887659901
2193,704.93085,-8.173901702964486,-3.902960123545739,Rural_Hawassa,2.9841802,1234.9,-3.8,32.5,14.35,0.59,Volcanic,4.052930345769278,0.0346271405894928,10.9,4.123491952168344,cassava,0.37830201396039853
2194,301.1381,-14.11240538577606,-7.457100953373991,Rural_Hawassa,5.5119104,1358.8,-7.2,34.1,13.45,0.61,Peaty,4.2057499485008165,1.567125197249634e-08,4.9,2.0008898878512285,cassava,0.40834487507167927
2195,538.35254,-9.62924061764441,-5.767870520946115,Rural_Hawassa,5.99596,1511.2,-5.0,32.5,13.75,0.62,Silt,5.690673046383381,0.1472007850075069,4.8,2.319326562525604,cassava,0.48319303385950085
2196,949.20856,-2.086710143420907,-6.321938102782458,Rural_Kilimani,34.05144,712.7,-2.0,28.6,13.3,0.65,Sandy,5.467974644731608,0.3207568612049248,1.4,0.8844658868261726,potato,0.6317613477329804
2197,626.54553,-8.669527958737834,-5.875981268621499,Rural_Hawassa,30.432371,1264.6,-4.5,28.3,11.9,0.68,Silt,6.945175562793317,0.1381499069808348,1.6,0.9016194893299039,wheat,0.5635121808311899
2198,657.23285,-6.331073170134491,-4.20476929413952,Rural_Hawassa,3.1187513,649.0,-4.7,31.0,13.15,0.55,Sandy,5.25197610822436,0.1811547927549233,10.5,4.911418830960872,wheat,0.4677541743772259
2199,450.9887,-12.138911749151273,-9.529223617152184,Rural_Akatsi,6.6205106,1945.7,-5.4,31.1,12.85,0.66,Silt,6.358902325502877,0.002925404468115,2.3,1.3016235814475536,coffee,0.5659232962815451
2200,710.70355,-4.326039680869581,-2.5290527051710656,Rural_Kilimani,4.638102,856.8,-4.1,29.5,12.7,0.57,Sandy,5.183377400332433,0.3696829334912294,3.0,1.650185285926256,potato,0.5500617619754187
2201,747.2934,-8.020708132998179,-3.749803231005611,Rural_Hawassa,2.2562969,1243.5,-3.4000000000000004,31.3,13.95,0.59,Volcanic,5.964510009886201,0.0429136845277324,9.3,4.925153517108818,wheat,0.5295863996891201
2202,572.95935,-1.6676806726307127,-3.5470955791142664,Rural_Kilimani,15.326067,625.6,-5.5,31.0,12.75,0.59,Loamy,5.258963524603752,0.0863297141091488,1.2,0.7506748964792004,wheat,0.625562413732667
2203,814.91644,-2.717507196223352,-1.2046960461476102,Rural_Kilimani,1.231007,1335.4,-2.7,28.2,12.75,0.6,Volcanic,5.095485134624584,0.2525907259438334,11.3,5.342018731704852,cassava,0.4727450205048541
2204,382.79706,-0.8927014363305688,-3.821877062789201,Rural_Kilimani,19.849615,390.8,-7.5,30.2,11.35,0.58,Loamy,5.434801761609258,0.0146234607012882,1.0,0.6509093956151734,potato,0.6509093956151734
2205,713.277,-2.330017578073278,-7.812965497805464,Rural_Kilimani,18.723404,577.9,-4.3,31.7,13.7,0.59,Sandy,5.813656409053115,0.0357011097413651,1.9,1.0060167368651076,maize,0.5294824930868988
2206,570.07544,-5.623679332348894,-1.2001914316611362,Rural_Kilimani,10.139187,986.9,-5.2,30.6,12.7,0.6,Loamy,6.477861995687308,0.9134379824113528,4.1,1.937636829773144,maize,0.47259434872515715
2207,683.701,-7.70981529983126,-4.051612401599392,Rural_Hawassa,10.210445,1047.9,-4.1,29.9,12.9,0.6,Sandy,5.456286948958025,0.062213876594674,4.6,2.090827316892492,wheat,0.4545276775853243
2208,775.7452,-1.275685361246337,-2.848880333710744,Rural_Kilimani,5.8541207,1024.1,-3.3,27.5,12.1,0.59,Sandy,6.333084611156322,0.0595234909552354,2.7,1.123127574455598,coffee,0.4159731757242955
2209,768.4252,-4.483738944070192,-2.7002280556570906,Rural_Kilimani,19.977282,876.9,-3.5,31.8,14.15,0.62,Sandy,6.248891311872896,0.3179815930669522,1.2,0.6450158859731864,wheat,0.5375132383109886
2210,385.4273,-13.08510732835494,-6.28139657240419,Rural_Hawassa,3.3525112,1712.2,-6.2,33.3,13.55,0.63,Silt,6.884510624793768,9.196425403390924e-07,9.5,3.857820011492987,banana,0.4060863169992618
2211,738.3056,-4.001629767999754,-2.6912188266841417,Rural_Kilimani,5.8417,874.9,-3.7,29.5,12.9,0.58,Sandy,6.1474566038880125,0.3495290035459721,3.3,1.6085133275347032,maize,0.4874282810711222
2212,568.2748,-1.469430170321374,-4.2993661983554805,Rural_Kilimani,7.542212,479.6,-5.7,31.5,12.9,0.55,Loamy,5.434956157577754,0.0358777302030703,4.5,2.605060355602605,maize,0.5789023012450234
2213,651.4942,-8.782170289595413,-5.281372156406887,Rural_Hawassa,5.026062,1326.2,-4.2,34.2,15.000000000000002,0.61,Volcanic,4.417673974266638,0.1673393257948572,4.1,2.9663170303386432,tea,0.7234919586191814
2214,751.93805,-9.21922253332282,-0.5785546325276771,Rural_Sokoto,3.4610488,1945.1,-2.7,29.7,13.5,0.65,Volcanic,5.652356228684809,0.1500498963650548,9.8,7.630063971868055,tea,0.7785779563130668
2215,695.75494,-8.899318313687296,-0.2902593053933195,Rural_Sokoto,5.2425284,1827.3,-3.3,32.2,14.45,0.65,Volcanic,5.458151367028176,0.129979179336982,4.4,2.4789241254673944,coffee,0.563391846697135
2216,595.70215,-6.376130102477523,-2.069582027550683,Rural_Hawassa,14.852976,922.4,-5.2,32.2,13.500000000000002,0.61,Loamy,5.870904631751655,0.7147688638119615,0.9,0.45608369185143743,wheat,0.5067596576127082
2217,599.7671,-2.8121267541437174,-4.384953873598493,Rural_Kilimani,30.377237,454.2,-5.4,30.5,12.55,0.62,Loamy,5.816227650938641,0.1418310104759862,1.8,1.202702362555264,wheat,0.6681679791973688
2218,751.1236,-10.174429498995092,-0.2812500764203711,Rural_Sokoto,8.23852,2158.4,-2.5,30.2,13.85,0.68,Volcanic,4.547890415844512,0.3702278112097912,2.7,1.8528817285276424,tea,0.6862524920472749
2219,476.54822,-9.029983417482088,-2.9795141538184997,Rural_Hawassa,2.5541964,1368.7,-5.7,31.0,12.65,0.6,Peaty,5.102395236578579,0.0125072495106433,7.6,3.4521221609640786,cassava,0.45422660012685245
2220,344.83105,-11.503609003114526,-6.8985287570511735,Rural_Hawassa,10.6772375,1758.9,-6.6,30.0,11.7,0.66,Silt,7.219402367408927,0.0095439360759017,4.0,1.8216271843904102,wheat,0.45540679609760254
2221,111.650955,-11.91813278067042,-7.285925602887967,Rural_Hawassa,2.6513093,1546.0,-8.9,31.8,11.45,0.62,Silt,6.7410783738484295,0.0221996041355639,5.8,3.082143361262794,wheat,0.53140402780393
2222,663.06067,-5.80390706172102,-3.493040205276574,Rural_Hawassa,4.6864243,671.6,-4.7,32.3,13.8,0.56,Sandy,4.896726683582044,0.2538036006479233,2.6,1.4437576811265591,potato,0.5552914158179073
2223,830.3331,-8.07928214504412,-0.929914562472676,Rural_Sokoto,6.469229,1711.1,-2.2,28.9,13.35,0.64,Volcanic,5.368885181833693,0.2455456349960693,4.4,2.3858257060306327,banana,0.5422331150069619
2224,657.72125,-6.650977389770016,-6.101211992945216,Rural_Amanzi,18.505692,644.5,-4.9,29.7,12.4,0.6,Sandy,5.661988116613956,0.2446762526200644,1.5,0.9043309471668598,potato,0.6028872981112399
2225,830.9712,-2.496728227742496,-0.8938776465808809,Rural_Kilimani,18.910967,1429.8,-2.4000000000000004,32.4,15.0,0.66,Volcanic,4.120780579946416,0.1829358473625795,1.9,1.1485944993108148,tea,0.6045234206899026
2226,618.1052,-8.993937871607663,-5.412005976514642,Rural_Hawassa,16.04943,1376.8,-4.4,32.6,14.1,0.65,Silt,5.208347554003761,0.0674696440976514,0.7,0.4601393194566245,tea,0.657341884938035
2227,865.4536,-4.884745641923175,-3.745298616519137,Rural_Kilimani,14.092259,781.3,-2.7,28.1,12.7,0.59,Rocky,5.237010095824637,0.2009626807982958,1.5,0.7654033551526537,wheat,0.5102689034351024
2228,690.3709,-9.669791856753138,-0.4344069689604983,Rural_Sokoto,17.495207,2021.5,-2.9000000000000004,31.1,14.1,0.7,Volcanic,4.894286709880989,0.2679460597891757,0.6,0.305433179944974,coffee,0.50905529990829
2229,633.7378,-5.921055085812903,-2.5155388617116428,Rural_Hawassa,21.972498,830.1,-4.8,31.4,13.3,0.62,Loamy,4.64374445955439,0.5050480007047187,1.5,0.7253478830643829,wheat,0.4835652553762553
2230,481.18622,-1.3117309071207632,-4.821901478786504,Rural_Kilimani,5.1294937,311.2,-6.6,31.0,12.2,0.53,Loamy,5.074544701727275,0.0389895787755775,4.7,2.9290042576609627,potato,0.6231923952470133
2231,764.16846,-8.07928214504412,-8.020177764183282,Rural_Akatsi,59.494797,1376.4,-3.1,27.4,12.15,0.78,Volcanic,5.191351440343321,0.0699387569040496,2.0,1.4236421256509617,tea,0.7118210628254809
2232,424.11157,-9.692320322924656,-6.839968768727007,Rural_Akatsi,7.6975484,1447.4,-6.2,31.9,12.85,0.63,Silt,7.125080954197393,0.0734744481261123,2.5,0.8208073214232745,banana,0.3283229285693098
2233,143.85812,-12.328150864992006,-7.132768710347839,Rural_Hawassa,16.717113,1563.9,-8.6,33.9,12.65,0.66,Silt,5.37961376298608,0.0031998143126503,0.8,0.4120009309240555,rice,0.5150011636550693
2234,841.46246,-2.149789848701152,-1.4344313849578014,Rural_Kilimani,4.0986075,1366.8,-2.4000000000000004,29.8,13.7,0.61,Volcanic,4.004118615663515,0.1435944107105938,9.3,5.312022202076575,tea,0.5711851830189865
2235,651.3745,-5.443451602976767,-0.5019761862576135,Rural_Kilimani,7.772945,1171.3,-4.3,31.9,13.8,0.6,Sandy,6.036255422921919,0.9074775305846032,4.6,1.4725478345644212,wheat,0.3201190944705264
2236,761.458,-4.33955676057249,-0.9479330204185732,Rural_Kilimani,17.542183,1226.7,-3.3,29.9,13.3,0.64,Volcanic,5.099228139330837,0.8050582914709231,0.9,0.42990857156391904,tea,0.4776761906265767
2237,470.95682,-1.0143551536567532,-4.686763044192274,Rural_Kilimani,7.3770337,320.4,-6.7,32.7,13.000000000000002,0.54,Loamy,5.5468149314166935,0.0180575993736285,2.3,1.3140699229384067,cassava,0.5713347491036551
2238,254.58337,-13.495125412676526,-7.853507028183734,Rural_Hawassa,3.7360396,1487.4,-7.6,34.1,13.25,0.62,Silt,5.628146479037588,1.930547559779956e-05,7.5,4.499393974815424,rice,0.5999191966420566
2239,795.9718,-2.010113358437753,-7.511156327211684,Rural_Kilimani,28.506687,626.3,-3.5,31.8,14.15,0.63,Sandy,6.246650532289874,0.057547109472407,2.0,1.1984254613124836,maize,0.5992127306562418
2240,473.17416,-9.228233919791428,-2.925458779980808,Rural_Hawassa,19.493301,1457.1,-5.5,33.4,13.95,0.66,Silt,6.267297308130469,0.0091718912576355,0.7,0.3363790200708161,coffee,0.48054145724402303
2241,380.95517,-12.485850128192617,-8.592263803965524,Rural_Akatsi,2.478704,1821.4,-6.2,34.1,13.95,0.64,Silt,6.604134327023168,0.0245240539347879,7.8,4.26852786210138,coffee,0.5472471618078693
2242,740.6364,-4.555830035819042,-1.9434528219294016,Rural_Kilimani,17.984867,1005.4,-3.7,33.0,14.65,0.62,Sandy,5.961717751513551,0.6186086728078792,1.9,0.7640630784358862,wheat,0.4021384623346769
2243,636.02344,-10.061787168137514,-9.353543652179686,Rural_Akatsi,17.606802,1959.1,-3.7,30.0,13.15,0.69,Silt,6.438313461385907,0.1464837157376206,1.0,0.5349134309674952,wheat,0.5349134309674952
2244,707.3527,-5.529059774428527,-7.88053471510258,Rural_Amanzi,30.333038,688.7,-4.2,30.6,13.2,0.64,Sandy,4.7366087876234895,0.3505544306931634,0.6,0.31382788943435835,potato,0.5230464823905973
2245,502.3394,-9.00745495131057,-6.344461175214829,Rural_Hawassa,3.3253753,1275.7,-5.6,31.7,13.05,0.6,Peaty,5.459420913270625,0.0703481755607037,6.6,3.125042459299809,banana,0.4734912817120923
2246,785.9035,-8.34962373910231,-1.344339095228315,Rural_Sokoto,15.704382,1685.0,-2.6,28.5,12.95,0.67,Volcanic,5.048333012943167,0.1730722664520414,1.7,1.3111788992818243,tea,0.7712817054598967
2247,591.6245,-2.514751000679709,-7.646294761805914,Rural_Kilimani,0.970078,432.9,-5.5,32.5,13.5,0.53,Loamy,6.270974262385414,0.0546072926467994,7.6,5.047058083881589,maize,0.6640865899844196
2248,666.2463,-8.0522479856383,-2.002012810253568,Rural_Sokoto,2.56217,1411.9,-3.8,29.8,13.0,0.61,Volcanic,5.964556032916201,0.2607841878892226,13.2,7.249179236117194,coffee,0.5491802451603935
2249,614.38666,-2.37507451041631,-6.24085504202592,Rural_Kilimani,34.767075,359.9,-5.4,29.5,12.05,0.63,Loamy,5.015112124703804,0.3497704550227191,1.4,0.8391215484410824,potato,0.5993725346007732
2250,356.07385,-10.264543363681156,-7.146282553807262,Rural_Akatsi,11.230052,1543.0,-6.8,34.1,13.65,0.64,Silt,5.694791171420437,0.0484976575006123,4.0,1.70852092453811,banana,0.4271302311345275
2251,767.1385,-7.903560108906296,-1.303797564850046,Rural_Sokoto,12.9874115,1555.5,-2.9000000000000004,30.4,13.75,0.65,Volcanic,5.101980169397701,0.3468219114131987,1.3,0.579481156107996,banana,0.4457547354676892
2252,592.32275,-6.295027624260065,-4.002061642248174,Rural_Hawassa,19.548922,597.9,-5.4,31.2,12.9,0.6,Loamy,5.21750348568129,0.1915165480187754,1.4,0.9462703900328401,potato,0.6759074214520286
2253,820.49817,-10.24201489750964,0.3629097951454594,Rural_Sokoto,12.631833,2271.1,-1.6999999999999993,28.7,13.5,0.7,Volcanic,4.154076661752436,0.3383191221674074,1.4,0.814096966529901,tea,0.5814978332356436
2254,490.9646,-0.8746786633933556,-4.821901478786504,Rural_Kilimani,8.816891,320.8,-6.5,31.2,12.35,0.54,Loamy,6.120400653628868,0.0153906040911477,2.6,1.5730364253804534,potato,0.6050140097617128
2255,731.4635,-8.993937871607663,-8.114774668399244,Rural_Akatsi,3.792689,1650.9,-3.2,33.3,15.05,0.63,Volcanic,5.291014524224503,0.1669843701546028,9.1,7.132024063758462,tea,0.7837389081053255
2256,922.2508,-3.9295386762509033,-6.443562693917266,Rural_Kilimani,9.59616,679.0,-2.3,30.2,13.95,0.57,Rocky,6.270944979718579,0.2185144623813462,4.9,3.1124176529738166,wheat,0.6351872761171053
2257,1001.2637,-3.852941891267749,-2.245261992523182,Rural_Kilimani,18.057417,1214.4,-1.3000000000000007,26.7,12.7,0.64,Volcanic,4.210261531116831,0.4527333660638347,1.4,0.5907992281727683,tea,0.4219994486948345
2258,67.88249,-12.053303577699513,-6.493113453268482,Rural_Hawassa,11.67702,1498.3,-9.2,34.6,12.7,0.64,Silt,6.824503510862992,0.0007896887776353,2.0,0.7579739207802549,banana,0.37898696039012747
2259,535.6104,-9.462529967975192,-5.59669517046009,Rural_Hawassa,13.381333,1447.4,-5.1,32.1,13.5,0.64,Silt,6.696229263334932,0.0858615878623977,1.6,0.6491403889220833,banana,0.405712743076302
2260,697.2999,-2.4246371359936454,-2.677704983224719,Rural_Kilimani,1.4471208,908.1,-4.1,31.5,13.7,0.57,Sandy,5.767712231545243,0.2995013790694433,5.7,2.6897049719799204,wheat,0.47187806525963516
2261,456.0296,-0.9783096077823288,-3.398443301060613,Rural_Kilimani,7.81511,564.4,-6.6,34.6,14.0,0.56,Loamy,5.887127081232016,0.0245595516907616,4.9,3.3525772241813443,wheat,0.6841994335063968
2262,905.93427,-4.172846110903274,-4.285852354896058,Rural_Kilimani,45.956566,746.7,-2.4000000000000004,30.0,13.8,0.69,Sandy,6.438944036961123,0.2140716806064787,1.0,0.6089520158196196,wheat,0.6089520158196196
2263,382.28094,-0.6719224678497131,-3.853409364194521,Rural_Kilimani,9.563619,384.7,-7.5,34.7,13.6,0.55,Loamy,6.7539159399034245,0.0082969421683761,3.8,2.0124611085469373,potato,0.5295950285649835
2264,835.15424,-4.114272098857333,-5.299390614352784,Rural_Kilimani,19.205133,582.8,-3.2,28.2,12.5,0.6,Sandy,4.596342808750865,0.2447163326777482,1.5,0.8311756147836266,potato,0.5541170765224177
2265,462.67685,-11.517126082817436,-9.074257554018278,Rural_Akatsi,14.061002,1954.9,-5.3,32.6,13.65,0.68,Silt,5.974765973343329,0.0688909662041946,0.7,0.43462505814152075,rice,0.6208929402021726
2266,262.11215,-12.882351132811296,-6.790418009375789,Rural_Hawassa,11.359543,1626.8,-7.4,32.9,12.75,0.65,Silt,6.777558132432453,2.3085400396263284e-05,4.4,1.622958368920998,banana,0.3688541747547723
2267,412.7811,-10.95391442852954,-8.227390030561102,Rural_Akatsi,25.192259,1814.3,-5.9,29.8,11.95,0.71,Silt,6.664497885979859,0.1688445588432296,1.1,0.5513008048803163,wheat,0.5011825498911966
2268,247.81998,-11.945166940076238,-6.51113191121438,Rural_Hawassa,6.711388,1672.4,-7.5,32.0,12.25,0.64,Silt,6.233135443643012,0.0014135215940951,3.9,1.946253049136312,wheat,0.4990392433682851
2269,812.89246,-7.840480403626052,-0.3127823778256913,Rural_Sokoto,2.9437034,1699.8,-2.4000000000000004,29.6,13.6,0.63,Volcanic,4.274919034146815,0.2993115711340303,13.0,8.979218228574625,tea,0.6907090945057404
2270,743.231,-3.136536667013546,-1.664166723767993,Rural_Kilimani,3.434124,1136.1,-3.5,31.5,14.0,0.59,Sandy,4.81009004355561,0.3974009434346052,6.3,2.956201985984423,cassava,0.46923841047371795
2271,669.9362,-10.14288964635497,-9.763463570448852,Rural_Akatsi,8.80241,2044.3,-3.4000000000000004,32.5,14.55,0.67,Volcanic,5.374478266734511,0.0829788061078407,4.2,3.438045403345581,tea,0.818582238891805
2272,461.193,-5.303775112713369,0.1737159867135371,Rural_Kilimani,4.8716416,1041.9,-6.2,31.2,12.5,0.59,Loamy,6.455273041555019,0.8313329923287506,4.5,2.2395038429868808,wheat,0.4976675206637513
2273,660.74115,-2.2128695539813954,-4.141704691328878,Rural_Kilimani,7.2010646,578.3,-4.8,31.7,13.45,0.56,Sandy,6.2144215208995774,0.1050411585806664,4.0,2.3725204283849255,wheat,0.5931301070962314
2274,270.451,-12.778720188422325,-7.470614796833414,Rural_Hawassa,7.0959845,1665.2,-7.2,34.3,13.55,0.64,Silt,5.873081619160732,0.0015447466836954,3.9,1.74345807248588,banana,0.4470405314066359
2275,644.8564,-1.383821998869614,-3.083120287007409,Rural_Kilimani,26.048105,822.6,-4.7,30.2,12.75,0.64,Sandy,5.780265327435233,0.0691560613023596,1.4,0.8287730488007233,potato,0.5919807491433738
2276,819.50586,-3.6006230701467725,-1.213705275120559,Rural_Kilimani,4.741761,1278.4,-2.7,30.0,13.65,0.6,Volcanic,5.302472872662146,0.569885731733411,3.2,1.665661121222235,tea,0.5205191003819484
2277,422.84335,-0.5367516708206175,-3.8939508945727903,Rural_Kilimani,9.088588,417.5,-7.1,30.1,11.5,0.55,Loamy,5.27258900788773,0.0056886537444277,2.9,1.8831977914600064,potato,0.6493785487793126
2278,667.3792,-14.38274697983425,-6.632756502349188,Rural_Hawassa,2.5631332,1625.9,-3.8,31.4,13.8,0.62,Volcanic,4.844912744152634,4.86879716015066e-09,14.3,11.751983613952,tea,0.8218170359406992
2279,636.41315,-3.1770879061222743,-4.763341490462338,Rural_Kilimani,16.161787,434.9,-5.1,31.2,13.05,0.58,Loamy,5.912341962127638,0.1613289062463167,1.1,0.6938682339827258,maize,0.6307893036206598
2280,512.8713,-6.2184308392769125,-1.8893974480917093,Rural_Hawassa,5.8380103,868.2,-5.8,31.2,12.7,0.58,Loamy,6.113831101412761,0.7854263475681531,4.9,2.5214431972434093,wheat,0.5145802443353896
2281,803.3691,-10.219486431338124,0.1286698418487937,Rural_Sokoto,0.6540489,2235.8,-2.0,30.7,14.35,0.66,Volcanic,4.734753843862183,0.3785992364466971,6.8,3.542025390462978,coffee,0.5208860868327909
2282,698.7366,-7.245728896698034,-3.407452530033562,Rural_Hawassa,15.685433,1002.6,-4.0,28.6,12.3,0.62,Sandy,5.709713454307089,0.1335354524777113,1.6,0.9193306909074934,potato,0.5745816818171834
2283,781.09424,-5.484002842085495,-4.623698441381633,Rural_Kilimani,5.554215,616.7,-3.6,30.0,13.2,0.56,Sandy,6.184351861907039,0.2597689591634443,3.3,1.8432932225680976,maize,0.5585737038085145
2284,749.25543,-3.9610785288910257,-3.0515879856020893,Rural_Kilimani,34.181152,801.6,-3.8,32.1,14.15,0.66,Sandy,5.163422016257206,0.2947692264129323,1.9,1.091734329363122,potato,0.5745970154542748
2285,909.66986,-0.9332526754392968,-2.3623819691715155,Rural_Kilimani,2.017933,1312.4,-1.8000000000000007,27.7,12.95,0.6,Volcanic,4.415230799518252,0.0273675974803947,6.0,3.630106551929029,tea,0.6050177586548382
2286,662.44806,-7.326831374915491,-5.281372156406887,Rural_Hawassa,12.501921,837.0,-4.5,29.3,12.4,0.59,Sandy,5.802437369135786,0.2266116763163959,1.0,0.5694645977258808,potato,0.5694645977258808
2287,962.26654,-4.582864195224863,-5.4750705793252825,Rural_Kilimani,3.6804042,709.9,-1.9000000000000004,28.9,13.5,0.56,Rocky,4.963166082809765,0.2861888319214203,8.3,4.0424848860620655,wheat,0.48704637181470667
2288,769.42523,-3.596117376912469,-6.421039621484893,Rural_Kilimani,9.073334,506.8,-4.0,29.7,12.85,0.56,Sandy,4.941715325211256,0.2050882689821742,3.5,1.5974106190625612,wheat,0.45640303401787463
2289,711.63196,-8.786675982829717,-7.740891666021874,Rural_Akatsi,57.24936,1522.8,-3.4000000000000004,29.1,12.85,0.78,Volcanic,4.07477182773352,0.0839965861653704,1.9,1.3007420180657876,tea,0.6846010621398883
2290,646.6427,-6.984398689108451,-3.0245602986832427,Rural_Hawassa,4.0338755,929.1,-4.7,30.6,12.95,0.57,Sandy,5.648222395058273,0.2758693254858933,8.2,3.69690726179721,wheat,0.4508423489996598
2291,539.4136,-5.668736264691926,0.2097529026053317,Rural_Sokoto,13.87798,1139.6,-5.4,33.3,13.95,0.62,Loamy,6.381637408207572,0.9168580764181647,2.0,0.883493226853284,maize,0.441746613426642
2292,901.3564,-1.8884596411115684,-1.4479452284172247,Rural_Kilimani,4.7386765,1451.9,-1.8000000000000007,25.9,12.05,0.62,Volcanic,4.779849469100599,0.1025776885209977,3.5,2.299303639136661,tea,0.6569438968961889
2293,398.30508,-11.179199090244698,-5.542639796622398,Rural_Hawassa,4.272606,1754.2,-6.1,31.7,12.8,0.64,Silt,7.15120242040571,0.0404314364330616,3.8,1.7881488666296101,wheat,0.4705654912183185
2294,463.06442,-10.251026283978243,-4.695772273165223,Rural_Hawassa,19.015087,1624.9,-5.6,32.9,13.65,0.67,Silt,6.446090568132985,0.0546754614218393,1.9,1.0301812899351164,wheat,0.5422006789132192
2295,320.1832,-11.278324341399369,-7.19583331315848,Rural_Hawassa,18.409441,1709.3,-6.9,33.1,13.1,0.68,Silt,6.258492101223196,0.0248943968380712,1.1,0.6532287319900598,rice,0.5938443018091453
2296,494.71408,-6.894284824422387,-0.9028868755538296,Rural_Sokoto,18.241417,1107.3,-5.8,31.9,13.05,0.63,Loamy,6.35231920630795,0.7351719874852481,1.6,0.7472757488750503,maize,0.4670473430469064
2297,756.6048,-5.596645172943076,-7.520165556184632,Rural_Amanzi,12.80253,696.8,-3.8,32.9,14.55,0.58,Sandy,5.49861332818799,0.434396746237101,1.2,0.529202125604143,wheat,0.4410017713367859
2298,405.11847,-9.485058434146708,-6.975107203321238,Rural_Akatsi,2.173747,1371.6,-6.4,33.2,13.400000000000002,0.6,Peaty,5.814243650381684,0.0433320120729949,13.0,6.468230948831912,banana,0.497556226833224
2299,511.42044,-0.8927014363305688,-3.3894340720876643,Rural_Kilimani,12.85983,626.8,-6.1,31.7,12.8,0.58,Loamy,6.357518172043699,0.0201219900115216,0.7,0.48380254511965254,maize,0.6911464930280751
2300,522.5136,-9.28680793183737,-3.0245602986832427,Rural_Hawassa,13.166232,1486.4,-5.3,33.2,13.95,0.65,Silt,7.080731563681918,0.0073278291342885,1.7,0.6264639055568878,banana,0.3685081797393458
2301,909.3308,-3.6006230701467725,-3.96602472635638,Rural_Kilimani,8.254583,813.8,-2.3,31.3,14.5,0.58,Rocky,5.27743021721958,0.2144199688870487,3.0,1.478485953100027,cassava,0.49282865103334234
2302,650.3365,-6.984398689108451,-2.5200434761981167,Rural_Hawassa,1.7509338,1014.0,-4.6,31.6,13.5,0.57,Sandy,6.347422617926978,0.4548473857352144,7.5,2.7618141288958236,coffee,0.36824188385277645
2303,774.39813,-1.3432707597608855,-1.3263206372824172,Rural_Kilimani,7.5188007,1401.7,-3.0,29.6,13.3,0.62,Volcanic,5.411704726888315,0.040824886970281,3.1,2.1816789600631172,tea,0.7037674064719733
2304,571.7742,-5.943583551984419,-3.515563277708946,Rural_Hawassa,12.296656,590.2,-5.6,31.4,12.9,0.57,Loamy,4.71748184106434,0.2962316316281568,1.9,1.1332536560128414,potato,0.5964492926383377
2305,433.1084,-9.58868937853568,-3.875932436626893,Rural_Hawassa,21.949766,1428.7,-6.1,30.8,12.35,0.67,Silt,5.893490356673669,0.0106516192114254,1.3,0.8849852591124141,rice,0.6807578916249339
2306,523.98615,-1.8163685493627175,-4.222787752085417,Rural_Kilimani,21.276926,436.3,-6.1,30.7,12.3,0.59,Loamy,6.094175482737863,0.0627293213751599,2.0,1.247935603032703,potato,0.6239678015163515
2307,970.7578,-4.398130772618432,-3.704757086140868,Rural_Kilimani,2.1177447,897.6,-1.6999999999999993,29.9,14.1,0.57,Rocky,5.625122088694054,0.2088895491611733,11.7,4.360115141105961,tea,0.3726594137697403
2308,537.22186,-0.888195743096265,-4.529101537165672,Rural_Kilimani,10.937639,414.3,-6.0,29.1,11.55,0.56,Loamy,5.935687017122628,0.0118799611079582,4.7,3.2096951613249867,wheat,0.6829138641116993
2309,728.9374,-4.429670625258554,-1.17316374474229,Rural_Kilimani,9.499001,1149.3,-3.6,30.9,13.65,0.61,Sandy,5.481366466720275,0.8181027546769074,3.9,1.0861010616526459,wheat,0.27848745170580663
2310,598.48804,-8.268521260884853,-5.547144411108873,Rural_Hawassa,1.8748988,1084.8,-4.9,28.1,11.6,0.58,Loamy,6.0559366199843945,0.2812508226766858,8.6,5.332812875625574,cassava,0.6200945204215784
2311,632.337,-9.660780470284532,-2.425446571982156,Rural_Hawassa,3.9363356,1768.0,-4.0,32.5,14.25,0.64,Silt,6.234478116776249,0.1301826858181644,5.2,2.464442857830956,coffee,0.47393131881364536
2312,445.58215,-9.440001501803676,-6.632756502349188,Rural_Akatsi,14.868868,1378.4,-6.0,32.9,13.45,0.64,Silt,5.710985688057083,0.0704953845608998,1.8,1.2020022167490083,rice,0.6677790093050046
2313,609.1863,-1.1630430303887582,-2.993027997277923,Rural_Kilimani,26.3598,818.9,-5.0,29.1,12.05,0.64,Loamy,6.250203964643471,0.0453986484558879,1.6,1.1513075644492374,wheat,0.7195672277807734
2314,594.2615,-2.158801235169758,-6.41653500699842,Rural_Kilimani,35.434357,343.4,-5.6,33.0,13.7,0.63,Loamy,5.823650537875188,0.3151130182317496,0.7,0.4334887655094754,wheat,0.6192696650135363
2315,223.0227,-12.981476383965964,-7.830983955751361,Rural_Hawassa,5.5113688,1577.2,-7.8,33.6,12.9,0.63,Silt,5.6389748618851545,0.0011498283429661,3.1,1.3660972000895184,wheat,0.44067651615790915
2316,779.3141,-5.16409862244997,-5.353445988190476,Rural_Kilimani,14.854617,545.6,-3.7,28.6,12.45,0.58,Sandy,4.792500209130394,0.3068714074095476,0.9,0.4991475522222138,potato,0.5546083913580153
2317,708.7915,-6.029191723436179,-2.407428114036259,Rural_Hawassa,5.7155237,944.0,-4.0,34.5,15.25,0.58,Sandy,6.3711633923139805,0.5621101491130459,3.9,1.7810135241556113,wheat,0.4566701343988747
2318,648.6692,-6.335578863368793,-2.4659881023604253,Rural_Hawassa,9.503917,910.5,-4.6,32.0,13.7,0.59,Sandy,5.642005291178446,0.5436748466639246,4.9,1.856563081188854,wheat,0.3788904247324192
2319,639.3667,-5.677747651160532,-3.889446280086316,Rural_Hawassa,12.39786,572.8,-5.0,27.8,11.4,0.57,Sandy,6.31969079399557,0.2022114048667558,0.7,0.40672368264509545,wheat,0.5810338323501364
2320,382.3007,-10.566424810379468,-5.993101245269831,Rural_Hawassa,3.3907301,1621.2,-6.4,33.7,13.650000000000002,0.62,Silt,6.948265508430918,0.2519205974996327,6.3,3.3084698586263555,rice,0.5251539458137072
2321,508.65298,-1.7758173102539896,-6.276891957917715,Rural_Kilimani,16.85434,251.1,-6.5,30.0,11.75,0.56,Loamy,5.965718796513668,0.2601412021357052,1.4,0.7792517879237504,maize,0.556608419945536
2322,722.27625,-6.200408066339699,-7.367008663644504,Rural_Amanzi,24.38272,769.8,-3.8,31.8,14.0,0.63,Sandy,4.79112911206934,0.4823081229513133,1.5,0.6605806777913263,cassava,0.4403871185275509
2323,685.40515,-4.8261716298772335,-7.484128640292838,Rural_Kilimani,3.7148898,547.7,-4.6,28.5,11.95,0.55,Sandy,5.702875788619694,0.4258025321780751,5.5,3.154445996988276,potato,0.5735356358160502
2324,860.4706,-6.515806592740921,-8.101260824939821,Rural_Amanzi,5.5221205,1052.4,-2.5,27.6,12.55,0.59,Rocky,4.367252917299578,0.1749101957059713,2.9,1.3218046658437799,tea,0.4557947123599241
2325,618.00494,-7.682781140425441,-2.8533849481972178,Rural_Hawassa,3.2434454,1117.3,-4.7,31.3,13.3,0.59,Loamy,5.119948623225745,0.181337899135808,11.8,7.791970852359146,tea,0.660336512911792
2326,855.45013,-1.7172432982080483,-1.1010899129587004,Rural_Kilimani,1.9300284,1496.1,-2.2,29.4,13.6,0.61,Volcanic,5.311619486680058,0.0685834180126614,11.9,8.192540654702583,tea,0.688448794512822
2327,578.52936,-7.106052406434635,-1.9254343639835043,Rural_Sokoto,15.999265,1077.3,-5.1,32.0,13.45,0.62,Loamy,5.887077828365848,0.6554102077963608,1.1,0.6430714028738733,cassava,0.5846103662489757
2328,865.98645,-4.569347115521953,-5.348941373704001,Rural_Kilimani,15.04779,612.8,-2.9000000000000004,27.5,12.3,0.59,Rocky,5.384208261846032,0.2831291319941633,1.0,0.5788280361011069,potato,0.5788280361011069
2329,721.2698,-4.26746566882364,-2.821852646791898,Rural_Kilimani,10.964364,808.2,-4.0,28.0,12.0,0.59,Sandy,6.712125600715372,0.3003888121286271,2.6,1.3048812854817942,maize,0.5018774174929977
2330,824.1849,-4.501761717007405,-1.2902837213906226,Rural_Kilimani,5.956594,1224.8,-2.7,29.2,13.25,0.6,Volcanic,5.76409842392858,0.8171433654388612,4.7,2.1934553734592983,cassava,0.46669263265091454
2331,689.5185,-4.429670625258554,-0.4253977399875499,Rural_Kilimani,2.973332,1227.4,-3.9,27.3,11.7,0.59,Volcanic,5.984442888835681,0.7528223930299919,9.4,3.4199307724647117,coffee,0.36382242260262887
2332,738.1334,-2.3210061916046723,-6.213827355107075,Rural_Kilimani,13.869093,489.4,-4.1,29.9,12.9,0.57,Sandy,5.521939049903467,0.3515603991904382,0.6,0.25574555428246837,maize,0.4262425904707806
2333,983.86786,-4.213397350012002,-3.880437051113368,Rural_Kilimani,15.141029,886.3,-1.5999999999999996,27.5,12.95,0.61,Rocky,5.312650021617693,0.211719704233589,0.9,0.520717246516147,potato,0.5785747183512745
2334,711.5362,-10.435759706584676,-0.4704438848522934,Rural_Sokoto,7.7870913,2150.9,-2.9000000000000004,28.0,12.55,0.68,Volcanic,5.578243731587524,0.3480467235126586,4.9,3.071058532807986,coffee,0.6267466393485686
2335,461.5422,-11.66581395954944,-9.204891374126031,Rural_Akatsi,20.918968,1962.0,-5.3,33.4,14.05,0.71,Silt,6.273553124227149,0.0377249636162889,1.8,1.044234414772905,banana,0.5801302304293917
2336,749.89044,-5.141570156278455,-5.317409072298681,Rural_Kilimani,9.197823,514.4,-4.0,29.4,12.7,0.56,Sandy,5.26828796464499,0.3057653309157281,4.7,1.953014336867786,maize,0.41553496529101824
2337,739.63495,-7.754872232174292,-3.659710941276125,Rural_Hawassa,9.738097,1160.8,-3.5,29.7,13.1,0.61,Sandy,5.388973326160191,0.0621766142440851,3.2,1.4208033139166274,wheat,0.44400103559894605
2338,822.3677,-4.362085226744007,-2.848880333710744,Rural_Kilimani,15.629993,905.5,-3.0,32.1,14.55,0.61,Sandy,5.607208853265841,0.2885843927818484,1.9,1.1172412558614386,cassava,0.5880217136112835
2339,719.5949,-9.237245306260034,-0.8983822610673553,Rural_Sokoto,20.824375,1889.4,-3.0,30.1,13.55,0.7,Volcanic,4.377868618964942,0.1079501384982289,1.4,1.1556297071092683,tea,0.8254497907923345
2340,402.47656,-0.1582734391391529,-3.7002524716543936,Rural_Kilimani,8.759514,435.7,-7.2,35.2,14.000000000000002,0.55,Loamy,6.179585838514276,0.0022435355098785,2.4,1.6601388331827311,wheat,0.691724513826138
2341,420.2152,-10.350151535132916,-5.4705659648388085,Rural_Hawassa,42.2614,1600.2,-6.0,30.9,12.45,0.74,Silt,6.419191696394671,0.1636578271032071,0.6,0.25799764300532896,banana,0.4299960716755483
2342,820.4459,-4.474727557601586,-3.1056433594397808,Rural_Kilimani,9.541822,849.1,-3.1,29.4,13.15,0.59,Sandy,5.927426419280092,0.2401489296136176,3.5,2.027462855425618,potato,0.5792751015501766
2343,524.2621,-8.69205642490935,-6.218331969593549,Rural_Hawassa,2.1431074,1177.6,-5.5,33.4,13.95,0.59,Loamy,5.83592267164835,0.1261633364054706,13.0,7.471721827168976,banana,0.574747832859152
2344,312.99753,-14.143945238416183,-7.407550194022774,Rural_Hawassa,10.545562,1357.4,-7.1,32.2,12.55,0.63,Silt,7.178896885910885,1.1656407930336084e-08,2.3,0.6649467416531264,banana,0.2891072789796202
2345,308.81815,-11.395472365491251,-7.164301011753159,Rural_Hawassa,12.488805,1747.4,-6.7,33.7,13.500000000000002,0.66,Silt,6.094168450794402,0.02193493124794,1.0,0.557388300799242,coffee,0.557388300799242
2346,428.14352,-10.78269808562602,-8.790466841370394,Rural_Akatsi,26.750957,1835.4,-5.7,31.9,13.1,0.71,Silt,6.221596344536047,0.0864906910645903,1.0,0.5409643113529592,coffee,0.5409643113529592
2347,772.7953,-1.108974711577121,-1.628129807876198,Rural_Kilimani,2.6661344,1349.7,-3.0,31.7,14.35,0.6,Volcanic,5.766581393050005,0.0301088068397765,5.4,2.9406392976235822,cassava,0.5445628328932559
2348,695.02136,-8.083787838278422,-7.475119411319889,Rural_Akatsi,6.690171,1240.8,-3.9,30.2,13.15,0.61,Volcanic,4.13883725968368,0.0570814382749594,2.1,1.3715366694625966,tea,0.6531126997440936
2349,716.79065,-8.637988106097712,-1.2407329620394052,Rural_Sokoto,15.73447,1700.7,-3.2,29.1,12.95,0.67,Volcanic,5.589443971197724,0.1029600462981017,1.5,1.1830710361194923,tea,0.7887140240796615
2350,866.75037,-3.816896345393325,-4.33990772873375,Rural_Kilimani,25.358562,708.0,-2.8,31.9,14.55,0.62,Sandy,6.382008929971164,0.2000102411586238,0.7,0.41420505992536316,maize,0.5917215141790902
2351,675.10657,-9.557149525895555,-2.092105099983055,Rural_Hawassa,17.106707,1827.9,-3.4000000000000004,31.3,13.95,0.68,Volcanic,4.272966107535472,0.2397420105260611,1.6,1.315387907768977,tea,0.8221174423556106
2352,640.59406,-8.60644825345759,-1.5245236746872883,Rural_Sokoto,17.427013,1580.5,-4.0,31.9,13.95,0.67,Volcanic,5.364440531100893,0.1062523617271417,1.0,0.8096358399950695,tea,0.8096358399950695
2353,839.12354,-5.073984757763908,-6.150762752296433,Rural_Kilimani,3.3994462,606.2,-3.1,28.4,12.65,0.55,Rocky,6.055025671540746,0.3124725661135422,5.1,2.8252514885243447,potato,0.5539708801028127
2354,368.6125,-11.021499827044089,-7.272411759428544,Rural_Hawassa,12.734799,1749.0,-6.3,33.0,13.35,0.66,Silt,5.45594073772422,0.0283897023618285,1.1,0.6485364753993836,rice,0.5895786139994397
2355,616.4179,-1.4153618515097364,-3.195735649169268,Rural_Kilimani,1.9206324,763.9,-5.0,30.7,12.85,0.56,Loamy,6.495017506403388,0.0698774957166983,13.4,9.849478694069159,wheat,0.735035723437997
2356,720.42975,-2.1813297013412747,-3.3804248431147155,Rural_Kilimani,5.478017,789.3,-4.0,27.7,11.85,0.57,Sandy,6.501171542988706,0.1907323767204081,2.3,1.165692585532027,potato,0.5068228632747944
2357,600.7763,-9.24625669272864,-7.650799376292388,Rural_Akatsi,5.2001276,1549.5,-4.4,32.7,14.150000000000002,0.63,Silt,5.783876919323797,0.078725320748401,4.8,2.3620120881632194,banana,0.49208585170067076
2358,395.24384,-12.084843430339635,-8.65082379228969,Rural_Akatsi,13.964081,1869.3,-6.0,30.9,12.45,0.68,Silt,5.759435608016186,0.0968503119799289,1.0,0.5963369165334834,rice,0.5963369165334834
2359,498.94495,-1.0053437671881476,-4.619193826895159,Rural_Kilimani,10.578783,360.0,-6.4,31.3,12.45,0.55,Loamy,6.599956162394902,0.0165523166818408,2.8,1.9860309073708724,wheat,0.7092967526324545
2360,516.56433,-7.092535326731726,-0.7407207540407537,Rural_Sokoto,13.888656,1187.8,-5.5,33.0,13.75,0.62,Loamy,4.658036774545579,0.65661573808589,1.7,0.7721568859614758,cassava,0.4542099329185152
2361,940.4955,-2.1858353945755766,-8.551722273587254,Rural_Kilimani,5.6113234,914.0,-1.9000000000000004,30.0,14.05,0.58,Rocky,4.517772620859934,0.0075475972910988,2.8,1.2438463095662975,cassava,0.4442308248451063
2362,679.1439,-7.2727630561038525,-5.312904457812206,Rural_Hawassa,24.32251,837.7,-4.4,27.5,11.55,0.63,Sandy,5.056329740021377,0.2316961396024428,1.9,0.8016582556637925,wheat,0.42192539771778553
2363,679.1995,-5.709287503800654,-2.425446571982156,Rural_Hawassa,10.421888,874.0,-4.3,31.9,13.8,0.59,Sandy,6.377743734257543,0.5326598312176714,2.2,0.6714629350750658,coffee,0.3052104250341208
2364,264.7137,-11.688342425720956,-8.083242366993924,Rural_Akatsi,25.752192,1719.7,-7.3,32.6,12.65,0.7,Silt,6.503715732678608,0.262927864026126,1.4,0.549409786972642,banana,0.39243556212331576
2365,687.9717,-9.138120055105365,-1.1010899129587004,Rural_Sokoto,13.794174,1827.5,-3.3,31.9,14.3,0.67,Volcanic,4.073433691970592,0.0786403349593436,1.9,1.5179406366664556,tea,0.7989161245612925
2366,884.13257,-4.105260712388727,-3.362406385168818,Rural_Kilimani,23.154541,876.0,-2.5,32.5,15.0,0.63,Sandy,6.029845562940134,0.2437003336300491,0.5,0.18896409081901303,coffee,0.37792818163802605
2367,667.63025,-10.530379264505044,-0.8623453451755607,Rural_Sokoto,1.6355468,2102.6,-3.3,31.7,14.2,0.66,Volcanic,4.802326581076783,0.2690106098221361,5.8,2.875291230153727,banana,0.495739867267884
2368,830.3522,-4.8487000960487485,-3.6101601819249063,Rural_Kilimani,17.941765,766.1,-3.1,32.7,14.8,0.61,Sandy,6.19197567981462,0.1987659207579685,1.2,0.6999950051339957,wheat,0.5833291709449965
2369,912.74567,-4.09624932592012,-1.9524620509023505,Rural_Kilimani,6.1794753,1200.4,-1.9000000000000004,29.1,13.6,0.6,Rocky,5.828306678944228,0.555652766478908,3.8,0.909396726445446,coffee,0.23931492801195947
2370,763.54175,-9.913099291405508,-0.8533361162026118,Rural_Sokoto,13.78042,2091.7,-2.5,28.6,13.05,0.69,Volcanic,4.25696961155948,0.2105270230476778,1.9,1.3323090580875396,tea,0.701215293730284
2371,578.4423,-7.033961314685785,-4.042603172626444,Rural_Hawassa,2.9310412,743.0,-5.4,31.6,13.1,0.56,Loamy,5.511357499237151,0.1151088249927957,5.5,3.7121875707008027,potato,0.6749431946728732
2372,511.6625,-10.521367878036436,-9.258946747963726,Rural_Akatsi,4.1061535,1910.1,-4.9,34.6,14.85,0.65,Silt,6.886684407424511,0.0704429930855245,4.7,2.365864069601724,coffee,0.5033753339578136
2373,626.92004,-7.051984087622998,-4.4705415488415055,Rural_Hawassa,0.91411686,758.8,-4.9,28.3,11.7,0.55,Loamy,4.906978576532858,0.1293614556999975,10.3,6.521148251069471,potato,0.6331211894242205
2374,715.10297,-9.196694067151306,-0.9524376349050472,Rural_Sokoto,14.8934145,1854.0,-3.3,30.9,13.8,0.68,Volcanic,4.78971368094986,0.09787117034158,0.9,0.4612239478103231,banana,0.5124710531225812
2375,311.40564,-10.494333718630616,-5.258849083974515,Rural_Hawassa,5.8851023,1523.5,-7.1,33.1,13.0,0.63,Silt,6.2175845180737,0.0918385969784867,2.4,1.4967138136053857,rice,0.6236307556689107
2376,840.9744,-2.798609674440808,-1.1191083709045977,Rural_Kilimani,2.09758,1372.5,-2.4000000000000004,26.8,12.2,0.6,Volcanic,4.226880192968119,0.2710719335605848,11.2,6.631414115056283,tea,0.5920905459871681
2377,336.40524,-13.923166269935328,-7.267907144942069,Rural_Hawassa,2.8301983,1442.1,-6.9,33.8,13.45,0.61,Peaty,5.295691335042956,5.249254872876632e-08,8.6,3.2744980149992142,wheat,0.3807555831394435
2378,665.16406,-8.241487101479034,0.7367927975228293,Rural_Sokoto,2.7222326,1698.2,-3.7,30.6,13.45,0.63,Volcanic,4.890941597273158,0.1139410693587053,9.2,4.516996276653041,banana,0.49097785615793926
2379,873.641,-2.969826017344328,-8.0697285235345,Rural_Kilimani,30.41535,787.0,-2.6,28.0,12.7,0.65,Sandy,5.65748829904998,0.0341219431783486,1.2,0.775333999922386,potato,0.6461116666019884
2380,665.9329,-9.264279465665853,-5.123710649380285,Rural_Hawassa,2.074038,1515.5,-3.9,29.8,12.95,0.61,Volcanic,5.46044771204788,0.029405640658931,7.9,4.205525535496652,coffee,0.5323450044932471
2381,482.7303,-8.79118167606402,-6.326442717268933,Rural_Hawassa,4.951349,1181.8,-5.8,33.6,13.9,0.6,Loamy,5.67411513368945,0.0971711441565843,3.6,2.004957363384798,banana,0.5569326009402216
2382,730.93066,-8.16489031649588,-4.218283137598943,Rural_Hawassa,3.398864,1232.9,-3.5,28.0,12.25,0.6,Volcanic,5.933411519588404,0.0402399642637309,14.2,7.728858099556007,cassava,0.5442857816588738
2383,474.13846,-11.940661246841934,-9.317506736287893,Rural_Akatsi,6.9456587,1975.2,-5.2,34.0,14.4,0.66,Silt,7.265361312118088,0.0148848807822948,4.7,2.1986754274617613,coffee,0.4678032824386726
2384,568.8498,-5.452462989445372,-1.4028990835524813,Rural_Kilimani,35.82827,940.3,-5.3,32.2,13.45,0.67,Loamy,5.330292003812438,0.9042722328136642,1.8,0.9279127081174948,potato,0.5155070600652749
2385,637.1516,-9.228233919791428,-7.7363870515354,Rural_Akatsi,15.1767845,1569.1,-4.3,30.7,13.2,0.66,Volcanic,4.880936338905081,0.0929786288883792,1.1,0.42405730911046885,cassava,0.38550664464588075
2386,761.70667,-8.043236599169695,-7.520165556184632,Rural_Akatsi,26.621529,1274.0,-3.5,28.0,12.25,0.67,Volcanic,5.434690991923136,0.0556728404616556,0.6,0.2780424050785667,wheat,0.4634040084642779
2387,607.58075,-6.99791576881136,-0.3713423661498576,Rural_Sokoto,7.171185,1307.4,-4.6,32.0,13.7,0.61,Peaty,5.61381237401852,0.6986072129041833,3.5,1.2381870295927015,banana,0.3537677227407719
2388,803.3448,-3.352809942260098,-7.303944060833865,Rural_Kilimani,25.062841,622.3,-3.4000000000000004,27.9,12.25,0.62,Sandy,4.829775629547205,0.1124734919483659,1.0,0.4829643655403604,wheat,0.4829643655403604
2389,586.12616,-14.134933851947576,-6.493113453268482,Rural_Hawassa,4.1405334,1621.7,-4.6,30.6,13.0,0.63,Silt,7.146986511581066,1.5271095073245638e-08,4.8,2.474340847418731,wheat,0.5154876765455689
2390,483.99173,-9.034489110716391,-6.272387343431241,Rural_Hawassa,6.755175,1260.8,-5.8,32.3,13.249999999999998,0.61,Peaty,4.681826963242687,0.0719827001768461,3.5,1.3280266795165157,banana,0.3794361941475759
2391,766.22955,-4.226914429714912,-6.560682670565599,Rural_Kilimani,43.964634,523.0,-3.9,30.3,13.2,0.67,Sandy,5.077138088418767,0.2521535858456817,1.2,0.5470298508561658,wheat,0.45585820904680485
2392,590.3774,-6.95736452970263,-4.231796981058365,Rural_Hawassa,9.918167,716.5,-5.3,29.2,11.95,0.58,Loamy,6.360673524873108,0.1258273491787055,4.7,3.2315993942263006,maize,0.6875743391970852
2393,687.9644,-2.888723539126872,-2.6281542238735014,Rural_Kilimani,7.3528166,880.0,-4.2,28.9,12.35,0.58,Sandy,6.332968356161314,0.382107776741985,2.9,1.379594329820387,maize,0.47572218269668515
2394,674.8426,-8.074776451809816,-6.5696918995385465,Rural_Akatsi,3.723156,1134.9,-4.1,30.0,12.95,0.59,Sandy,6.203897509919964,0.2320620555685484,14.9,6.005448005524963,coffee,0.40305020171308475
2395,700.5148,-7.831469017157445,-0.758739211986651,Rural_Sokoto,6.2079043,1535.2,-3.5,28.3,12.4,0.63,Volcanic,5.167460074319855,0.3297195234047187,2.8,2.060890818637877,tea,0.7360324352278134
2396,684.6923,-8.786675982829717,-0.4749484993387673,Rural_Sokoto,16.045042,1774.2,-3.5,29.9,13.2,0.68,Volcanic,5.454766177253997,0.114552213682107,0.9,0.5012287053669112,coffee,0.5569207837410124
2397,800.6335,-4.844194402814447,-5.074159890029067,Rural_Kilimani,8.587709,563.8,-3.5,29.9,13.2,0.56,Sandy,5.772113861329827,0.2888902984972545,4.6,2.3127194807993616,maize,0.5027651045216004
2398,401.4554,-13.92767196316963,-7.078713336510147,Rural_Hawassa,9.500398,1509.3,-6.3,33.4,13.55,0.64,Silt,6.670390460425328,3.507700995534673e-08,3.7,2.0086507903438515,wheat,0.5428785919848247
2399,626.8043,-11.007982747341178,-0.9659514783644704,Rural_Sokoto,6.8196487,2112.2,-3.7,32.0,14.15,0.67,Silt,6.089470882135913,0.2792492147660561,2.8,1.5069148969714434,coffee,0.5381838917755155
2400,656.34314,-9.944639144045633,0.2638082764430238,Rural_Sokoto,1.4059778,2039.1,-3.5,30.4,13.45,0.65,Volcanic,4.650964324346447,0.3421684867396466,6.9,5.408168505705378,tea,0.7837925370587504
2401,754.8211,-4.326039680869581,-1.371366782147161,Rural_Kilimani,19.513704,1143.3,-3.4000000000000004,30.7,13.65,0.64,Sandy,6.081865916142031,0.7724383964125875,2.0,0.7325934240280182,wheat,0.3662967120140091
2402,740.81213,-4.3756023064469165,-0.9749607073374188,Rural_Kilimani,24.639341,1199.0,-3.5,29.6,13.05,0.66,Sandy,4.565092842223431,0.8127401674118475,0.9,0.3062409411967588,tea,0.34026771244084314
2403,385.01358,-13.332920456241611,-8.105765439426296,Rural_Hawassa,2.9486988,1668.3,-6.3,34.6,14.15,0.63,Silt,6.162945066036103,0.0001097860597842,11.5,7.32799570779762,rice,0.6372170180693583
2404,638.28973,-9.795951267313626,-1.4028990835524813,Rural_Sokoto,8.225228,1896.2,-3.8,32.3,14.249999999999998,0.66,Volcanic,5.860650943425727,0.1142499075496288,3.3,2.12977835997068,coffee,0.645387381809297
2405,394.507,-11.69284811895526,-8.880559131099881,Rural_Akatsi,10.457057,1881.2,-6.0,34.4,14.2,0.67,Silt,5.92948721819041,0.1164091637140091,3.9,2.0818814473378864,banana,0.5338157557276632
2406,343.05075,-11.147659237604577,-6.857987226672905,Rural_Hawassa,0.7776646,1715.0,-6.6,32.8,13.099999999999998,0.62,Silt,5.516110238140778,0.0259114561974855,12.2,7.198206974496423,rice,0.5900169651226577
2407,673.557,-8.15137323679297,-4.821901478786504,Rural_Hawassa,5.849641,1133.5,-4.1,31.1,13.5,0.6,Sandy,6.354647852179339,0.1677506673509713,5.0,2.6398699970571595,wheat,0.5279739994114319
2408,178.15222,-11.900110007733206,-6.204818126134126,Rural_Hawassa,4.7812467,1603.8,-8.1,33.3,12.599999999999998,0.63,Silt,6.981437673353839,0.0022631358609322,4.7,2.3239346791376003,wheat,0.4944541870505532
2409,688.84106,-14.387252673068554,-6.015624317702203,Rural_Hawassa,7.565161,1650.2,-3.5,29.2,12.85,0.64,Volcanic,5.181088665959767,1.4901238659172407e-08,2.9,1.4953511384452498,banana,0.5156383236018103
2410,499.32373,-9.67429754998744,-7.66431321975181,Rural_Akatsi,14.7827015,1577.5,-5.3,31.0,12.85,0.66,Silt,6.485757323357732,0.0682429739426986,0.5,0.22424065463723064,banana,0.4484813092744613
2411,367.421,-12.557941219941467,-8.317482320290589,Rural_Akatsi,11.7074585,1794.5,-6.3,32.2,12.95,0.66,Silt,6.757349963876888,0.0222821480052552,4.2,2.1323110920863932,wheat,0.5076931171634269
2412,988.447,-4.555830035819042,-4.141704691328878,Rural_Kilimani,3.5260282,847.7,-1.5,31.5,15.0,0.57,Rocky,6.158070534098868,0.2185580872889493,8.6,5.418437249721324,wheat,0.6300508429908516
2413,520.282,-9.54363244619265,-4.384953873598493,Rural_Hawassa,2.0419047,1480.7,-5.2,30.1,12.45,0.61,Peaty,4.7126362824243735,0.0095647328501577,10.4,3.995220226273451,cassava,0.3841557909878318
2414,496.8284,-6.452726887460676,-3.569618651546638,Rural_Hawassa,7.797128,585.7,-6.3,30.6,12.15,0.56,Loamy,5.889731964592176,0.3487189555914277,3.0,1.8705689509350687,potato,0.6235229836450229
2415,292.33,-11.841535995687265,-5.975082787323935,Rural_Hawassa,12.678216,1720.2,-7.0,31.8,12.4,0.66,Silt,6.67724572191331,0.0032220665022559,1.7,0.7006506058594308,banana,0.41214741521142995
2416,514.8723,-13.57172219765968,-5.754356677486692,Rural_Hawassa,2.2578523,1733.6,-5.0,31.3,13.15,0.63,Silt,6.54680083688838,3.4170247675648224e-07,7.7,3.8685984686135715,coffee,0.50241538553423
2417,445.68228,-9.394944569460645,-6.628251887862713,Rural_Akatsi,16.601683,1376.6,-5.9,35.1,14.6,0.65,Silt,6.96606398530101,0.0660820799920745,0.7,0.37095797778987777,wheat,0.529939968271254
2418,616.0469,-9.440001501803676,-2.77230188744068,Rural_Hawassa,24.546783,1704.5,-3.8,28.8,12.5,0.7,Silt,6.6590995059948,0.0146211422891561,0.9,0.4194063639561357,coffee,0.466007071062373
2419,648.8294,-10.899846109717902,-0.9028868755538296,Rural_Sokoto,0.9930733,2128.2,-3.5,30.7,13.6,0.66,Volcanic,4.964923370825657,0.2836086822265883,7.0,3.5177742801031626,banana,0.5025391828718804
2420,496.27435,-8.538862854943043,-6.326442717268933,Rural_Akatsi,2.7770643,1098.2,-5.8,31.3,12.75,0.58,Loamy,5.340343973915751,0.158489158609854,8.4,5.0924126274072545,cassava,0.6062395985008636
2421,799.57513,-3.807884958924717,-2.9434772379267047,Rural_Kilimani,10.176722,882.9,-3.2,30.2,13.5,0.59,Sandy,6.191892783864064,0.3282568685302867,3.5,1.8715637791703648,wheat,0.5347325083343899
2422,772.0718,-4.830677323111535,-7.88053471510258,Rural_Amanzi,11.468492,694.2,-3.7,28.6,12.45,0.58,Sandy,6.2594325843655785,0.3625284200754994,2.6,1.4372655219251782,wheat,0.5527944315096839
2423,596.3439,-9.399450262694948,-1.6326344223626723,Rural_Sokoto,2.4874103,1736.8,-4.3,35.7,15.7,0.63,Silt,7.499244252486342,0.089776156117901,5.8,2.02566250429385,coffee,0.34925215591273273
2424,740.156,-2.293972032198853,-3.335378698249972,Rural_Kilimani,15.259571,813.4,-3.8,31.4,13.8,0.6,Sandy,4.934165973173407,0.2185153888122752,1.6,0.7963110852783623,cassava,0.49769442829897637
2425,787.6739,-4.326039680869581,-4.776855333921761,Rural_Kilimani,15.4990225,566.4,-3.6,29.4,12.9,0.58,Sandy,4.61302454865713,0.2427074374245492,1.6,0.7230624774648917,wheat,0.45191404841555727
2426,420.48425,-12.612009538753108,-8.664337635749114,Rural_Akatsi,40.928852,1884.5,-5.4,34.1,14.35,0.76,Silt,6.291290990393179,0.0114178457064389,1.4,0.7550306996555112,banana,0.5393076426110794
2427,852.9126,-4.019652540936967,-1.8984066770646584,Rural_Kilimani,4.03507,1152.9,-2.5,28.6,13.05,0.59,Rocky,5.556682857261106,0.5632216790434599,12.8,6.0493709594748255,cassava,0.47260710620897073
2428,338.14935,-0.7350021731299581,-3.3894340720876643,Rural_Kilimani,12.185591,448.9,-7.8,33.9,13.05,0.56,Loamy,5.112049970163517,0.0135351368472469,1.0,0.6455439194174041,potato,0.6455439194174041
2429,660.40894,-14.644077187423834,-6.628251887862713,Rural_Hawassa,19.630547,1504.9,-4.0,28.9,12.45,0.67,Volcanic,5.513825383935681,1.2112753970521826e-09,1.7,0.9195914119171924,banana,0.540936124657172
2430,458.53073,-10.62499882242541,-5.610209013919513,Rural_Hawassa,1.7809387,1710.0,-5.6,33.4,13.9,0.63,Silt,7.281423284959888,0.1640200605881648,5.2,1.9032575187328988,banana,0.3660110612947882
2431,738.1454,-4.569347115521953,-0.961446863877996,Rural_Kilimani,6.7782087,1191.5,-3.5,30.2,13.35,0.6,Sandy,6.201520353008736,0.8412547072625567,2.1,0.7516678273229797,wheat,0.3579370606299903
2432,434.8506,-7.344854147852703,-1.389385240093058,Rural_Sokoto,6.3335886,1063.9,-6.4,31.3,12.45,0.59,Loamy,6.746825892898941,0.6108547619884837,3.2,1.5922333768272816,maize,0.49757293025852545
2433,520.21106,-1.0504006995311794,-3.8714278221404186,Rural_Kilimani,8.695515,521.2,-6.1,32.0,12.95,0.56,Loamy,6.063028769780265,0.0201888067371704,3.3,2.342899491704607,wheat,0.7099695429407901
2434,364.3943,-10.14288964635497,-7.006639504726558,Rural_Akatsi,9.6786175,1528.3,-6.6,32.8,13.099999999999998,0.64,Silt,6.657201053454402,0.0704579485796792,4.0,1.5367952715350506,banana,0.38419881788376264
2435,651.92883,-1.5460269553045285,-5.925532027972717,Rural_Kilimani,3.7881315,402.9,-5.0,31.8,13.4,0.53,Sandy,5.042836739440783,0.1960103760333582,10.0,5.621785290318845,potato,0.5621785290318846
2436,706.42114,-7.8089405509859295,-3.0380741421426665,Rural_Hawassa,22.203115,1220.0,-3.8,32.0,14.1,0.65,Volcanic,4.25480119881168,0.118413574990852,0.6,0.39666802999805817,tea,0.661113383330097
2437,387.2359,-1.3657992259324008,-4.497569235760351,Rural_Kilimani,10.539188,259.5,-7.5,31.2,11.85,0.54,Loamy,5.52228813242311,0.0309648591276702,3.5,2.0425778941933697,wheat,0.5835936840552485
2438,846.1227,-2.1813297013412747,-1.5785790485249802,Rural_Kilimani,4.808006,1337.2,-2.4000000000000004,28.8,13.2,0.61,Volcanic,5.859851709487348,0.1605804217947966,2.9,1.4873188627405625,wheat,0.5128685733588146
2439,134.46976,-12.12088897621406,-7.367008663644504,Rural_Hawassa,34.291935,1560.2,-8.7,31.9,11.6,0.72,Silt,6.033114323125159,0.0187553245893342,2.0,1.1040195778595527,rice,0.5520097889297764
2440,735.1517,-8.656010879034925,-8.047205451102128,Rural_Akatsi,17.936632,1537.2,-3.2,31.6,14.2,0.66,Volcanic,4.257346255606282,0.12289610239362,1.2,0.847504059567541,tea,0.7062533829729509
2441,646.8518,-2.239903713387216,-6.560682670565599,Rural_Kilimani,4.1921473,403.0,-5.1,30.9,12.9,0.54,Sandy,6.313404052687976,0.2911810727412266,4.8,2.586800253528274,wheat,0.5389167194850571
2442,721.997,-8.547874241411648,-0.9749607073374188,Rural_Sokoto,8.817703,1711.0,-3.2,29.4,13.1,0.65,Volcanic,5.956379530643822,0.1195178641602516,2.8,1.661726347019455,coffee,0.5934736953640911
2443,401.81366,-1.1945828830288807,-5.173261408731502,Rural_Kilimani,7.0641837,187.4,-7.5,30.2,11.35,0.53,Loamy,5.681543926061313,0.0520776266571501,2.7,1.6055532743412828,wheat,0.5946493608671417
2444,760.88135,-3.551060444569437,-6.40752577802547,Rural_Kilimani,19.081112,510.1,-3.9,31.7,13.9,0.59,Sandy,6.094514925689399,0.2061562438570665,1.4,0.7471407117156041,maize,0.5336719369397173
2445,707.52136,-0.6403826152095906,-2.902935707548436,Rural_Kilimani,19.952951,965.5,-4.0,27.4,11.7,0.63,Sandy,5.264648908581201,0.0130080497427584,0.9,0.5204596665891921,cassava,0.5782885184324357
2446,584.8759,-14.013280134621391,-6.430048850457843,Rural_Hawassa,3.727274,1673.3,-4.4,31.3,13.45,0.63,Silt,6.039964609876572,2.4977841174873012e-08,8.2,3.9223777951163394,coffee,0.4783387555019927
2447,648.00867,-7.223200430526518,-5.402996747541693,Rural_Hawassa,20.608067,789.4,-4.7,32.3,13.8,0.62,Sandy,4.537704840943594,0.2479503092244557,1.6,0.7853465857512125,potato,0.4908416160945078
2448,467.9868,-1.4198675447440383,-5.137224492839708,Rural_Kilimani,17.436762,260.1,-6.8,32.7,12.95,0.57,Loamy,5.35744061443964,0.0749753619807437,1.4,0.8046872050710105,wheat,0.5747765750507219
2449,844.87646,-10.95391442852954,-0.0920562679884489,Rural_Sokoto,6.5924954,2364.4,-1.5,30.5,14.5,0.69,Volcanic,4.936011107019659,0.3414626256727502,2.1,1.304360791132602,tea,0.62112418625362
2450,503.29733,-10.417736933647465,-7.704854750130081,Rural_Akatsi,29.356062,1781.0,-5.1,32.6,13.75,0.72,Silt,5.789725303188436,0.03752500417034,0.7,0.35085626423805816,coffee,0.5012232346257974
2451,621.83356,-5.227178327730215,-1.4209175414983786,Rural_Kilimani,13.618152,984.4,-4.8,30.9,13.05,0.61,Loamy,5.590857729788835,0.8878921508817168,0.8,0.45943016874954856,cassava,0.5742877109369356
2452,718.8921,-8.011696746529573,1.3539249821698136,Rural_Sokoto,5.616066,1717.0,-3.2,28.0,12.4,0.64,Volcanic,5.671795593676517,0.0823165109130907,3.5,2.0138922647529816,coffee,0.5753977899294233
2453,608.4816,-9.029983417482088,-3.1236618173856785,Rural_Hawassa,2.8585937,1492.5,-4.4,30.7,13.15,0.61,Peaty,5.396250011843927,0.0107770213521425,14.5,6.6062099773908995,cassava,0.45560068809592413
2454,455.3852,-10.1834408854637,-6.848977997699955,Rural_Akatsi,17.263777,1621.4,-5.7,32.2,13.250000000000002,0.67,Silt,5.326004958163372,0.1088212118101916,1.0,0.41898556747614485,banana,0.41898556747614485
2455,559.7946,-1.018860846891057,-3.5380863501413176,Rural_Kilimani,2.1930478,638.3,-5.6,30.7,12.55,0.55,Loamy,5.2606072800783,0.0244918839879434,5.1,3.518140611918094,potato,0.6898314925329596
2456,737.8374,-3.204122065528093,-2.087600485496581,Rural_Kilimani,4.249992,1034.5,-3.7,31.2,13.75,0.58,Sandy,5.420077332715933,0.4157787500819326,2.5,0.9758519831977269,wheat,0.39034079327909077
2457,403.1345,-11.620757027206407,-8.840017600721612,Rural_Akatsi,9.734882,1887.4,-5.9,32.7,13.400000000000002,0.66,Silt,6.247883511314725,0.1377673630427655,2.1,1.1070356292714398,banana,0.5271598234625904
2458,575.4783,-2.109238609592424,-4.209273908625994,Rural_Kilimani,4.8886538,481.9,-5.6,31.3,12.85,0.54,Loamy,5.846333804832937,0.0903201911835118,4.6,3.053718738365128,potato,0.6638518996445931
2459,734.9242,-5.326303578884884,-5.776879749919064,Rural_Kilimani,1.0489849,507.9,-4.2,30.2,13.0,0.53,Sandy,5.643690307509681,0.3094460853490432,6.7,4.011681523943898,potato,0.5987584364095371
2460,711.5557,-9.692320322924656,-2.1191327869019005,Rural_Hawassa,19.363823,1915.5,-2.9000000000000004,28.3,12.7,0.7,Volcanic,4.234065967748106,0.3033926017832168,1.3,0.9937090187385458,tea,0.7643915528758044
2461,737.34436,-5.015410745717967,-1.5425421326331856,Rural_Kilimani,11.811812,1078.6,-3.6,29.9,13.15,0.61,Sandy,5.67049879854927,0.8414035872613439,1.9,0.9773069983230792,cassava,0.514372104380568
2462,594.70776,-9.07504034982512,-4.673249200732851,Rural_Hawassa,3.269719,1385.4,-4.6,28.8,12.1,0.61,Peaty,5.399093766997371,0.0186001416560774,5.5,2.7844127645027337,banana,0.5062568662732243
2463,700.7473,-6.592403377724075,-0.0289916651778081,Rural_Sokoto,14.399404,1377.6,-3.7,32.0,14.15,0.64,Volcanic,5.49840518723897,0.8845472830416204,0.9,0.26934302548141237,banana,0.2992700283126804
2464,570.6396,-2.519256693914011,-7.497642483752261,Rural_Kilimani,9.316553,394.5,-5.8,31.2,12.7,0.55,Loamy,5.716127848102825,0.0733329951158286,2.1,1.3666709026381232,wheat,0.6507956679229158
2465,907.2743,-4.091743632685818,-4.493064621273877,Rural_Kilimani,4.2526236,724.3,-2.4000000000000004,26.8,12.2,0.56,Rocky,4.315856539177846,0.215567369885255,2.5,1.1720831580492899,potato,0.4688332632197159
2466,618.9873,-8.507323002302922,-0.3893608240957553,Rural_Sokoto,7.836659,1649.2,-4.2,30.5,13.15,0.64,Silt,7.246435100387906,0.1276736472259393,3.7,1.818691793381799,wheat,0.49153832253562135
2467,503.1621,-2.091215836655211,-5.421015205487591,Rural_Kilimani,19.496035,266.2,-6.5,32.3,12.9,0.57,Loamy,4.7578049319749525,0.2259751908055546,1.0,0.5562600639859067,potato,0.5562600639859067
2468,607.7082,-9.746388641736292,-5.614713628405988,Rural_Hawassa,13.994089,1638.7,-4.1,30.8,13.35,0.66,Silt,6.096024229944344,0.148045266162981,0.6,0.2741337182819729,coffee,0.45688953046995484
2469,638.2311,-8.034225212701088,-7.308448675320338,Rural_Akatsi,4.775198,1143.7,-4.5,29.8,12.65,0.59,Sandy,6.037942604130563,0.0714529221752788,3.2,1.6249839423175592,wheat,0.5078074819742372
2470,696.5846,-3.65469138895841,-0.7001792236624846,Rural_Kilimani,11.608353,1235.8,-3.8,32.7,14.45,0.62,Volcanic,5.020606341030302,0.5704875782171163,4.6,1.8084595362824607,cassava,0.3931433774527089
2471,754.902,-5.330809272119188,-6.182295053701754,Rural_Kilimani,50.928288,540.1,-4.0,30.6,13.3,0.69,Sandy,5.902375934845658,0.3110388730366914,1.7,0.9973877894031009,potato,0.5866986996488829
2472,469.28497,-9.41747303563216,-4.195760065166571,Rural_Hawassa,8.168833,1393.0,-5.8,31.8,13.0,0.62,Silt,7.343019374837238,0.0077563005733314,3.1,1.518251812224114,wheat,0.4897586491045529
2473,864.81085,-2.3570517374790967,-8.4030699955336,Rural_Kilimani,28.49787,816.3,-2.7,30.5,13.9,0.64,Sandy,5.383644207742028,0.0116561342307662,1.3,0.8383265178472062,potato,0.6448665521901586
2474,570.06036,-9.309336398008885,-4.276843125923109,Rural_Hawassa,7.7031174,1458.0,-4.8,29.8,12.5,0.63,Silt,5.767515213144572,0.0080264611762449,2.9,1.2779167819256436,coffee,0.4406609592847047
2475,619.6656,-5.655219184989015,-2.281298908414977,Rural_Hawassa,20.991756,835.7,-4.9,32.0,13.55,0.62,Loamy,5.999750820682505,0.606022748507955,0.5,0.2768254879144602,potato,0.5536509758289204
2476,520.86444,-1.5415212620702246,-6.218331969593549,Rural_Kilimani,35.661697,262.2,-6.3,30.4,12.05,0.62,Loamy,4.5751189984212814,0.198353338872343,1.2,0.6473969754666495,potato,0.5394974795555413
2477,647.94904,-7.799929164517323,-4.44351386192266,Rural_Hawassa,11.768466,1007.8,-4.5,31.3,13.4,0.6,Sandy,5.500438577353618,0.0719112331781669,1.4,0.6401443547619532,wheat,0.45724596768710946
2478,611.28217,-7.01143284851427,-2.592117307981707,Rural_Hawassa,4.658666,970.1,-4.9,31.6,13.35,0.58,Loamy,5.7036463861814655,0.4163952621558068,4.2,2.372082104678884,wheat,0.5647814534949723
2479,830.9435,-3.7357938671758655,-3.59214172397901,Rural_Kilimani,21.234127,791.1,-3.0,29.9,13.45,0.62,Sandy,6.035957330294353,0.2505125244617341,1.1,0.6095068521103653,wheat,0.5540971382821502
2480,825.2869,-7.768389311877201,-0.0019639782589619,Rural_Sokoto,15.130252,1722.1,-2.2,27.0,12.4,0.67,Volcanic,5.235343256889281,0.3111719822194019,0.6,0.30651518351413265,banana,0.5108586391902211
2481,457.4004,-13.833052405249264,-6.650774960295085,Rural_Hawassa,10.3796015,1597.7,-5.7,35.1,14.7,0.64,Silt,5.626354962491588,4.40830594734485e-08,2.1,1.4280035113907636,rice,0.6800016720908398
2482,684.0023,-2.5282680803826185,-2.988523382791448,Rural_Kilimani,2.3995955,816.9,-4.3,32.1,13.9,0.56,Sandy,5.965189275360031,0.3061708573364194,11.1,6.06662917806289,potato,0.5465431691948549
2483,909.2211,-3.1770879061222743,-7.677827063211233,Rural_Kilimani,5.6431837,774.7,-2.3,28.9,13.3,0.57,Rocky,4.889877770562253,0.0676617916640114,3.1,1.7910870319927603,potato,0.5777700103202452
2484,615.2075,-5.930066472281508,-6.484104224295535,Rural_Amanzi,2.738322,488.4,-5.3,31.9,13.3,0.54,Loamy,5.894406244235145,0.2911534247380991,14.6,8.91440335391592,maize,0.610575572186022
2485,754.4395,-2.8301495270809305,-3.5290771211683687,Rural_Kilimani,15.204335,760.6,-3.8,29.7,12.95,0.6,Sandy,5.35126932419576,0.2643815767331254,1.7,1.018561577691292,potato,0.5991538692301718
2486,612.0568,-6.921318983828206,-3.074111058034461,Rural_Hawassa,10.819778,880.6,-4.9,28.7,11.9,0.59,Loamy,5.274233198627328,0.2885335670519741,3.1,1.9482230009804593,potato,0.6284590325743417
2487,733.37024,-0.7079680137241393,-2.835366490251321,Rural_Kilimani,28.695501,1009.0,-3.7,28.9,12.6,0.66,Sandy,5.847043329067743,0.0157876459941876,1.7,0.7123621590249416,coffee,0.4190365641323186
2488,576.3255,-9.363404716820522,-7.416559422995722,Rural_Akatsi,7.9773893,1542.1,-4.7,29.8,12.55,0.63,Silt,6.307949668444252,0.0491005372335709,2.1,0.9700303665556579,coffee,0.4619192221693609
2489,654.0915,-1.6902091388022296,-3.9615201118699055,Rural_Kilimani,1.2298142,624.3,-4.8,30.5,12.85,0.54,Sandy,5.980134544576894,0.0625998699210133,9.0,4.8796133211589785,maize,0.5421792579065532
2490,905.0429,-4.506267410241708,-5.488584422784706,Rural_Kilimani,5.607228,648.6,-2.5,29.7,13.6,0.56,Rocky,5.357204518794986,0.2807316143330425,2.6,1.5407263517816672,potato,0.5925870583775643
2491,394.5011,-14.56748040244068,-7.551697857589953,Rural_Hawassa,4.671659,1269.5,-6.6,32.2,12.8,0.6,Peaty,5.631383386068146,5.845919452863206e-10,3.8,1.7002850536206673,wheat,0.4474434351633335
2492,633.49194,-7.42595662607016,-5.047132203110221,Rural_Hawassa,3.997293,842.7,-4.8,28.3,11.75,0.57,Loamy,5.378014401923707,0.1750662180818588,9.2,5.712996078068547,cassava,0.6209778345726682
2493,991.3704,-4.718034992253957,-4.119181618896508,Rural_Kilimani,1.7322074,854.6,-1.5,27.8,13.15,0.56,Rocky,5.480903947911956,0.219617899745149,7.3,3.0136599709347642,tea,0.41283013300476223
2494,605.26996,-5.54708254736574,-0.1010654969613975,Rural_Sokoto,5.454969,1174.6,-4.7,30.7,13.0,0.6,Loamy,5.8028042798883295,0.9302383683747608,2.6,1.1283557992869446,wheat,0.4339829997257479
2495,742.7891,-4.72254068548826,-7.862516257156682,Rural_Amanzi,7.788941,655.0,-4.0,27.9,11.95,0.57,Sandy,5.156522879358387,0.3490988568748431,2.3,0.9735281178450627,maize,0.42327309471524466
2496,792.9268,-3.938550062719509,-2.587612693495232,Rural_Kilimani,10.654305,955.0,-3.2,27.9,12.35,0.6,Sandy,6.779889806296498,0.3751844745594169,2.0,1.0291529456023665,wheat,0.5145764728011832
2497,838.9374,-3.56908321750665,-4.993076829272528,Rural_Kilimani,8.722299,616.0,-3.1,29.9,13.4,0.57,Rocky,4.876110426731104,0.1922781982946184,3.3,1.6450912593417475,wheat,0.4985125028308326
2498,783.9703,-4.727046378722564,-1.7452497845245307,Rural_Kilimani,1.6125011,1088.2,-3.2,27.3,12.05,0.58,Sandy,5.313431832039254,0.7302264239562646,12.3,3.6206133973104686,wheat,0.29435881278946896
2499,920.44775,-1.4108561582754326,-2.245261992523182,Rural_Kilimani,3.8135536,1327.1,-1.6999999999999993,28.2,13.25,0.6,Volcanic,4.493361170586618,0.0723176441733641,12.9,7.856498321837859,tea,0.6090308776618495
2500,604.4742,-7.09704101996603,-5.389482904082271,Rural_Hawassa,7.9015665,707.4,-5.2,27.4,11.1,0.57,Loamy,5.689870378322483,0.237436161697761,3.8,2.5133655224875144,potato,0.6614119796019775
2501,822.1005,-2.235398020152912,-1.001988394256265,Rural_Kilimani,3.2495296,1426.1,-2.5,26.9,12.2,0.61,Volcanic,4.917976783493414,0.1355648742221891,12.6,5.558446436351602,cassava,0.44114654256758745
2502,551.8651,-1.172054416857364,-6.222836584080023,Rural_Kilimani,30.921864,289.2,-6.0,31.1,12.55,0.61,Loamy,4.956125398907614,0.1025329224467109,0.5,0.30511386097945814,potato,0.6102277219589163
2503,691.87085,-8.34962373910231,-1.8668743756593376,Rural_Sokoto,34.060635,1521.1,-3.6,30.7,13.55,0.71,Volcanic,4.085103171453675,0.1646595524352976,0.7,0.48206567951444695,tea,0.68866525644921
2504,585.5383,-2.54629085331983,-4.736313803543491,Rural_Kilimani,6.9803543,403.0,-5.6,30.7,12.55,0.54,Loamy,5.224404423641114,0.1278043347064569,2.5,1.4863232676899762,wheat,0.5945293070759905
2505,546.641,-10.003213156091572,-2.650677296305873,Rural_Hawassa,2.9303188,1751.7,-4.7,31.4,13.35,0.63,Silt,6.453859351824118,0.0399146765639926,9.9,4.932533634089677,coffee,0.4982357206151189
2506,753.3856,-5.001893666015057,-1.7362405555515823,Rural_Kilimani,12.127187,1057.2,-3.5,32.3,14.4,0.61,Sandy,4.529213530907532,0.780520872541617,1.6,0.5722067733674439,tea,0.3576292333546524
2507,369.2005,-10.764675312688809,-6.317433488295984,Rural_Hawassa,4.9706354,1677.3,-6.3,30.0,11.85,0.63,Silt,7.457967047731753,0.1688021866087958,4.3,1.3918908965138577,banana,0.3236955573288041
2508,695.9842,-6.083260042247817,0.5025528442261638,Rural_Sokoto,9.266698,1351.8,-3.7,32.5,14.4,0.62,Volcanic,5.422504663667519,0.8524556608058926,2.3,0.9581702080471801,cassava,0.4165957426292088
2509,831.9251,-11.341404046679612,0.0475867810922556,Rural_Sokoto,6.6928988,2376.8,-1.5999999999999996,31.3,14.85,0.69,Volcanic,5.639547166881913,0.2941548041927316,3.2,1.95666407773244,coffee,0.6114575242913874
2510,796.12054,-5.885009539938478,-7.695845521157131,Rural_Amanzi,23.536362,815.0,-3.2,30.3,13.55,0.63,Sandy,4.900652860261645,0.4063594260944181,2.0,0.7885317794593569,wheat,0.39426588972967846
2511,631.2212,-6.047214496373391,-2.1146281724154266,Rural_Hawassa,27.730618,918.9,-4.7,29.9,12.6,0.65,Loamy,6.3927114896223785,0.7039631866875881,0.9,0.5075995616257374,wheat,0.563999512917486
2512,825.4179,-5.114535996872636,-7.921076245480848,Rural_Amanzi,3.8710747,776.1,-3.1,31.0,13.95,0.56,Sandy,6.23331931945618,0.3677315653192353,8.2,2.834645864468963,coffee,0.34568852005719064
2513,850.086,-2.983343097047237,-7.42556865196867,Rural_Kilimani,23.877422,691.2,-2.9000000000000004,29.4,13.25,0.62,Sandy,6.474922821153665,0.0878008351601881,0.7,0.42518522924396207,maize,0.6074074703485173
2514,647.767,-7.407933853132948,-4.988572214786054,Rural_Hawassa,15.235719,854.0,-4.6,29.0,12.2,0.6,Sandy,4.502199634115,0.1642137447085894,0.9,0.44136756199429583,potato,0.4904084022158842
2515,691.76794,-8.637988106097712,-1.8848928336052355,Rural_Sokoto,5.2089324,1600.0,-3.6,31.6,14.0,0.63,Volcanic,5.108427756440428,0.0900823630757797,4.9,3.911682212290432,tea,0.7983024923041697
2516,575.6155,-1.2351341221376089,-4.321889270787852,Rural_Kilimani,3.3681676,488.0,-5.6,28.7,11.55,0.54,Loamy,6.341649771416495,0.0233056695177495,9.7,7.146530310985251,wheat,0.736755702163428
2517,551.75433,-6.524817979209526,-3.736289387546188,Rural_Hawassa,2.6038277,633.9,-5.7,31.9,13.1,0.55,Loamy,5.986021274113817,0.2411868494325101,10.7,6.808642348367655,potato,0.6363217148007154
2518,729.60657,-4.830677323111535,-1.4794775298225449,Rural_Kilimani,4.640633,1082.9,-3.7,28.5,12.4,0.59,Sandy,5.885062552452255,0.8297146615724094,2.7,1.3821653074939275,cassava,0.5119130768496027
2519,741.59686,-2.37507451041631,-7.209347156617903,Rural_Kilimani,4.79495,544.1,-4.1,29.9,12.9,0.55,Sandy,5.776692433219165,0.1241760932274583,2.7,1.4793668204357584,wheat,0.547913637198429
2520,679.74396,-1.9109881072830837,-6.596719586457392,Rural_Kilimani,7.1777377,436.6,-4.7,30.5,12.9,0.55,Sandy,4.868498448593793,0.2421572353436663,4.2,2.279962584463556,potato,0.5428482343960848
2521,761.2839,-8.795687369298324,-1.9524620509023505,Rural_Sokoto,11.047264,1713.3,-2.8,30.4,13.8,0.66,Volcanic,5.060424047451809,0.0614827139902463,2.5,2.006262767030483,tea,0.8025051068121933
2522,327.27618,-11.13864785113597,-5.402996747541693,Rural_Hawassa,5.1952524,1673.2,-6.8,30.6,11.9,0.63,Silt,7.476330222842575,0.0352271264257348,2.9,1.2301345706210662,wheat,0.4241843346969194
2523,845.02,-4.037675313874178,-0.9929791652833162,Rural_Kilimani,1.1887274,1321.1,-2.4000000000000004,29.2,13.4,0.6,Volcanic,4.691985893447593,0.7317580138701225,7.0,3.218827936210677,tea,0.459832562315811
2524,293.61716,-13.37347169535034,-6.912042600510596,Rural_Hawassa,2.5158544,1555.7,-7.2,32.4,12.6,0.62,Silt,7.33713851639721,1.3573124636940117e-06,12.0,5.725810468879085,rice,0.47715087240659043
2525,444.2867,-10.98094858793536,-5.677778231216628,Rural_Hawassa,7.0087476,1769.8,-5.7,32.7,13.500000000000002,0.65,Silt,5.826984765316194,0.0896526536823864,3.3,2.1100923482229224,rice,0.6394219237039159
2526,788.76544,-9.394944569460645,-0.2091762446367815,Rural_Sokoto,15.616907,2046.2,-2.3,29.0,13.35,0.69,Volcanic,3.807300157923901,0.2315368451392094,0.8,0.500245612134674,tea,0.6253070151683424
2527,673.4263,-7.696298220128351,-2.9434772379267047,Rural_Hawassa,2.313298,1165.8,-4.1,28.8,12.35,0.59,Sandy,5.079661611597383,0.1559591618406709,7.0,3.6092614786310144,cassava,0.5156087826615735
2528,381.15305,-10.904351802952206,-6.628251887862713,Rural_Hawassa,2.68196,1714.6,-6.2,31.7,12.75,0.63,Silt,6.532815392561497,0.0804831158679119,13.5,7.0115871368877976,wheat,0.5193768249546517
2529,501.26428,-5.583128093240164,-1.083071455012803,Rural_Kilimani,8.476366,932.6,-5.9,32.3,13.2,0.59,Loamy,6.174854120912136,0.9131222703277996,3.8,1.865390983776344,wheat,0.4908923641516695
2530,514.7583,-11.58020578809768,-9.299488278341997,Rural_Akatsi,2.1129184,2015.1,-4.8,32.9,14.05,0.65,Silt,7.342966211550508,0.0266858646657033,10.5,5.111362780065402,banana,0.486796455244324
2531,552.80945,-2.690473036817531,-4.466036934355032,Rural_Kilimani,13.450884,398.1,-5.9,33.4,13.75,0.56,Loamy,4.607136376324408,0.1301779533829983,0.8,0.4497901009710358,wheat,0.5622376262137947
2532,118.04814,-12.382219183803644,-6.758885707970468,Rural_Hawassa,2.487735,1528.9,-8.8,36.6,13.9,0.62,Silt,6.1220008061303455,0.0002963061633145,5.2,2.953964896694461,rice,0.5680701724412425
2533,880.5996,-3.75381664011308,-3.0200556841967687,Rural_Kilimani,4.01255,954.1,-2.4000000000000004,30.4,14.0,0.58,Rocky,4.861207332222572,0.3238110021545424,6.7,2.9673356393731694,cassava,0.4428859163243536
2534,364.1864,-11.02600552027839,-4.835415322245927,Rural_Hawassa,3.130156,1695.5,-6.4,32.5,13.05,0.63,Silt,6.299957209542668,0.0441594365962346,7.8,4.169957161972238,coffee,0.5346098925605434
2535,781.4395,-7.358371227555613,-7.578725544508798,Rural_Akatsi,10.201731,1113.8,-3.2,30.5,13.65,0.61,Sandy,6.632083696681892,0.087804961229193,4.5,2.517551269150209,wheat,0.5594558375889354
2536,496.6207,-13.42754001416198,-5.857962810675602,Rural_Hawassa,12.550514,1752.4,-5.2,32.7,13.750000000000002,0.66,Silt,5.868295795978282,3.832856168020888e-07,1.7,1.1492948250838537,rice,0.6760557794610904
2537,858.7629,-4.456704784664373,-2.920954165494333,Rural_Kilimani,10.755398,926.5,-2.7,27.8,12.55,0.6,Rocky,6.280581257385228,0.2694921306079896,2.3,1.362130038516209,wheat,0.5922304515287865
2538,589.1799,-10.012224542560178,-1.587588277497929,Rural_Sokoto,9.556769,1879.1,-4.2,29.8,12.8,0.66,Silt,5.8258767846888615,0.1490006981999566,3.3,2.258728629034456,rice,0.6844632209195323
2539,752.39514,-8.06576506534121,-4.159723149274776,Rural_Hawassa,7.890817,1226.3,-3.3,29.5,13.1,0.61,Volcanic,4.867716981119925,0.0435424303020874,3.5,2.4360284124678775,tea,0.696008117847965
2540,768.20197,-5.574116706771559,-4.420990789490288,Rural_Kilimani,15.213778,631.6,-3.7,31.2,13.75,0.59,Sandy,5.858656529808501,0.239260484070616,1.8,0.955094232503052,maize,0.53060790694614
2541,227.08269,-12.580469686112984,-7.551697857589953,Rural_Akatsi,20.636148,1636.0,-7.7,34.5,13.4,0.68,Silt,6.735651202566619,0.0060694108583158,0.7,0.35497986434905066,wheat,0.5071140919272152
2542,699.34375,-10.012224542560178,-1.074062226039855,Rural_Sokoto,13.494208,2030.5,-3.1,29.7,13.3,0.69,Volcanic,4.09370609124497,0.169647927194902,1.4,1.019332897453647,tea,0.7280949267526051
2543,512.1681,-8.993937871607663,-6.200313511647651,Rural_Hawassa,2.077633,1270.3,-5.5,30.0,12.25,0.59,Peaty,5.04802999318059,0.0766611913250786,5.2,2.174247069763751,wheat,0.41812443649302905
2544,829.44183,-4.190868883840487,-3.006541840737346,Rural_Kilimani,17.537323,886.0,-3.0,32.0,14.5,0.61,Sandy,4.839151659318196,0.2759066865848484,1.4,0.6507685128966789,tea,0.4648346520690564
2545,622.5677,-5.2046498615587,-7.051685649591302,Rural_Amanzi,12.223663,457.1,-5.2,30.3,12.55,0.56,Loamy,5.420617312371602,0.4166819513080717,1.0,0.5185002073427459,maize,0.5185002073427459
2546,773.6662,-5.866986767001265,-7.713863979103029,Rural_Amanzi,15.165483,780.5,-3.6,29.4,12.9,0.6,Sandy,6.26309103678844,0.3991530223544827,0.6,0.30610259369671283,maize,0.5101709894945214
2547,771.04895,-4.781114697534202,-7.898553173048477,Rural_Amanzi,14.312172,693.0,-3.7,29.4,12.85,0.59,Sandy,5.525756109785281,0.3502001610831792,1.7,0.7996967068045445,wheat,0.47040982753208505
2548,730.41223,-8.64699949256632,-7.948103932399694,Rural_Akatsi,8.290631,1494.3,-3.5,31.3,13.9,0.63,Volcanic,4.8655300287945975,0.1063427105060614,3.2,1.465930579106794,banana,0.4581033059708731
2549,790.7131,-7.0790182470288165,-8.191353114669308,Rural_Amanzi,3.9250174,1130.4,-3.1,29.5,13.2,0.59,Sandy,5.526204768072303,0.1315881107878272,5.6,3.306792078298528,cassava,0.5904985854104514
2550,627.84076,-7.471013558413192,-4.565138453057466,Rural_Hawassa,14.918279,874.2,-4.8,29.5,12.35,0.6,Loamy,6.023358833654015,0.1037938519163545,1.2,0.7556447617909472,potato,0.6297039681591227
2551,770.5153,-7.786412084814414,1.4034757415210313,Rural_Sokoto,27.961243,1716.6,-2.7,28.5,12.9,0.71,Volcanic,4.116887456664566,0.1060528984442339,1.2,0.8637228307525362,tea,0.7197690256271135
2552,842.9489,-7.781906391580111,-8.101260824939821,Rural_Akatsi,17.119162,1375.5,-2.4000000000000004,27.3,12.45,0.65,Volcanic,5.328516893963684,0.0818596913517182,1.7,0.9020507999208621,cassava,0.5306181176005071
2553,516.84564,-9.165154214511183,-7.042676420618352,Rural_Akatsi,12.44031,1388.4,-5.3,33.7,14.2,0.64,Silt,5.315899027760641,0.0347532879576076,1.6,0.6378166994808554,banana,0.3986354371755346
2554,797.4335,-3.596117376912469,-3.348892541709396,Rural_Kilimani,15.147557,807.4,-3.3,29.7,13.2,0.6,Sandy,6.394153325504908,0.2937183260954289,1.4,0.5288006835680215,coffee,0.37771477397715825
2555,569.0318,-1.2801910544806407,-5.76336590645964,Rural_Kilimani,13.475519,319.9,-5.8,32.0,13.1,0.56,Loamy,4.832948057767549,0.116170222413906,0.5,0.2996761001217802,potato,0.5993522002435604
2556,723.3797,-9.24625669272864,-2.0425543406318374,Rural_Sokoto,9.125285,1787.4,-3.1,29.6,13.25,0.66,Volcanic,4.688449877871805,0.0783521031717928,3.8,3.207620595319081,tea,0.8441106829787056
2557,805.8681,-6.727574174753169,-7.583230158995273,Rural_Amanzi,5.657987,969.1,-3.1,29.0,12.95,0.58,Sandy,6.06931902527278,0.2879417705218948,2.7,1.410542068111581,wheat,0.5224229881894744
2558,499.45023,-14.0267972143243,-6.704830334132777,Rural_Hawassa,11.753131,1607.6,-5.0,32.0,13.5,0.65,Silt,7.419469088386161,1.9658373908332533e-08,3.9,1.8225468551706203,wheat,0.4673197064540052
2559,714.3485,-3.068951268498997,-0.6055823194465233,Rural_Kilimani,1.6410915,1307.1,-3.6,30.0,13.2,0.6,Volcanic,5.2931109884771,0.3342007415985639,7.6,5.159115195541851,tea,0.6788309467818225
2560,678.26263,-3.1996163722937894,-6.790418009375789,Rural_Kilimani,9.772014,452.3,-4.7,29.8,12.55,0.56,Sandy,5.274673086562219,0.1798739469406876,2.9,1.7316556338220936,potato,0.5971226323524461
2561,466.29382,-9.282302238603066,-7.002134890240083,Rural_Akatsi,15.290185,1354.9,-6.0,32.8,13.4,0.64,Silt,5.894470083173295,0.0357586770935248,0.8,0.5436395936187337,rice,0.6795494920234171
2562,620.0697,-8.137856157090061,-6.704830334132777,Rural_Akatsi,17.285624,1109.2,-4.7,32.6,13.95,0.63,Loamy,6.180203832050549,0.182449560103737,1.8,0.8665656898393824,coffee,0.48142538324410133
2563,679.4513,-3.5195205919293144,-6.6462703458086105,Rural_Kilimani,2.9116118,437.6,-4.7,31.5,13.4,0.53,Sandy,5.935760061417996,0.1868312633755815,11.5,6.615267945568114,potato,0.5752406909189665
2564,616.0327,-6.389647182180433,-2.3578773546850407,Rural_Hawassa,6.7327037,906.2,-4.9,31.2,13.15,0.58,Loamy,5.171485293985957,0.5893117879142579,3.4,1.8875901929143697,cassava,0.5551735861512852
2565,597.6708,-9.21922253332282,-4.731809189057017,Rural_Hawassa,23.084604,1437.1,-4.6,29.7,12.55,0.67,Silt,6.3924248602722535,0.0147594099961656,1.4,0.626487206521166,coffee,0.44749086180083286
2566,791.59863,-2.1407784622325448,-7.6553039907788625,Rural_Kilimani,16.566767,638.9,-3.5,29.3,12.9,0.59,Sandy,5.874179948638982,0.0453525126476498,1.4,0.8913425748541207,potato,0.6366732677529434
2567,631.57666,-6.6915286288787446,-0.294763919879794,Rural_Sokoto,9.864847,1292.4,-4.4,31.1,13.35,0.62,Silt,7.034021989896617,0.8430155370507375,4.1,1.565556792011467,wheat,0.38184312000279685
2568,314.16116,-13.197749659212516,-6.700325719646302,Rural_Hawassa,4.959965,1615.3,-7.0,33.5,13.25,0.63,Silt,6.851603307974981,1.6206936114228672e-06,3.9,2.118436890983163,rice,0.5431889464059392
2569,904.86835,-1.8614254817057496,-8.240903874020525,Rural_Kilimani,7.691845,825.2,-2.3,29.7,13.7,0.58,Rocky,4.531600747159257,0.0092521838614037,2.3,1.0225901613866901,tea,0.44460441799421313
2570,747.8454,-8.822721528704143,-8.00666392072386,Rural_Akatsi,16.993496,1616.8,-2.9000000000000004,29.0,13.05,0.67,Volcanic,4.014584721221436,0.1315400012297889,1.0,0.6779604511764992,tea,0.6779604511764992
2571,327.49228,-11.19722186318191,-6.605728815430342,Rural_Hawassa,3.9380064,1698.5,-6.8,33.3,13.249999999999998,0.63,Silt,6.413976061036236,0.0367235630470883,5.8,2.5808385063396733,banana,0.44497215626546094
2572,492.41513,-10.012224542560178,-4.493064621273877,Rural_Hawassa,29.356323,1592.9,-5.4,30.6,12.6,0.7,Silt,5.301861799550991,0.0416340753386967,2.0,1.3171278804673947,rice,0.6585639402336974
2573,621.91473,-1.3117309071207632,-3.1191572028992045,Rural_Kilimani,8.411795,793.4,-4.9,31.5,13.3,0.58,Loamy,5.782382343128176,0.0591522058421632,3.7,2.479694909765385,potato,0.670187813450104
2574,361.44595,-10.742146846517292,-5.686787460189577,Rural_Hawassa,11.934102,1663.0,-6.3,35.2,14.45,0.65,Silt,7.18788371078239,0.1520463860488812,1.2,0.40792205624041655,banana,0.3399350468670138
2575,883.553,-8.60644825345759,-8.074233138020976,Rural_Akatsi,4.704505,1679.3,-1.6999999999999993,28.5,13.4,0.63,Volcanic,4.546199201974496,0.1219812242559617,4.1,2.9238744850805674,tea,0.7131401183123336
2576,497.57162,-9.210211146854212,-6.452571922890214,Rural_Akatsi,11.941176,1345.1,-5.6,33.9,14.15,0.63,Silt,6.415692144508495,0.0638779183498509,1.2,0.6846725068678563,wheat,0.5705604223898803
2577,591.5621,-6.37162440924322,-3.826381677275675,Rural_Hawassa,12.320392,633.7,-5.3,31.2,12.95,0.58,Loamy,5.124157499401779,0.2265943132917824,1.8,1.1829297369112024,potato,0.6571831871728903
2578,779.7571,-2.947297551172813,-3.461507903871253,Rural_Kilimani,9.767875,794.9,-3.5,29.0,12.75,0.58,Sandy,5.442045679979215,0.2860916549019428,2.5,1.494658654729849,potato,0.5978634618919396
2579,401.7048,-11.278324341399369,-5.785888978892012,Rural_Hawassa,36.39574,1808.2,-5.7,32.8,13.55,0.74,Silt,6.950218204621939,0.0393021984038426,0.9,0.443089912095505,wheat,0.4923221245505611
2580,668.6341,-3.1725822128879706,-6.85348261218643,Rural_Kilimani,12.5736685,440.6,-4.8,29.5,12.35,0.56,Sandy,5.668426093086666,0.1708755944550285,0.7,0.3172373066026518,maize,0.4531961522895026
2581,741.81274,-4.952331040437722,-1.2001914316611362,Rural_Kilimani,9.1015,1147.3,-3.5,31.3,13.9,0.61,Sandy,5.131960703423315,0.8796909465835301,4.5,2.0393737751575727,cassava,0.45319417225723835
2582,646.2929,-9.719354482330472,-0.8488315017161374,Rural_Sokoto,8.251741,1936.4,-3.6,30.6,13.5,0.66,Volcanic,4.624075534287276,0.1841571123094363,4.1,3.521834497203474,tea,0.8589840237081645
2583,673.61237,-9.525609673255437,0.18722983017296,Rural_Sokoto,10.174681,1972.5,-3.4000000000000004,31.7,14.15,0.67,Volcanic,5.346899662468568,0.2678886777100065,4.0,3.2755640953458696,tea,0.8188910238364674
2584,720.2763,-9.426484422100769,-0.8127945858243428,Rural_Sokoto,18.441677,1942.0,-3.0,30.7,13.85,0.7,Volcanic,4.630034688016861,0.1454173663758338,0.8,0.42063341168026763,banana,0.5257917646003345
2585,675.4123,-1.6316351267562883,-3.0155510697102947,Rural_Kilimani,2.7223155,857.2,-4.4,28.9,12.25,0.57,Sandy,5.745558703791722,0.110229064296845,12.0,6.077149342056799,wheat,0.5064291118380666
2586,839.724,-4.65044959373941,-4.393963102571441,Rural_Kilimani,9.513002,660.3,-3.1,27.7,12.3,0.57,Rocky,4.500176804247852,0.236510636098422,4.8,2.47616364679407,wheat,0.5158674264154313
2587,722.1366,-6.164362520465273,-7.835488570237836,Rural_Amanzi,16.71714,795.6,-4.0,33.6,14.8,0.6,Sandy,5.399229892768294,0.346122492767456,1.3,0.7505501992068846,potato,0.5773463070822189
2588,405.97903,-10.805226551797537,-7.53818401413053,Rural_Hawassa,28.612423,1749.7,-6.0,31.3,12.65,0.71,Silt,6.479295021330028,0.0403038755717379,1.0,0.5252622601034516,wheat,0.5252622601034516
2589,760.5685,-5.240695407433124,-6.3850027055931,Rural_Kilimani,5.5622563,548.4,-3.9,31.1,13.6,0.55,Sandy,6.665122619359994,0.3225907152255352,2.3,1.3157594670780783,wheat,0.572069333512208
2590,160.7102,-11.913627087436115,-6.231845813052972,Rural_Hawassa,7.740634,1581.1,-8.4,33.9,12.75,0.64,Silt,5.631992757169126,0.0020644427825258,3.7,1.5841767818066024,banana,0.42815588697475737
2591,897.8891,-3.27170746404264,-4.159723149274776,Rural_Kilimani,36.51051,782.8,-2.4000000000000004,28.5,13.05,0.66,Sandy,6.365930290007594,0.1876882506786241,2.0,1.2102448786085014,wheat,0.6051224393042507
2592,222.65567,-12.841799893702568,-6.970602588834763,Rural_Hawassa,0.8810971,1587.0,-7.8,35.4,13.8,0.61,Peaty,4.461500326334655,9.327675780601442e-05,11.7,4.344679997294957,banana,0.37134017070897074
2593,267.79776,-13.96822320227836,-7.421064037482197,Rural_Hawassa,3.145321,1356.1,-7.6,30.4,11.4,0.6,Peaty,5.274824344903154,5.2401054354230414e-08,9.9,4.03340799370557,banana,0.4074149488591484
2594,739.0474,-8.07928214504412,-2.713741899116513,Rural_Hawassa,17.702763,1397.0,-3.2,30.1,13.45,0.65,Volcanic,4.252361180089388,0.1281099269075809,1.3,0.472291805995445,cassava,0.3633013892272654
2595,698.75085,-8.64699949256632,-1.2722652634447251,Rural_Sokoto,10.388176,1689.3,-3.3,29.8,13.25,0.65,Volcanic,5.315441204365124,0.1003650544210018,4.0,2.188982090581972,banana,0.547245522645493
2596,657.79865,-2.519256693914011,-4.384953873598493,Rural_Kilimani,5.966681,525.4,-4.8,32.3,13.749999999999998,0.55,Sandy,6.488335267603152,0.1194370792836248,3.0,1.6131878218752662,maize,0.5377292739584221
2597,808.33307,-8.043236599169695,-1.5335329036602368,Rural_Sokoto,0.33568883,1608.2,-2.5,29.3,13.4,0.61,Volcanic,5.376828887239835,0.2909629064511105,6.1,2.78863391603586,coffee,0.45715310098948525
2598,259.9233,-13.75645562026611,-7.488633254779311,Rural_Hawassa,2.614156,1416.3,-7.6,34.7,13.55,0.61,Peaty,5.765707401192056,5.602695808878525e-07,10.6,7.094062048111521,rice,0.6692511366142945
2599,752.2101,-6.020180336967572,-4.605679983435736,Rural_Hawassa,17.961304,655.9,-3.9,30.0,13.05,0.6,Sandy,6.007609240188515,0.2288102254201664,0.7,0.39329987583631526,wheat,0.5618569654804504
2600,616.1787,-5.839952607595446,-0.6551330787977412,Rural_Sokoto,9.475203,1124.8,-4.8,33.6,14.4,0.61,Loamy,6.215397124204408,0.935428416045895,3.8,1.0564836465829166,coffee,0.2780220122586623
2601,551.7207,-1.0729291657026945,-2.9569910813861275,Rural_Kilimani,26.754393,772.3,-5.6,31.6,13.0,0.63,Loamy,5.415508451968867,0.0375645736111685,1.8,1.2148277622845394,potato,0.6749043123802996
2602,524.7084,-9.214716840088515,-3.083120287007409,Rural_Hawassa,12.695441,1467.1,-5.2,33.0,13.9,0.64,Silt,7.111894446188186,0.0077546426368141,1.9,0.9924040023302065,wheat,0.5223178959632666
2603,673.2809,-9.0480061904193,-1.4974959877684422,Rural_Sokoto,5.2837014,1737.0,-3.6,32.8,14.599999999999998,0.64,Volcanic,4.890229574460582,0.0547081530872724,3.7,3.161289902762878,tea,0.8544026764223994
2604,766.13586,-6.299533317494369,-0.5290038731764597,Rural_Sokoto,16.630035,1353.5,-3.1,30.2,13.55,0.65,Volcanic,4.359450550664866,0.9275065639487888,0.9,0.4031164519998441,tea,0.4479071688887156
2605,434.54434,-5.195638475090092,0.1647067577405885,Rural_Kilimani,7.2028627,1011.7,-6.4,33.0,13.3,0.59,Loamy,4.8365478106174455,0.8043315429900048,4.8,2.1512705703683466,potato,0.4481813688267389
2606,662.8982,-9.165154214511183,-5.096682962461438,Rural_Hawassa,18.303444,1477.8,-3.9,28.2,12.15,0.66,Volcanic,4.869434994378225,0.0325539885783735,1.7,0.7001684962710109,cassava,0.4118638213358887
2607,665.3068,-8.182913089433093,-4.569643067543941,Rural_Hawassa,8.381401,1151.9,-4.2,29.3,12.55,0.61,Sandy,5.7199851575331655,0.0740945369671945,4.2,1.835385067658736,coffee,0.4369964446806514
2608,717.6075,-3.6411743092555007,-0.3127823778256913,Rural_Kilimani,7.7360935,1313.7,-3.6,31.4,13.9,0.62,Volcanic,4.859199119895256,0.5129600586291646,2.4,0.7668976795182055,banana,0.3195406997992523
2609,344.50748,-9.953650530514238,-3.830886291762149,Rural_Hawassa,7.335662,1454.0,-6.8,33.4,13.3,0.62,Silt,5.571850869672481,0.0523403370565886,4.9,1.9428987593808404,banana,0.39650995089404906
2610,546.5886,-5.569611013537255,-8.245408488507,Rural_Amanzi,14.253454,583.5,-5.8,28.4,11.3,0.58,Loamy,6.469157953936678,0.2177872447758749,0.5,0.3616608932528373,wheat,0.7233217865056746
2611,792.76776,-5.357843431525007,-7.713863979103029,Rural_Amanzi,15.039469,733.9,-3.4000000000000004,30.9,13.75,0.59,Sandy,6.032258973004914,0.4100431691989193,1.9,0.9605910697006035,maize,0.505574247210844
2612,661.896,-8.719090584315168,-5.875981268621499,Rural_Hawassa,37.83779,1319.6,-4.1,32.6,14.25,0.71,Volcanic,5.398599305508472,0.1250488684371811,1.0,0.7397261706034138,tea,0.7397261706034138
2613,702.9737,-3.244673304636821,-0.920905333499727,Rural_Kilimani,7.9907837,1231.4,-3.8,28.3,12.25,0.61,Volcanic,5.141134031536316,0.4185837040624307,2.0,1.2895977944643113,tea,0.6447988972321557
2614,787.0904,-9.093063122762333,-2.2677850649555538,Rural_Hawassa,6.586885,1787.5,-2.5,27.4,12.45,0.65,Volcanic,5.674887515447516,0.0379318835177758,3.8,2.1832053910785825,coffee,0.5745277344943638
2615,762.3753,-8.394680671445341,-1.0335206956615857,Rural_Sokoto,27.640066,1707.8,-2.8,31.9,14.55,0.71,Volcanic,4.932523132604785,0.1526293750077809,1.8,1.4273348962198198,tea,0.7929638312332332
2616,706.6331,-8.09279922474703,-5.767870520946115,Rural_Hawassa,11.767432,1138.4,-3.8,30.8,13.5,0.61,Sandy,5.733295165917861,0.3081694927451227,1.2,0.6763211929884084,cassava,0.563600994157007
2617,667.3068,-3.154559439950757,-6.772399551429893,Rural_Kilimani,8.299912,433.6,-4.8,31.3,13.25,0.55,Sandy,5.381596564629793,0.184873492780949,3.1,1.8520907213260982,potato,0.5974486197826123
2618,616.87726,-5.97512340462454,-2.763292658467732,Rural_Hawassa,9.545529,771.9,-5.0,34.1,14.55,0.58,Loamy,6.539458396718025,0.4296974401753439,2.1,1.3856636225167982,wheat,0.6598398202460943
2619,822.3276,-5.019916438952269,-6.200313511647651,Rural_Kilimani,47.439007,587.2,-3.3,31.0,13.85,0.68,Sandy,6.372632053764529,0.3129346507852354,0.7,0.381902826114096,potato,0.54557546587728
2620,745.1253,-5.497519921788404,-6.096707378458741,Rural_Kilimani,9.559866,543.5,-4.0,30.5,13.25,0.56,Sandy,5.617256668433474,0.3031732171414734,4.2,1.9387115984751377,maize,0.46159799963693754
2621,483.6861,-10.557413423910862,-9.209395988612508,Rural_Akatsi,11.479601,1867.5,-5.4,30.3,12.45,0.67,Silt,6.09865275047955,0.0677957449608784,2.9,1.6094974092937344,banana,0.5549991066530119
2622,1003.9437,-4.80814885694002,-4.011070871221123,Rural_Kilimani,31.183237,884.2,-1.4000000000000004,30.1,14.35,0.66,Sandy,6.335476811137808,0.2136922606620261,0.8,0.4822133522863708,wheat,0.6027666903579635
2623,286.16055,-11.454046377537193,-6.659784189268033,Rural_Hawassa,3.3070855,1691.1,-7.1,34.9,13.9,0.63,Silt,6.327072774444615,0.0127697338609439,12.2,6.200173487906894,wheat,0.5082109416317127
2624,863.8275,-4.3756023064469165,-4.988572214786054,Rural_Kilimani,26.536106,628.8,-2.9000000000000004,30.1,13.6,0.62,Sandy,4.98084590120241,0.2564141119856156,1.2,0.7256101717595349,potato,0.6046751431329458
2625,563.693,-14.080865533135938,-6.6462703458086105,Rural_Hawassa,4.417729,1624.6,-4.7,31.2,13.25,0.63,Silt,6.8805935366127216,1.6437061855494485e-08,4.3,1.9088684905220423,coffee,0.443922904772568
2626,740.23035,-10.22849781780673,-0.18665317220441,Rural_Sokoto,13.653618,2160.0,-2.6,31.2,14.3,0.7,Volcanic,5.661172422042658,0.3829678213304043,1.0,0.62329133878123,coffee,0.62329133878123
2627,781.76935,-4.172846110903274,-1.7002036396597873,Rural_Kilimani,4.6262174,1112.6,-3.2,30.7,13.75,0.59,Sandy,4.971293975012771,0.6535140446308425,3.2,1.499973082090851,cassava,0.4687415881533909
2628,566.5939,-7.434968012538767,-1.2812744924176742,Rural_Sokoto,2.2459164,1237.5,-5.0,27.6,11.3,0.59,Peaty,5.824870079401689,0.5631763246807907,7.7,2.801242263887143,wheat,0.36379769660871986
2629,807.4732,-4.501761717007405,-2.330849667766195,Rural_Kilimani,8.137842,995.0,-3.1,29.1,13.0,0.59,Sandy,6.620001231420743,0.4433125265355027,3.6,1.8076284456011684,wheat,0.5021190126669912
2630,596.68976,-8.69205642490935,-3.911969352518688,Rural_Hawassa,27.655796,1297.3,-4.7,28.1,11.7,0.68,Silt,5.33630797279427,0.016194378919236,0.6,0.3049541425958317,cassava,0.5082569043263861
2631,770.8729,-6.123811281356545,-7.294934831860915,Rural_Amanzi,9.357562,763.6,-3.6,29.2,12.8,0.58,Sandy,5.165911345310222,0.4800490291199424,2.5,1.3787011952735453,potato,0.5514804781094181
2632,280.11966,-14.05383137373012,-7.5742209300223236,Rural_Hawassa,2.1236546,1339.1,-7.5,32.4,12.45,0.6,Peaty,4.38764200909187,3.296131851302705e-08,10.6,3.935501137002751,wheat,0.37127369217007083
2633,503.7561,-5.695770424097745,-1.0200068522021624,Rural_Kilimani,28.429384,952.4,-5.9,29.9,12.0,0.65,Loamy,6.07563963413556,0.912896983703679,0.9,0.4310407173221175,wheat,0.4789341303579083
2634,524.927,-11.228761715822031,-9.227414446558406,Rural_Akatsi,2.6370242,2010.0,-4.7,29.5,12.4,0.65,Silt,5.944858203238324,0.0384901380428915,5.5,3.0765038016908073,coffee,0.5593643275801468
2635,753.41125,-4.213397350012002,-1.5965975064708775,Rural_Kilimani,12.724288,1102.2,-3.5,28.7,12.6,0.61,Sandy,6.087687566721749,0.6936506158459854,0.6,0.23299401682311222,wheat,0.3883233613718537
2636,891.8641,-3.672714161895623,-6.488608838782009,Rural_Kilimani,15.068937,650.4,-2.6,28.8,13.1,0.59,Rocky,4.844718491572782,0.2012872320370581,1.9,0.9579116282158124,wheat,0.5041640148504276
2637,832.58813,-4.4386820117271615,-5.457052121379386,Rural_Kilimani,2.4428296,573.1,-3.2,27.0,11.9,0.54,Sandy,5.260092289244834,0.2751016436058128,11.4,7.120971392318829,potato,0.6246466133613008
2638,725.24194,-8.106316304449939,-1.956966665388825,Rural_Sokoto,12.198813,1476.2,-3.4000000000000004,32.1,14.35,0.64,Volcanic,3.736930439189608,0.2441281499142762,1.3,0.7784470906768951,tea,0.5988054543668424
2639,611.4797,-7.358371227555613,-5.285876770893361,Rural_Hawassa,7.2362785,793.2,-5.0,30.8,12.9,0.57,Loamy,6.060166104321038,0.2285799384251959,2.4,1.4777963107847758,potato,0.6157484628269899
2640,962.22797,-2.5553022397884373,-8.258922331966422,Rural_Kilimani,66.348976,900.6,-1.6999999999999993,28.5,13.4,0.77,Sandy,5.502132184454668,0.0179037822119423,1.8,0.7622469271815878,tea,0.42347051510088213
2641,780.3289,-7.908065802140599,1.263832692440327,Rural_Sokoto,5.037458,1760.3,-2.5,30.2,13.85,0.64,Volcanic,5.541497178533784,0.106569846798861,3.5,2.1361776855134407,banana,0.6103364815752688
2642,387.27988,-10.471805252459102,-5.15073833629913,Rural_Hawassa,17.936182,1596.6,-6.3,31.1,12.4,0.67,Silt,6.420581476669285,0.0718059453513109,1.7,0.8710254881434717,coffee,0.5123679342020422
2643,744.337,-11.449540684302889,0.3674144096319336,Rural_Sokoto,9.719498,2299.3,-2.4000000000000004,28.6,13.1,0.7,Volcanic,5.303773521295856,0.2284352489146565,3.4,2.399850336731551,tea,0.7058383343328091
2644,807.03033,-10.922374575889418,-0.227194702582679,Rural_Sokoto,2.8885198,2318.4,-1.9000000000000004,27.4,12.75,0.68,Volcanic,5.591825152522672,0.3495421021626458,8.9,4.9009205341890505,banana,0.5506652285605674
2645,642.2866,-7.295291522275368,-3.2182587216016394,Rural_Hawassa,6.9011645,983.2,-4.6,30.5,12.95,0.59,Sandy,6.255587996765975,0.1589038917349413,2.9,1.554254656558195,wheat,0.5359498815717914
2646,807.3326,-4.668472366676623,-1.3938898545795324,Rural_Kilimani,2.9019651,1183.0,-2.9000000000000004,30.0,13.55,0.59,Sandy,6.731392068322155,0.8244962459383317,6.5,1.1096623072517515,coffee,0.17071727803873102
2647,877.13257,-2.1633069284040616,-8.475143827317192,Rural_Kilimani,27.86579,835.9,-2.6,31.0,14.2,0.64,Sandy,4.866444042984484,0.0083756527272775,1.1,0.5086072227776799,tea,0.4623702025251635
2648,591.8859,-10.030247315497393,-1.267760648958251,Rural_Sokoto,12.312184,1908.7,-4.2,29.6,12.7,0.67,Silt,5.96779988162399,0.1365351887048284,1.9,0.9668311859020322,coffee,0.5088585188958065
2649,819.46216,-5.438945909742463,-4.44351386192266,Rural_Kilimani,0.9547597,670.0,-3.2,32.1,14.45,0.55,Sandy,5.085199021863796,0.245481012061676,9.5,5.746861638343392,potato,0.6049328040361466
2650,673.04846,-9.73287156203338,-1.1551452867963927,Rural_Sokoto,4.6786423,1937.3,-3.4000000000000004,31.0,13.8,0.65,Volcanic,4.189830101620915,0.1229835329304225,5.0,3.982962264073971,tea,0.7965924528147942
2651,841.85345,-2.4381542156965548,-8.407574610020076,Rural_Kilimani,11.13453,794.4,-2.9000000000000004,28.8,12.95,0.59,Rocky,4.524565805761067,0.0125520671935986,2.4,1.2141863479716528,potato,0.505910978321522
2652,663.87366,-9.264279465665853,-5.168756794245028,Rural_Hawassa,20.58776,1512.8,-3.9,28.9,12.5,0.67,Volcanic,5.571794571300372,0.0320171418029228,1.2,0.6404903279765438,banana,0.5337419399804532
2653,424.9747,-0.352018248214188,-3.957015497383431,Rural_Kilimani,3.026313,402.8,-7.1,32.2,12.55,0.53,Loamy,5.3310590132063975,0.0033460326003063,6.2,3.664943155443314,wheat,0.5911198637811796
2654,751.99036,-3.8979988236107808,-0.4839577283117162,Rural_Kilimani,4.2007804,1311.8,-3.3,30.5,13.6,0.6,Volcanic,5.056364285652835,0.6294878834999275,2.2,1.1847049122748845,tea,0.5385022328522202
2655,354.40182,-11.58020578809768,-8.596768418451997,Rural_Akatsi,3.9920022,1826.5,-6.4,32.4,13.0,0.64,Silt,6.155852174453615,0.2341174627909362,6.7,3.600492051946465,coffee,0.5373868734248455
2656,830.40497,-7.736849459237079,-7.844497799210784,Rural_Akatsi,13.681466,1314.4,-2.6,31.0,14.2,0.63,Volcanic,4.394151585762014,0.0569848051718354,0.9,0.5759184808538761,tea,0.6399094231709734
2657,828.80084,-8.020708132998179,0.2457898184971265,Rural_Sokoto,1.3338884,1797.0,-2.1,26.2,12.05,0.63,Volcanic,5.483677268367148,0.2055328378579185,6.2,4.785928827720038,tea,0.7719240044709738
2658,637.128,-6.123811281356545,-6.578701128511496,Rural_Amanzi,7.8146133,552.2,-5.0,33.1,14.05,0.56,Sandy,6.25473222587304,0.2918584851796646,4.4,2.3261998060776254,potato,0.5286817741085512
2659,483.69226,-10.124866873417758,-4.880461467110671,Rural_Hawassa,2.2254252,1609.2,-5.4,32.2,13.400000000000002,0.62,Silt,6.826982427534175,0.0404804218894475,10.2,4.757874095946326,coffee,0.4664582447006202
2660,713.31793,-14.635065800955228,-6.0561658480804725,Rural_Hawassa,4.7556705,1566.7,-3.5,33.1,14.8,0.63,Volcanic,4.930893508079666,5.441503185570843e-09,4.2,1.7861264021434993,cassava,0.42526819098654745
2661,442.10123,-9.291313625071671,-7.182319469699057,Rural_Akatsi,5.14039,1360.1,-6.0,33.2,13.6,0.61,Peaty,4.154598179113807,0.0363118667417264,4.5,1.5941046546857804,cassava,0.3542454788190623
2662,746.32446,-8.32258957969649,-3.7002524716543936,Rural_Hawassa,9.826221,1346.9,-3.3,31.4,14.05,0.62,Volcanic,5.514051263897426,0.0283061542660593,4.9,2.6288576169602007,cassava,0.5365015544816736
2663,341.0809,-11.287335727867974,-8.529199201154883,Rural_Akatsi,6.3056087,1791.6,-6.6,32.5,12.95,0.65,Silt,6.40697099568626,0.240734794764404,2.2,1.170538010246983,coffee,0.5320627319304467
2664,663.1794,-7.489036331350404,-3.65520632678965,Rural_Hawassa,3.3629873,1001.6,-4.4,30.4,13.0,0.58,Sandy,5.778098359670891,0.0834057129385814,6.1,3.012539912839405,wheat,0.4938590021048205
2665,270.47818,-12.724651869610684,-7.63278091834649,Rural_Akatsi,2.7423975,1652.3,-7.4,35.0,13.8,0.63,Silt,7.370440046002361,0.0035874392249211,10.2,3.2229631961405674,banana,0.3159767839353498
2666,817.8994,-4.533301569647527,-3.4750217473306773,Rural_Kilimani,16.349483,775.9,-3.2,29.3,13.05,0.6,Sandy,6.051772176093214,0.2085037649357922,1.2,0.6554702136256122,maize,0.5462251780213435
2667,332.97168,-11.044028293215604,-7.002134890240083,Rural_Hawassa,10.393044,1692.7,-6.7,32.7,13.000000000000002,0.65,Silt,6.7549798631823,0.0262479717578977,3.0,1.6560693410297866,rice,0.5520231136765955
2668,763.6395,-3.095985427904816,-3.9975570277617,Rural_Kilimani,3.7412024,674.2,-3.7,27.8,12.05,0.55,Sandy,5.4653304831865,0.1990624106473808,5.3,3.319820730139525,potato,0.6263812698376462
2669,411.9209,-12.413759036443766,-8.853531444181035,Rural_Akatsi,1.4827442,1866.2,-5.9,31.3,12.7,0.64,Silt,5.523919573041551,0.0192552503772591,8.9,4.550255969718397,banana,0.5112647156986962
2670,744.57043,-7.344854147852703,-7.038171806131879,Rural_Akatsi,12.129743,1009.4,-3.6,28.1,12.25,0.61,Sandy,5.855613134744882,0.154323742554379,0.5,0.2534054171787026,wheat,0.5068108343574051
2671,580.27356,-6.277004851322852,-2.8714034061431155,Rural_Hawassa,6.0390015,756.2,-5.3,32.6,13.65,0.57,Loamy,5.499896716740021,0.4899195869986462,4.8,2.9417554314839913,potato,0.6128657148924982
2672,780.9979,-5.465980069148284,-4.930012226461888,Rural_Kilimani,14.433042,591.7,-3.7,26.9,11.6,0.58,Sandy,5.035808504866522,0.2833893277346642,1.1,0.6562279328603102,potato,0.5965708480548274
2673,477.6173,-8.64699949256632,-2.754283429494783,Rural_Hawassa,22.357544,1264.9,-5.9,32.3,13.2,0.66,Silt,6.880998663741535,0.0393810838899161,1.2,0.45578663024735194,cassava,0.3798221918727933
2674,680.0387,-9.282302238603066,0.038577552119307,Rural_Sokoto,8.429983,1903.7,-3.5,30.5,13.5,0.66,Volcanic,4.680212506315559,0.2124133612935898,4.2,2.082596810851359,banana,0.49585638353603784
2675,376.0883,-12.77421449518802,-8.430097682452448,Rural_Akatsi,11.200407,1774.7,-6.3,32.3,12.999999999999998,0.66,Silt,6.587721697462249,0.006473167799069,4.4,2.2906615205808016,wheat,0.5206048910410912
2676,740.4969,-10.336634455430008,-0.8533361162026118,Rural_Sokoto,42.022205,2147.0,-2.6,29.7,13.55,0.78,Volcanic,4.003488778601944,0.256604034531061,1.8,1.1592211960513517,tea,0.6440117755840843
2677,631.58026,-2.244409406621518,-4.26783389695016,Rural_Kilimani,5.806273,525.9,-5.1,31.1,13.0,0.55,Loamy,6.482767518296435,0.1002776289330806,2.7,1.6208448470703538,potato,0.6003129063223532
2678,769.51416,-8.16489031649588,-7.749900894994824,Rural_Akatsi,4.4909444,1376.9,-3.1,31.6,14.25,0.61,Volcanic,5.040024800435297,0.0568462261838576,3.3,1.5587500235107214,cassava,0.4723484919729459
2679,627.5908,-6.5203122859752245,-0.1911577866908842,Rural_Sokoto,9.880375,1274.4,-4.4,31.3,13.45,0.62,Silt,7.143433295587037,0.9122099259123962,3.9,1.4021672328032215,wheat,0.35953005969313373
2680,462.4821,-9.71484878909617,-3.348892541709396,Rural_Hawassa,15.663707,1532.9,-5.7,34.3,14.3,0.66,Silt,5.243775206233985,0.0081503227628254,2.0,1.3000739363506324,rice,0.6500369681753162
2681,653.147,-8.773158903126808,-2.4659881023604253,Rural_Hawassa,7.292393,1529.9,-4.0,31.5,13.75,0.63,Volcanic,4.180700372928877,0.0421628782766252,3.4,1.1590856194402208,cassava,0.3409075351294767
2682,514.3173,-6.718562788284563,-3.7182709296002914,Rural_Hawassa,16.435242,638.4,-6.0,30.6,12.3,0.59,Loamy,6.29927168983144,0.1986215661020722,0.9,0.6018332986394151,maize,0.6687036651549056
2683,767.642,-2.8346552203152324,-3.398443301060613,Rural_Kilimani,7.2590175,800.2,-3.6,30.1,13.25,0.58,Sandy,6.224964711236205,0.2894728259892266,3.4,1.7907226068783493,maize,0.5266831196701027
2684,953.9731,-4.217903043246306,-4.448018476409134,Rural_Kilimani,32.24399,775.9,-1.9000000000000004,29.1,13.6,0.65,Sandy,4.515344422959318,0.2209870746924353,0.6,0.24430598833926115,tea,0.40717664723210195
2685,642.36774,-5.848963994064052,0.8899496900629569,Rural_Sokoto,8.905738,1293.7,-4.3,27.6,11.65,0.62,Volcanic,5.971244616548356,0.6445250625649093,4.1,1.526728220576512,banana,0.3723727367259786
2686,442.03998,-0.9918266874852382,-4.20476929413952,Rural_Kilimani,5.81311,372.6,-6.9,30.3,11.7,0.54,Loamy,5.751145263445807,0.0144052894835685,4.7,2.8149871505200914,maize,0.5989334362808705
2687,393.08252,-10.643021595362622,-6.353470404187779,Rural_Hawassa,14.442759,1674.7,-6.1,33.4,13.65,0.66,Silt,6.885599644821197,0.1971661554671834,0.5,0.24312640588493067,wheat,0.48625281176986135
2688,432.39032,-10.629504515659711,-5.416510591001116,Rural_Hawassa,22.932802,1682.7,-5.8,31.0,12.6,0.69,Silt,5.239971847675998,0.1140602235218241,1.0,0.4275486689514618,cassava,0.4275486689514618
2689,687.38434,-7.290785829041066,-8.371537694128282,Rural_Akatsi,4.98722,1107.1,-4.0,27.9,11.95,0.59,Sandy,5.287005399153398,0.2060217054951296,3.5,1.9140544356353382,cassava,0.5468726958958109
2690,632.80566,-7.507059104287618,-0.9749607073374188,Rural_Sokoto,7.3318453,1364.5,-4.3,30.9,13.3,0.62,Silt,6.987210239244233,0.4959081859434061,3.6,0.9794584192713655,coffee,0.27207178313093483
2691,373.14703,-10.530379264505044,-4.718295345597594,Rural_Hawassa,22.085367,1613.2,-6.4,32.7,13.150000000000002,0.68,Silt,6.700387609458344,0.078491785569588,1.7,1.0068991394328248,rice,0.5922936114310734
2692,609.2527,-5.407406057102342,-1.956966665388825,Rural_Hawassa,3.783529,873.6,-5.0,28.8,11.9,0.57,Loamy,5.343948586213015,0.7493468390979279,8.3,4.592562114856954,potato,0.5533207367297535
2693,661.4193,-8.385669284976736,-7.09222717996957,Rural_Akatsi,6.7529154,1260.0,-4.2,32.1,13.95,0.61,Volcanic,4.817565864475826,0.0731713400737297,3.4,2.5263718157540023,tea,0.7430505340452949
2694,482.94696,-1.1405145642172432,-4.556129224084518,Rural_Kilimani,2.4693687,352.8,-6.6,32.3,12.849999999999998,0.53,Loamy,5.413313839637371,0.0209122193381668,7.7,5.045860699732954,potato,0.6553065843809031
2695,718.63855,-7.51156479752192,-3.362406385168818,Rural_Hawassa,28.769203,1102.9,-3.8,29.7,12.95,0.66,Sandy,4.767584892963959,0.1067575837266386,0.5,0.2487994810033514,cassava,0.4975989620067028
2696,776.1187,-6.213925146042609,0.4710205428208434,Rural_Sokoto,23.022354,1446.3,-2.9000000000000004,29.2,13.15,0.67,Volcanic,5.594348321329331,0.8563985611679209,1.9,0.5848967001358673,coffee,0.30784036849256174
2697,724.333,-9.255268079197249,-1.7902959293892742,Rural_Sokoto,14.10013,1814.3,-3.1,27.1,12.0,0.67,Volcanic,4.182404238651817,0.0738152846189549,1.6,1.2723209390718235,tea,0.7952005869198897
2698,828.9181,-2.6138762518343786,-0.9073914900403042,Rural_Kilimani,1.0693756,1414.5,-2.5,28.6,13.05,0.6,Volcanic,5.090060874863797,0.2109963063744373,5.3,3.573327084886509,tea,0.6742126575257564
2699,658.74805,-6.322061783665884,-6.86249184115938,Rural_Amanzi,28.50939,638.7,-4.7,27.7,11.5,0.63,Sandy,5.509418843176223,0.3480189714071872,1.6,0.9456148297103399,potato,0.5910092685689624
2700,758.96265,-3.4158896475403413,-6.529150369160278,Rural_Kilimani,15.452657,514.4,-3.9,33.0,14.55,0.58,Sandy,5.808503872359527,0.2002689609227897,1.5,0.9149450202290962,potato,0.6099633468193975
2701,827.4604,-10.48532233216201,0.5791312904962276,Rural_Sokoto,8.846164,2321.2,-1.5999999999999996,26.2,12.3,0.69,Volcanic,5.787552130519143,0.2681079796275729,2.0,1.1959857765921127,tea,0.5979928882960563
2702,783.00726,-9.8995822117026,-1.9074159060376068,Rural_Sokoto,4.300935,2031.7,-2.3,31.3,14.5,0.66,Volcanic,4.507957124927593,0.3003826980672862,2.0,1.4517570996514928,tea,0.7258785498257464
2703,583.9455,-6.682517242410137,-1.425422155984853,Rural_Sokoto,5.239395,1084.6,-5.0,30.8,12.9,0.59,Loamy,5.7765048745437175,0.8025474196631268,4.3,2.4530163489114627,cassava,0.5704689183515029
2704,809.7104,-1.1315031777486355,-1.718222097605685,Rural_Kilimani,10.333497,1363.7,-2.7,30.5,13.9,0.63,Volcanic,5.384147722122633,0.0328791102259362,2.2,1.499800957340014,tea,0.6817277078818245
2705,328.88544,-13.34193184271022,-6.903033371537648,Rural_Hawassa,6.2095933,1600.6,-6.9,32.9,13.0,0.63,Silt,5.570135250962656,1.7259285885009056e-06,3.1,1.312311058876889,banana,0.42332614802480284
2706,1000.59503,-4.30801690793237,-4.020080100194072,Rural_Kilimani,17.5856,880.3,-1.4000000000000004,28.4,13.5,0.61,Rocky,4.663212207303279,0.2115267243636167,2.0,0.9950461601346475,potato,0.49752308006732376
2707,756.2342,-3.1095025076077256,-0.9929791652833162,Rural_Kilimani,3.1460683,1283.6,-3.3,29.1,12.9,0.6,Volcanic,5.541285446692439,0.3695357852764032,9.6,4.987965845498289,cassava,0.5195797755727385
2708,764.90765,-2.4426599089308585,-0.7272069105813304,Rural_Kilimani,11.875835,1394.8,-3.1,31.1,14.0,0.63,Volcanic,3.8927127031257793,0.166341019891732,0.7,0.4155249335862867,tea,0.5936070479804096
2709,631.81134,-8.813710142235536,-1.132622214364021,Rural_Sokoto,20.989578,1669.2,-4.0,30.8,13.4,0.68,Silt,6.28862395634413,0.0832033031929669,0.9,0.4678214321187512,banana,0.5198015912430569
2710,467.1498,-10.21047504486952,-5.366959831649899,Rural_Hawassa,2.060296,1601.6,-5.7,32.7,13.500000000000002,0.62,Silt,6.457980023565805,0.133394137972138,5.7,2.517381665997771,banana,0.4416459063153984
2711,706.32367,-7.385405386961432,-0.8713545741485091,Rural_Sokoto,9.432994,1428.4,-3.6,31.0,13.7,0.63,Volcanic,5.111092198551837,0.5392632944233197,3.1,1.9221580873659176,tea,0.6200509959244895
2712,316.45935,-11.179199090244698,-7.290430217374442,Rural_Hawassa,33.361362,1704.9,-6.9,32.8,12.95,0.72,Silt,6.850051675885507,0.0326597346655991,0.9,0.44735432940509007,wheat,0.4970603660056556
2713,610.61786,-7.389911080195735,-5.389482904082271,Rural_Hawassa,20.153938,800.8,-5.0,29.1,12.05,0.62,Loamy,5.622612739030604,0.2551417197619975,1.4,0.9094145539855195,potato,0.6495818242753711
2714,736.4528,-3.902504516845085,-2.94798185241318,Rural_Kilimani,10.162993,811.9,-3.9,28.8,12.45,0.58,Sandy,6.1582106864420645,0.3163996060948507,3.6,1.9077040441448347,potato,0.5299177900402319
2715,846.6089,-2.1452841554668485,-1.6146159644167752,Rural_Kilimani,2.8069158,1333.0,-2.4000000000000004,28.5,13.05,0.6,Volcanic,4.472517988718972,0.1568208049010889,8.5,3.7097536822410375,cassava,0.4364416096754162
2716,681.8059,-7.998179666826663,-1.9884989667941453,Rural_Sokoto,8.82224,1396.7,-3.8,31.2,13.7,0.62,Volcanic,4.467409492068972,0.2841044368037974,4.1,1.517380277242761,cassava,0.3700927505470149
2717,597.1909,-1.942527959923206,-5.912018184513293,Rural_Kilimani,7.268602,345.6,-5.6,31.8,13.1,0.54,Loamy,4.895960709057133,0.2981827624903576,2.8,1.6478345439872457,potato,0.5885123371383021
2718,315.20956,-13.396000161521856,-6.704830334132777,Rural_Hawassa,1.6326679,1572.4,-7.0,32.1,12.55,0.62,Silt,6.708209481255592,4.4006832980814034e-07,13.6,7.091222580671052,wheat,0.5214134250493421
2719,720.0914,-4.506267410241708,-7.844497799210784,Rural_Kilimani,12.3300905,619.5,-4.2,29.4,12.6,0.58,Sandy,6.405853672889254,0.3018148451139888,1.4,0.7358307189953891,potato,0.5255933707109922
2720,519.6802,-10.102338407246242,-4.466036934355032,Rural_Hawassa,4.8123055,1648.4,-5.1,34.2,14.55,0.63,Silt,6.937254696895607,0.059464553934184,3.6,1.6055187958920647,coffee,0.4459774433033513
2721,788.6999,-9.187682680682698,-2.2993173663608744,Rural_Hawassa,9.122629,1807.7,-2.5,27.9,12.7,0.66,Volcanic,4.178433684868507,0.0448298030114503,2.7,2.0565825107954767,tea,0.7616972262205468
2722,465.10025,-7.35386553432131,-1.4974959877684422,Rural_Sokoto,6.821444,1081.4,-6.1,29.8,11.85,0.59,Loamy,6.497122325641044,0.6122954272951383,4.1,1.5361879315629208,coffee,0.3746799833080295
2723,780.0634,-9.444507195037978,-2.0380497261453625,Rural_Sokoto,7.9735,1900.4,-2.5,29.1,13.3,0.66,Volcanic,4.094069943783504,0.1734100878932506,2.0,1.4739778217419472,tea,0.7369889108709736
2724,731.78156,-2.415625749525038,-3.907464738032213,Rural_Kilimani,3.2632926,684.9,-4.0,29.9,12.95,0.55,Sandy,5.780994590559385,0.152877664730457,12.2,6.5682345838034975,wheat,0.5383798839183195
2725,375.02054,-13.32841476300731,-6.736362635538097,Rural_Hawassa,8.436683,1651.5,-6.4,32.4,13.0,0.64,Silt,7.316432581128174,7.983551908088527e-07,3.8,1.7347562368574303,wheat,0.45651479917300797
2726,569.0128,-5.916549392578599,-0.6641423077706896,Rural_Sokoto,8.019713,1091.0,-5.1,32.4,13.65,0.6,Loamy,6.1922888247959245,0.935371354676666,2.0,1.0519159335640396,cassava,0.5259579667820198
2727,702.92505,-3.082468348201907,-0.6461238498247923,Rural_Kilimani,3.279487,1287.9,-3.7,29.6,12.95,0.6,Volcanic,5.8430654345329085,0.3413590215304545,7.9,3.969920076135404,coffee,0.5025215286247346
2728,941.6836,-4.830677323111535,-3.907464738032213,Rural_Kilimani,16.71047,834.7,-2.0,29.9,13.95,0.61,Rocky,4.922595717161844,0.2079780223238519,0.9,0.401350044515126,tea,0.44594449390569557
2729,675.93854,-6.632954616832803,0.119660612875845,Rural_Sokoto,12.832407,1368.4,-3.9,29.7,12.9,0.64,Volcanic,5.089136039698976,0.8524238630902158,1.7,0.9111599204622793,tea,0.5359764238013408
2730,426.75504,-0.6268655355066812,-4.294861583869007,Rural_Kilimani,7.9796023,338.6,-7.1,32.1,12.5,0.54,Loamy,5.361291112402447,0.0060152500937832,4.3,2.5171001546175478,wheat,0.5853721289808251
2731,712.54425,-8.592931173754682,-3.8714278221404186,Rural_Hawassa,7.0195365,1385.7,-3.6,31.4,13.9,0.62,Volcanic,4.822419365825445,0.0185723537789056,4.2,3.114042440060676,tea,0.7414386762049228
2732,596.35175,-2.091215836655211,-4.776855333921761,Rural_Kilimani,9.05015,422.8,-5.5,32.7,13.6,0.55,Loamy,4.993904271044785,0.1005962239970369,4.0,2.560694900944272,potato,0.640173725236068
2733,394.79108,-12.684100630501955,-8.466134598344242,Rural_Akatsi,9.778017,1808.5,-6.1,32.3,13.099999999999998,0.66,Silt,6.781985464545172,0.01051867196156,2.5,1.1222213323294048,banana,0.4488885329317619
2734,271.45227,-13.067084555417726,-7.200337927644955,Rural_Hawassa,5.7119956,1602.0,-7.4,33.4,13.0,0.63,Silt,6.522966366819559,7.254852465256327e-05,2.5,1.295796199261248,wheat,0.5183184797044992
2735,432.36273,-10.8953404164836,-6.839968768727007,Rural_Hawassa,4.708817,1765.8,-5.8,34.7,14.45,0.64,Silt,5.9644131095945525,0.0515208442965961,3.3,1.7346860883446649,coffee,0.5256624510135348
2736,905.2977,-0.8611615836904463,-2.4344558009551047,Rural_Kilimani,14.178754,1292.2,-1.9000000000000004,30.1,14.1,0.63,Volcanic,5.69898305158491,0.0233454768008889,1.8,0.999436437157202,cassava,0.5552424650873344
2737,321.88748,-12.93191375838863,-7.876030100616105,Rural_Hawassa,12.26979,1685.4,-6.8,29.8,11.5,0.66,Silt,6.080440838888628,0.0018096903796237,0.6,0.27961658898372627,banana,0.46602764830621046
2738,688.85913,-5.27674095330755,-1.4974959877684422,Rural_Kilimani,8.119274,1041.4,-4.1,29.0,12.45,0.6,Sandy,5.939908500483566,0.881401236197756,2.7,0.8976535366629944,wheat,0.33246427283814606
2739,649.6336,-6.308544703962975,-6.033642775648101,Rural_Amanzi,4.481898,569.5,-4.9,31.1,13.1,0.55,Sandy,5.278335694053548,0.2491486425367197,2.8,1.678940957120624,potato,0.5996217704002229
2740,636.89996,-10.282566136618367,-1.6056067354438264,Rural_Sokoto,16.42918,1983.6,-3.7,32.7,14.500000000000002,0.69,Silt,5.385930283329897,0.1236313399411647,1.7,0.9975486075620125,banana,0.5867932985658897
2741,682.68744,-5.988640484327449,-0.4028746675551782,Rural_Sokoto,3.8481333,1250.1,-4.0,29.2,12.6,0.6,Volcanic,5.348698913245135,0.9737031965803756,11.9,4.845027058593242,cassava,0.40714513097422206
2742,654.9772,-7.088029633497423,-6.024633546675152,Rural_Hawassa,6.64568,767.1,-4.7,31.4,13.35,0.57,Sandy,5.211463473860691,0.2979404459172169,4.7,1.9903815171500594,wheat,0.4234854291808637
2743,782.7019,-3.019388642921664,-1.5290282891737628,Rural_Kilimani,7.613455,1213.4,-3.1,31.3,14.1,0.61,Volcanic,5.61356301504585,0.3591148698028226,4.2,1.9042469318044364,wheat,0.45339212662010386
2744,761.5218,-5.984134791093148,-4.7993784063541325,Rural_Hawassa,33.747654,645.4,-3.8,29.1,12.65,0.65,Sandy,5.12887044113691,0.2454789807015411,0.9,0.40215555787688445,maize,0.44683950875209383
2745,959.0046,-4.6369325140365,-3.857913978680996,Rural_Kilimani,2.5329826,858.6,-1.8000000000000007,29.5,13.85,0.56,Rocky,5.612091891049867,0.2065924908143063,7.7,4.134454502605576,wheat,0.5369421431955292
2746,583.40765,-2.0191247449063603,-5.785888978892012,Rural_Kilimani,10.522453,333.9,-5.7,29.9,12.1,0.55,Loamy,5.881256097794403,0.2959021204726391,4.8,3.016171724869316,wheat,0.6283691093477742
2747,638.1376,-9.00745495131057,-2.4299511864686307,Rural_Hawassa,5.1466956,1588.6,-4.1,31.3,13.6,0.63,Volcanic,5.499770621396819,0.0284223277581541,4.3,2.166401573144596,banana,0.5038143193359526
2748,544.69916,-8.498311615834314,-6.655279574781559,Rural_Akatsi,30.532257,1175.6,-5.1,30.8,12.85,0.68,Loamy,5.176231631895945,0.1218554217290718,0.7,0.35586882174613405,banana,0.5083840310659058
2749,555.0196,-8.412703444382554,-2.6371634528464503,Rural_Hawassa,2.686301,1296.8,-5.1,30.2,12.55,0.6,Peaty,4.357003110926455,0.0766570513357596,12.6,4.954032761308023,cassava,0.3931772032784145
2750,775.5216,-9.51659828678683,-2.015526653712991,Rural_Sokoto,6.07558,1944.6,-2.3,29.1,13.4,0.66,Volcanic,4.251828742847607,0.2218603567946323,4.8,3.562950430941999,tea,0.7422813397795831
2751,739.273,-6.168868213699577,0.2502944329836007,Rural_Sokoto,18.635548,1389.2,-3.3,35.7,16.200000000000003,0.65,Volcanic,3.701960240603311,0.9454330063950122,0.7,0.2558392425116384,tea,0.3654846321594835
2752,538.6048,-5.812918448189627,-1.5965975064708775,Rural_Hawassa,7.3280444,896.3,-5.6,33.1,13.75,0.58,Loamy,5.277671179050678,0.8789397109372958,4.5,2.323753819746746,potato,0.5163897377214991
2753,764.6248,-7.705309606596956,-7.497642483752261,Rural_Akatsi,6.546426,1192.8,-3.3,32.6,14.65,0.6,Sandy,5.753786973214111,0.0652417564857164,3.4,1.3610132490214795,coffee,0.4002980144180822
2754,744.1504,-9.489564127381012,-1.1641545157693411,Rural_Sokoto,9.666439,1949.7,-2.8,30.7,13.95,0.67,Volcanic,5.424692158192274,0.0962607245768891,2.9,1.8703057558858638,banana,0.6449330192709876
2755,490.3129,-5.380371897696522,0.3088544213077673,Rural_Kilimani,1.1491944,1084.5,-5.9,31.5,12.8,0.58,Loamy,5.922880334376722,0.820086613583324,7.0,3.8643710523677246,cassava,0.5520530074811035
2756,418.20966,-11.363932512851129,-5.3038952288392585,Rural_Hawassa,13.307441,1820.4,-5.7,33.9,14.1,0.67,Silt,6.710013577836198,0.0128127362952837,1.3,0.6902818511538307,coffee,0.5309860393491005
2757,763.2584,-2.75805843533208,-3.740794002032663,Rural_Kilimani,5.950266,732.8,-3.7,29.4,12.85,0.57,Sandy,5.617296380057916,0.2180076655885147,2.9,1.777686563199929,potato,0.6129953666206652
2758,705.00116,-10.516862184802132,-1.056043768093957,Rural_Sokoto,13.544355,2128.3,-3.0,30.7,13.85,0.69,Volcanic,3.7427469616780975,0.2238006660510534,1.6,1.0182851840148819,tea,0.6364282400093012
2759,789.1409,-3.447429500180464,-6.803931852835212,Rural_Kilimani,25.666662,524.4,-4.0,31.0,13.5,0.61,Sandy,5.469725969567455,0.1711698256499003,0.7,0.3317665364421004,maize,0.47395219491728635
2760,626.04895,-8.624471026394803,-4.173236992734199,Rural_Hawassa,21.338226,1285.4,-4.4,28.3,11.95,0.66,Silt,6.303573269063629,0.0206830290840514,1.2,0.7162832131922899,wheat,0.5969026776602416
2761,729.6796,-10.345645841898612,-0.267736232960948,Rural_Sokoto,3.2927449,2164.5,-2.7,30.6,13.95,0.67,Volcanic,5.971063426614206,0.37713832249665,11.0,6.753078476454858,tea,0.6139162251322599
2762,817.409,-5.114535996872636,-3.9525108828969566,Rural_Kilimani,26.67168,707.2,-3.2,32.3,14.55,0.63,Sandy,6.066284256149282,0.2098892682397133,2.0,1.1503749501208518,wheat,0.5751874750604259
2763,793.3164,-3.1500537467164555,-0.5650407890682543,Rural_Kilimani,17.273361,1389.9,-2.8,28.3,12.75,0.65,Volcanic,5.612428616433006,0.3601368330418107,0.7,0.31993202299381734,coffee,0.4570457471340248
2764,320.9344,-11.819007529515748,-5.758861291973166,Rural_Hawassa,40.234947,1738.1,-6.8,35.3,14.249999999999998,0.75,Silt,6.344695477129381,0.0032359689795464,1.3,0.7205371912694285,coffee,0.5542593778995604
2765,693.8155,-7.664758367488228,-2.993027997277923,Rural_Hawassa,10.410891,1171.1,-3.9,32.2,14.150000000000002,0.61,Sandy,5.66426028100634,0.1504203369016946,3.2,1.4584956873520578,wheat,0.455779902297518
2766,595.6888,-8.719090584315168,-4.979562985813105,Rural_Hawassa,9.097361,1249.7,-4.8,32.9,14.05,0.61,Peaty,4.846599394331719,0.1843665391156193,3.6,1.5705213120116006,cassava,0.4362559200032224
2767,762.7562,-7.489036331350404,-0.4884623427981907,Rural_Sokoto,9.095326,1553.8,-3.0,33.6,15.3,0.64,Volcanic,5.275695160107627,0.4634200586189513,4.9,1.8819195744826813,coffee,0.38406521928217985
2768,742.3523,-4.285488441760853,-2.474997331333374,Rural_Kilimani,6.610976,902.8,-3.7,30.8,13.55,0.58,Sandy,6.69178509676502,0.3866860067220107,4.6,2.170719150706708,maize,0.47189546754493655
2769,784.814,-3.695242628067138,-1.5245236746872883,Rural_Kilimani,2.3397038,1176.0,-3.1,27.7,12.3,0.59,Sandy,6.181570874865547,0.5766706281105786,14.8,6.300629775785121,wheat,0.4257182280935893
2770,596.41406,-1.3477764529951877,-6.421039621484893,Rural_Kilimani,13.836847,270.5,-6.2,32.1,12.95,0.56,Loamy,4.835998986840631,0.1340849857081128,1.4,0.8337133793807232,potato,0.5955095567005166
2771,649.38885,-5.614667945880287,0.4214697834696257,Rural_Sokoto,19.729605,1266.8,-4.2,34.3,15.05,0.65,Volcanic,3.727457210622654,0.8407384767140934,1.0,0.2676212088027399,cassava,0.2676212088027399
2772,455.45697,-12.625526618456014,-8.731906853046228,Rural_Akatsi,10.665989,1883.9,-5.4,32.0,13.3,0.67,Silt,5.549931376508221,0.0094924941995603,2.3,1.4253549642520011,rice,0.6197195496747832
2773,613.1408,-6.754608334158988,-1.956966665388825,Rural_Hawassa,15.215608,1037.2,-4.8,29.5,12.35,0.62,Loamy,5.486385658331299,0.7185542292491964,1.5,0.8133994136587291,potato,0.5422662757724861
2774,570.7659,-10.94039734882663,-1.0245114666886368,Rural_Sokoto,11.527104,2044.5,-4.3,33.2,14.45,0.68,Silt,6.526584070911814,0.2644994639369581,2.8,1.3944798680704429,wheat,0.4980285243108725
2775,635.7328,-9.255268079197249,-1.5155144457143397,Rural_Sokoto,1.3558114,1751.1,-3.9,30.8,13.45,0.63,Silt,5.660379975013704,0.0590528136583557,14.0,7.562714920508837,banana,0.5401939228934883
2776,595.5408,-7.412439546367251,-1.0470345391210083,Rural_Sokoto,22.663368,1295.3,-4.7,29.5,12.4,0.66,Silt,5.687813200980071,0.546636131715457,1.9,0.6209443113373083,banana,0.3268127954406886
2777,871.1677,-4.001629767999754,-4.655230742786953,Rural_Kilimani,54.008858,670.8,-2.8,29.0,13.1,0.71,Sandy,4.975889563402536,0.2143733475669524,0.7,0.3224400795309842,tea,0.46062868504426313
2778,592.9307,-6.61493184389559,-1.839846688740492,Rural_Hawassa,14.941454,1011.7,-5.0,32.2,13.6,0.61,Loamy,5.132313684404022,0.7669833057774224,1.2,0.4852581003612567,wheat,0.4043817503010473
2779,767.5251,-9.102074509230938,-2.258775835982606,Rural_Hawassa,27.817389,1770.1,-2.7,29.9,13.6,0.71,Volcanic,5.588518809272576,0.0387696534300678,0.8,0.45124274190930874,coffee,0.5640534273866359
2780,621.9618,-7.588161582505075,-1.294788335877097,Rural_Sokoto,4.001475,1328.6,-4.4,31.7,13.65,0.6,Peaty,4.44880984899506,0.4946055362507509,5.9,2.8723617148840908,tea,0.4868409686244221
2781,600.24097,-7.110558099668939,-2.7677972729542057,Rural_Hawassa,16.467655,961.3,-5.0,30.7,12.85,0.62,Loamy,6.171979405550994,0.3263825602226318,1.4,0.9028334646061534,wheat,0.6448810461472525
2782,605.1021,-6.470749660397889,-3.844400135221573,Rural_Hawassa,4.5762143,664.6,-5.2,29.2,12.0,0.56,Loamy,4.839049288040408,0.2100418876409969,3.0,1.8690366071058153,potato,0.6230122023686051
2783,639.95557,-9.485058434146708,-1.7902959293892742,Rural_Sokoto,10.858149,1797.5,-3.8,29.3,12.75,0.66,Volcanic,4.115935892006993,0.1584200544957956,3.7,2.9980006271766655,tea,0.8102704397774771
2784,893.0126,-3.74029956041017,-2.506529632738694,Rural_Kilimani,10.168055,1084.1,-2.1,29.0,13.45,0.61,Rocky,5.890710565272308,0.4025991355860634,2.7,1.379490250554157,cassava,0.5109223150200581
2785,341.76846,-9.660780470284532,-4.128190847869456,Rural_Hawassa,11.936543,1366.0,-6.8,33.7,13.45,0.63,Silt,5.945773328167916,0.0151620383484591,1.5,0.9339560452601894,rice,0.6226373635067929
2786,305.27625,-13.040050396011909,-6.141753523323485,Rural_Hawassa,5.184567,1638.6,-7.0,35.1,14.05,0.63,Silt,5.8292477276280215,1.1455018634120842e-06,3.1,1.8728328184838865,rice,0.6041396188657698
2787,549.4674,-1.5415212620702246,-6.470590380836112,Rural_Kilimani,24.241674,295.1,-6.0,32.2,13.1,0.59,Loamy,6.146565919625715,0.1774295313067826,1.7,1.0288539245275117,maize,0.6052081908985363
2788,804.82794,-4.745069151659775,-6.155267366782908,Rural_Kilimani,30.503635,553.6,-3.5,26.9,11.7,0.63,Sandy,6.067379281088764,0.2990666949350385,0.8,0.42683639128552253,maize,0.5335454891069031
2789,834.73035,-2.600359172131469,-7.8264793412648865,Rural_Kilimani,10.311266,709.7,-3.1,30.4,13.65,0.58,Sandy,5.105623504526129,0.0397893967630717,4.3,2.7163759955123687,potato,0.6317153477935742
2790,501.90277,-9.300325011540275,-6.484104224295535,Rural_Akatsi,8.744439,1382.3,-5.5,32.3,13.4,0.62,Silt,7.124767920574733,0.068637741641411,2.6,0.9521246649118572,cassava,0.36620179419686816
2791,796.6404,-1.978573505797632,-0.8353176582567146,Rural_Kilimani,2.089164,1457.7,-2.7,28.1,12.7,0.61,Volcanic,4.432562162029853,0.0928431020217242,6.9,2.696372384561281,cassava,0.3907786064581566
2792,903.34326,-3.947561449188117,-4.092153931977661,Rural_Kilimani,31.01391,776.9,-2.4000000000000004,31.7,14.65,0.65,Sandy,6.49434555899586,0.2086449657945761,0.9,0.5452632582882737,wheat,0.6058480647647485
2793,548.0944,-9.548138139426952,-7.659808605265337,Rural_Akatsi,16.232883,1585.7,-4.9,30.1,12.6,0.66,Silt,6.385428990188925,0.0729204585500574,1.0,0.5556511014101002,wheat,0.5556511014101002
2794,829.30774,-4.046686700342786,-1.6191205789032492,Rural_Kilimani,4.5211945,1184.9,-2.7,32.0,14.65,0.6,Sandy,6.713957165020919,0.6519477000364229,4.9,2.0542526581499776,wheat,0.4192352363571383
2795,730.5263,-8.723596277549472,-0.3308008357715886,Rural_Sokoto,10.41745,1835.4,-2.9000000000000004,33.3,15.2,0.66,Volcanic,5.32975518415099,0.1187140344615482,4.8,4.117502604709973,tea,0.857813042647911
2796,386.1706,-10.88182333678069,-6.452571922890214,Rural_Hawassa,3.6595979,1703.5,-6.2,30.4,12.1,0.63,Silt,7.140499706892584,0.1134437043886468,8.8,4.422422064642368,rice,0.5025479618911781
2797,297.93814,-12.314633785289097,-5.601199784946564,Rural_Hawassa,3.9079847,1712.4,-7.0,35.5,14.25,0.63,Silt,6.170357354502032,0.0001169659910877,5.3,3.105674365341367,rice,0.5859762953474278
2798,780.2906,-5.348832045056401,-5.240830626028617,Rural_Kilimani,20.548805,564.7,-3.7,35.0,15.65,0.6,Sandy,4.971275620011268,0.30213013323515,1.1,0.5063972320566492,tea,0.4603611200514992
2799,547.29803,-10.620493129191106,-9.58327899098988,Rural_Akatsi,5.543092,1984.3,-4.5,30.3,12.9,0.66,Silt,5.996451156661054,0.0414284391790435,3.3,2.1790876323785766,rice,0.6603295855692657
2800,641.2855,-8.331600966165098,-6.691316490673354,Rural_Akatsi,14.848023,1198.3,-4.4,29.4,12.5,0.63,Sandy,5.7462630940939965,0.1476254527533718,1.0,0.45540342003289025,wheat,0.45540342003289025
2801,675.82794,-8.227970021776123,-4.466036934355032,Rural_Hawassa,4.2706985,1180.2,-4.1,30.5,13.2,0.59,Sandy,4.900655726489656,0.054635366589429,3.6,1.8036810480832715,cassava,0.5010225133564643
2802,761.6534,-5.082996144232514,-5.272362927433938,Rural_Kilimani,56.22305,524.6,-3.9,31.3,13.7,0.71,Sandy,6.113692154466731,0.3037373586450251,1.3,0.7298179061029781,potato,0.5613983893099832
2803,676.31836,-8.601942560223286,-3.722775544086765,Rural_Hawassa,21.87388,1365.7,-3.9,29.4,12.75,0.66,Volcanic,5.415299580958976,0.0181508938012985,1.7,0.824878244983545,banana,0.4852224970491441
2804,455.97614,-10.597964663019589,-5.740842834027268,Rural_Hawassa,33.225796,1702.1,-5.6,29.2,11.8,0.72,Silt,6.240651068145794,0.2039695888872164,0.5,0.2479560573318627,coffee,0.4959121146637254
2805,794.409,-5.092007530701119,-6.0561658480804725,Rural_Kilimani,7.0608315,557.3,-3.6,26.1,11.25,0.56,Sandy,5.361621441218149,0.3109708953748634,5.0,2.219695875856171,maize,0.44393917517123416
2806,589.10754,-8.944375246030328,-6.880510299105276,Rural_Akatsi,8.789613,1373.6,-4.7,29.7,12.5,0.62,Silt,5.7211962847665365,0.04352138325471,4.6,2.1140195955520245,banana,0.4595694772939184
2807,828.5038,-3.460946579883373,-6.857987226672905,Rural_Kilimani,20.262726,608.2,-3.2,28.9,12.85,0.6,Sandy,5.729371985435242,0.1650419257698753,1.9,1.22403644208256,potato,0.6442297063592421
2808,555.1503,-10.6114817427225,-9.66886666623289,Rural_Akatsi,6.6060023,1990.2,-4.5,31.6,13.55,0.66,Silt,6.667265778034489,0.0374776652074561,2.5,1.3497864518866276,coffee,0.539914580754651
2809,87.68226,-12.02176372505939,-7.254393301482646,Rural_Hawassa,23.356722,1518.1,-9.1,36.5,13.7,0.68,Silt,6.638686404109305,0.0154018676710662,1.0,0.5493667298690739,rice,0.5493667298690739
2810,690.00507,-4.686495139613834,-0.628105391878895,Rural_Kilimani,3.9856803,1190.9,-3.9,32.2,14.150000000000002,0.59,Sandy,5.689942289203159,0.8223058705103192,13.2,6.507840653677568,cassava,0.49301823133920974
2811,592.2369,-6.569874911552558,-2.952486466899653,Rural_Hawassa,3.4200792,805.8,-5.2,31.6,13.2,0.56,Loamy,6.453941340605836,0.4589863167272228,14.0,8.994376295629458,wheat,0.6424554496878184
2812,648.8479,-2.717507196223352,-6.24085504202592,Rural_Kilimani,0.9648566,393.4,-5.0,34.1,14.55,0.52,Sandy,5.743444870468146,0.3207778256299555,5.4,2.5330398557503178,wheat,0.4690814547685773
2813,731.67334,-5.970617711390238,-6.366984247647202,Rural_Amanzi,18.271563,622.6,-4.0,32.2,14.1,0.6,Sandy,5.964651809520356,0.277641906861706,0.6,0.3289068912097506,wheat,0.548178152016251
2814,435.21796,-10.665550061534136,-6.8985287570511735,Rural_Hawassa,7.0722733,1725.3,-5.8,31.6,12.9,0.64,Silt,6.762209578437863,0.0676544466919371,3.2,1.603444708942809,coffee,0.5010764715446278
2815,672.3293,-9.773422801142113,-0.758739211986651,Rural_Sokoto,6.534882,1973.2,-3.4000000000000004,29.7,13.15,0.66,Volcanic,5.338049507329103,0.2135384182805356,3.9,2.3079022304593577,banana,0.5917698026818866
2816,723.6917,-3.8214020386276255,-6.560682670565599,Rural_Kilimani,22.641191,478.1,-4.3,31.3,13.5,0.6,Sandy,4.755776875124446,0.204970517037924,0.9,0.4920709208249359,potato,0.5467454675832621
2817,820.0144,-1.5505326485388302,-1.1641545157693411,Rural_Kilimani,20.448393,1463.7,-2.5,29.2,13.35,0.67,Volcanic,4.3012738125447445,0.0542003479602999,0.7,0.46157516281585514,tea,0.659393089736936
2818,750.9735,-6.8221937326735365,0.0926329259569991,Rural_Sokoto,12.178827,1472.8,-3.1,30.7,13.8,0.64,Volcanic,4.301870028113833,0.7700803974054031,0.6,0.2922914636267122,tea,0.4871524393778537
2819,807.2767,-6.664494469472926,-7.281420988401492,Rural_Amanzi,11.17031,912.6,-3.2,30.1,13.45,0.6,Sandy,5.533634173922597,0.3436942745175608,5.0,2.2439914083622705,wheat,0.44879828167245406
2820,542.57446,-9.931122064342722,-5.402996747541693,Rural_Hawassa,14.033749,1606.9,-4.9,31.5,13.3,0.66,Silt,5.49767131071379,0.1246901126606912,1.6,0.7313772316598494,banana,0.45711076978740584
2821,860.2152,-3.3483042490257944,-7.493137869265786,Rural_Kilimani,2.1454637,702.7,-2.8,30.0,13.6,0.55,Rocky,5.554453463628305,0.0937853093399344,8.3,4.835455048601704,maize,0.582584945614663
2822,719.4174,-9.120097282168151,-7.416559422995722,Rural_Akatsi,28.037895,1611.9,-3.3,31.1,13.9,0.7,Volcanic,5.530938601376328,0.0506581422020629,1.3,1.0001172310272135,tea,0.7693209469440103
2823,652.92755,-14.62154872125232,-6.132744294350537,Rural_Hawassa,11.429824,1522.9,-3.9,32.4,14.25,0.64,Volcanic,5.96213062895969,4.344485544219081e-09,3.9,3.248819466019941,rice,0.8330306323128054
2824,613.99976,-7.092535326731726,-4.110172389923559,Rural_Hawassa,12.321719,788.6,-5.0,32.0,13.5,0.59,Loamy,5.119307024965147,0.1106014472166092,1.7,0.9970420613646054,cassava,0.5864953302144738
2825,221.4898,-12.57596399287868,-7.087722565483095,Rural_Hawassa,5.3553166,1624.0,-7.8,36.3,14.249999999999998,0.63,Silt,6.636658645835334,0.0008142616325319,3.6,1.914884798720785,rice,0.531912444089107
2826,631.9354,-2.244409406621518,-4.95253529889426,Rural_Kilimani,34.52201,436.5,-5.2,29.9,12.35,0.63,Loamy,4.581489179311789,0.1358765968935622,1.7,0.9847358874344533,wheat,0.5792564043732078
2827,622.09247,-6.817688039439233,-2.578603464522284,Rural_Hawassa,6.813856,950.4,-4.8,31.0,13.1,0.59,Loamy,6.007286837002458,0.4574440763860631,4.1,2.443968036407591,wheat,0.5960897649774612
2828,470.44846,-11.19722186318191,-9.254442133477252,Rural_Akatsi,3.2208002,1951.8,-5.2,30.6,12.7,0.65,Silt,6.829829608422678,0.0349165163000602,5.9,2.989659553044563,wheat,0.5067219581431462
2829,707.7125,-7.840480403626052,-7.484128640292838,Rural_Akatsi,10.2520485,1175.1,-3.8,31.1,13.65,0.61,Sandy,4.894325252018865,0.0615795353200443,3.9,1.971208294860921,cassava,0.5054380243233131
2830,866.95154,-3.609634456615378,-3.880437051113368,Rural_Kilimani,23.659998,783.1,-2.7,32.9,15.1,0.62,Sandy,5.326065102261416,0.2228978070054902,1.6,0.9913073355146793,potato,0.6195670846966745
2831,291.20154,-11.35041543314822,-8.267931560939372,Rural_Akatsi,18.665842,1724.7,-7.2,32.9,12.85,0.68,Silt,5.790368297382434,0.296608334824772,0.8,0.4292102839209981,rice,0.5365128549012476
2832,571.42377,-2.014619051672057,-4.2993661983554805,Rural_Kilimani,4.668571,466.4,-5.7,33.7,14.000000000000002,0.54,Loamy,6.571983305064529,0.0779507106100279,3.3,1.8968188145776235,potato,0.5747935801750375
2833,323.99997,-14.216036330165034,-7.547193243103478,Rural_Hawassa,2.9131708,1329.7,-7.1,30.2,11.55,0.6,Peaty,5.171296735728779,7.626608682295394e-09,8.2,3.002504567967949,wheat,0.36615909365462795
2834,588.7227,-6.470749660397889,-2.790320345386577,Rural_Hawassa,24.592842,811.8,-5.2,32.3,13.55,0.63,Loamy,5.261996607718976,0.4735267123979826,1.0,0.6009953398923353,potato,0.6009953398923353
2835,521.8564,-10.458288172756191,-6.673298032727456,Rural_Akatsi,3.460907,1759.9,-5.0,30.7,12.85,0.64,Silt,6.856859489586916,0.1478888771999778,12.3,6.295058316513914,wheat,0.5117933590661718
2836,640.48096,-9.21922253332282,-2.587612693495232,Rural_Hawassa,15.049749,1638.0,-4.0,30.2,13.1,0.66,Volcanic,5.45744995487079,0.021451676376612,1.9,1.0516912052341771,coffee,0.5535216869653564
2837,242.71156,-11.791973370109927,-6.876005684618803,Rural_Hawassa,6.143987,1669.6,-7.6,33.2,12.8,0.64,Silt,6.0993970326224565,0.004283452580432,2.1,1.1920311965961938,rice,0.5676339031410447
2838,457.41757,-9.764411414673503,-7.155291782780211,Rural_Akatsi,3.3094182,1524.9,-5.8,30.8,12.5,0.62,Silt,7.134639414411319,0.0435918452842168,10.0,5.826132029496148,rice,0.5826132029496148
2839,350.71088,-11.161176317307486,-8.511180743208985,Rural_Akatsi,3.0799153,1783.6,-6.5,33.6,13.55,0.64,Silt,7.15172897751251,0.2152452207433955,13.0,5.897400768183396,rice,0.4536462129371843
2840,870.458,-4.902768414860386,-4.740818418029966,Rural_Kilimani,23.391306,662.7,-2.8,29.5,13.35,0.61,Rocky,5.166723897556768,0.2702640430548311,1.1,0.5479142676482952,wheat,0.49810387968026837
2841,477.96628,-11.868570155093083,-9.32651596526084,Rural_Akatsi,5.7890177,1981.6,-5.2,33.1,13.95,0.66,Silt,6.841489482252163,0.0164563646333769,2.1,1.107725581443677,banana,0.5274883721160367
2842,618.2835,-2.8797121526582643,-6.37599347662015,Rural_Kilimani,21.573677,357.4,-5.4,30.5,12.55,0.59,Loamy,5.908705593939,0.281594594242699,1.3,0.7674862455514811,maize,0.5903740350396008
2843,761.40155,-8.696562118143653,-2.1821973897125417,Rural_Hawassa,8.833796,1653.9,-2.9000000000000004,30.2,13.65,0.64,Volcanic,5.36915511179321,0.065875990769131,2.4,1.8591336398662852,tea,0.7746390166109522
2844,346.83182,-1.081940552171302,-5.078664504515541,Rural_Kilimani,45.75827,139.4,-8.0,32.8,12.4,0.64,Loamy,5.125365024355945,0.0357467898616238,2.0,1.0524456343497175,wheat,0.5262228171748587
2845,956.7109,-4.542312956116133,-3.772326303437983,Rural_Kilimani,2.829997,870.0,-1.8000000000000007,28.1,13.15,0.57,Rocky,5.857634584401805,0.2056621724636428,5.6,2.129483080281401,coffee,0.38026483576453596
2846,684.9592,-2.2128695539813954,-3.3714156141417675,Rural_Kilimani,8.203772,752.4,-4.4,32.3,13.95,0.57,Sandy,5.491831565949629,0.1979938616884927,4.7,2.2440757501595345,wheat,0.4774629255658584
2847,737.7041,-5.141570156278455,-3.826381677275675,Rural_Kilimani,19.889833,643.7,-4.0,28.5,12.25,0.6,Sandy,5.9179878794209015,0.2026806715668813,1.5,0.8327429495015175,wheat,0.555161966334345
2848,549.9168,-1.401844771806827,-4.37144003013907,Rural_Kilimani,18.576347,449.6,-5.9,31.7,12.9,0.58,Loamy,4.769257939494752,0.0317852046543578,0.8,0.49263886760738496,potato,0.6157985845092312
2849,231.25006,-12.850811280171174,-7.294934831860915,Rural_Hawassa,5.846187,1607.7,-7.7,34.2,13.250000000000002,0.63,Silt,7.010085229729615,0.000482339141639,3.5,1.1818852623016296,banana,0.33768150351475135
2850,600.6325,-7.033961314685785,-4.096658546464136,Rural_Hawassa,11.631474,760.5,-5.2,31.8,13.3,0.59,Loamy,6.124484775510069,0.1155919637308302,4.6,2.881223363406785,potato,0.6263529050884316
2851,549.16046,-1.081940552171302,-3.497544819763048,Rural_Kilimani,7.8572555,635.0,-5.7,28.4,11.35,0.56,Loamy,4.805867115448086,0.0291074593316826,4.5,2.8702397936862782,potato,0.6378310652636174
2852,820.2309,-3.9520671424224174,-5.754356677486692,Rural_Kilimani,1.360472,556.9,-3.3,28.6,12.65,0.54,Sandy,6.376099020154258,0.2363369503519509,7.0,3.866931154047182,potato,0.5524187362924545
2853,767.4907,-8.651505185800623,0.9530142928735976,Rural_Sokoto,8.159635,1895.3,-2.6,30.3,13.85,0.66,Volcanic,4.401252040667649,0.0641949319865648,3.3,2.6582954995768153,tea,0.8055440907808532
2854,747.63495,-4.30801690793237,-1.3578529386877378,Rural_Kilimani,1.1627357,1139.1,-3.5,31.0,13.75,0.58,Sandy,5.040178078814442,0.7714066371780812,6.2,2.8206008934660707,cassava,0.4549356279783985
2855,960.0924,-4.416153545555645,-4.326393885274327,Rural_Kilimani,11.593314,794.4,-1.9000000000000004,27.6,12.85,0.59,Rocky,5.235891897756533,0.2243437109068007,4.5,1.9377397990248266,tea,0.43060884422773926
2856,853.42865,-8.142361850324363,-0.8668499596620352,Rural_Sokoto,15.014393,1757.8,-1.9000000000000004,30.6,14.35,0.67,Volcanic,3.919534860441697,0.2196374909974759,1.3,0.84224473553163,tea,0.6478805657935616
2857,812.17505,-4.9117798013289935,-5.691292074676051,Rural_Kilimani,14.889947,560.2,-3.4000000000000004,31.2,13.9,0.58,Sandy,4.9526678106747015,0.3055468944721681,0.6,0.3498969701480549,potato,0.5831616169134248
2858,494.76767,-10.557413423910862,-9.110294469910071,Rural_Akatsi,2.5108323,1879.7,-5.2,36.7,15.750000000000002,0.64,Silt,7.48123216303768,0.0728221351325719,9.5,4.0516130520209535,banana,0.4264855844232583
2859,725.14526,-5.398394670633735,-4.542615380625095,Rural_Kilimani,1.0705143,558.0,-4.2,29.0,12.4,0.54,Sandy,6.586835517321526,0.2551513610349744,7.9,4.02876760882658,potato,0.5099705833957695
2860,264.03864,-13.41402293445907,-7.930085474453796,Rural_Hawassa,19.32477,1519.2,-7.5,32.4,12.45,0.67,Silt,5.412083233263801,4.606705634192941e-05,1.9,0.792870588914898,wheat,0.4173003099552095
2861,543.0283,-1.3657992259324008,-3.6056555674384327,Rural_Kilimani,12.48368,594.1,-5.8,31.2,12.7,0.58,Loamy,5.947999435217224,0.048388932260257,0.9,0.5941581455076055,maize,0.6601757172306727
2862,757.27783,-4.790126084002807,-3.511058663222472,Rural_Kilimani,16.886005,705.9,-3.8,30.6,13.4,0.6,Sandy,5.38878497274162,0.2001636757594409,1.8,0.8404968675856528,maize,0.46694270421425155
2863,397.45007,-11.35041543314822,-5.713815147108423,Rural_Hawassa,32.134586,1774.8,-6.1,32.3,13.099999999999998,0.73,Silt,6.585525933116253,0.0276363945709258,1.8,0.9400105199743767,wheat,0.5222280666524315
2864,381.30374,-9.737377255267685,-3.8083632193297774,Rural_Hawassa,17.33861,1424.7,-6.5,31.5,12.5,0.65,Silt,6.541208556120251,0.0190767012212292,1.4,0.7693221023233775,wheat,0.5495157873738411
2865,229.88246,-13.211266738915429,-7.646294761805914,Rural_Hawassa,2.1690466,1531.0,-7.8,33.1,12.65,0.61,Peaty,4.547380053718537,0.0001368012525227,5.6,1.88007504058486,wheat,0.33572768581872503
2866,644.8789,-2.604864865365771,-6.776904165916366,Rural_Kilimani,18.235306,411.3,-5.1,30.1,12.5,0.58,Sandy,5.157296287461542,0.230616025514572,1.5,0.6441615179670461,wheat,0.42944101197803075
2867,527.9363,-8.822721528704143,-6.267882728944766,Rural_Hawassa,6.023592,1234.7,-5.4,33.1,13.85,0.6,Peaty,5.586415694770583,0.0950389354869455,2.7,1.3199707038325366,cassava,0.488878038456495
2868,731.7552,-9.87254805229678,-0.4434161979334472,Rural_Sokoto,0.51860046,2074.5,-2.8,30.6,13.9,0.65,Volcanic,4.662243104352003,0.3049655270597821,13.3,6.68829974372649,banana,0.5028796799794353
2869,743.0405,-2.2308923269186085,-7.6553039907788625,Rural_Kilimani,8.946849,589.3,-4.0,29.1,12.55,0.56,Sandy,6.228560554149506,0.0477635211247927,3.1,1.9094419279739914,wheat,0.6159490090238682
2870,742.6182,-10.124866873417758,0.0701098535246274,Rural_Sokoto,5.0327473,2159.5,-2.5,31.2,14.35,0.67,Volcanic,5.599402816334104,0.3810121500833746,4.9,2.832314383827413,banana,0.5780233436382476
2871,833.0351,-5.092007530701119,-4.159723149274776,Rural_Kilimani,6.6993227,694.1,-3.1,29.7,13.3,0.57,Sandy,5.5410070466262615,0.2250700641862137,2.4,1.5138426548334358,potato,0.6307677728472649
2872,477.01852,-10.566424810379468,-6.258873499971818,Rural_Hawassa,13.176778,1726.1,-5.4,29.4,12.0,0.66,Silt,6.547226300153709,0.2375509636552158,1.4,0.6783417552808295,coffee,0.4845298252005925
2873,900.8262,-4.389119386149826,-3.330874083763498,Rural_Kilimani,15.365455,891.5,-2.3,30.3,14.0,0.61,Rocky,4.059363792905326,0.2238232883468442,1.0,0.44381778636013686,potato,0.44381778636013686
2874,542.3099,-9.453518581506586,-4.366935415652596,Rural_Hawassa,7.932078,1473.2,-5.0,31.9,13.45,0.63,Silt,7.139271408309355,0.0083767224393717,2.0,0.7751309119270402,coffee,0.3875654559635201
2875,738.44916,-9.908593598171205,-0.3623331371769092,Rural_Sokoto,15.654009,2092.8,-2.7,31.7,14.5,0.7,Volcanic,4.043143256166611,0.3269074957607609,1.2,0.7784561958627287,tea,0.648713496552274
2876,675.4312,-6.569874911552558,-7.43457788094162,Rural_Amanzi,20.761496,775.7,-4.5,29.0,12.25,0.62,Sandy,6.199537434030349,0.3844213614856979,1.7,0.8751505810777408,wheat,0.5147944594574946
2877,844.4794,-4.069215166514301,-5.339932144731053,Rural_Kilimani,12.948396,591.3,-3.1,32.3,14.599999999999998,0.58,Rocky,5.834799453128255,0.2417279092721064,1.0,0.5628091529861003,maize,0.5628091529861003
2878,821.42914,-3.744805253644474,-5.348941373704001,Rural_Kilimani,5.0850906,571.9,-3.3,32.0,14.35,0.55,Sandy,6.2459452520925645,0.2173438149324211,3.5,2.011074260340395,potato,0.5745926458115413
2879,433.12622,-11.76493921070411,-9.141826771315394,Rural_Akatsi,22.359333,1930.5,-5.6,34.1,14.25,0.71,Silt,6.592203347502509,0.0437440617188604,1.1,0.5672590919986014,wheat,0.5156900836350921
2880,859.8269,-5.506531308257012,-4.988572214786054,Rural_Kilimani,25.176376,674.7,-2.9000000000000004,29.2,13.15,0.62,Sandy,4.568080307824167,0.2856635796204469,1.2,0.5370171589307532,wheat,0.447514299108961
2881,529.9111,-1.2982138274178538,-4.119181618896508,Rural_Kilimani,13.621492,476.1,-6.1,34.1,14.0,0.57,Loamy,5.067637717006946,0.0282212120065749,0.9,0.5371731531383686,wheat,0.5968590590426317
2882,878.3041,-4.510773103476012,-6.015624317702203,Rural_Kilimani,20.75044,620.1,-2.8,29.4,13.3,0.6,Rocky,4.688504086471705,0.280054626150757,1.2,0.6068890486385653,potato,0.5057408738654711
2883,646.9924,-3.5150148986950107,-6.31292887380951,Rural_Kilimani,28.04732,387.4,-5.1,28.5,11.7,0.61,Sandy,5.9949230586543685,0.2133926189910616,0.8,0.4189155838618363,wheat,0.5236444798272953
2884,719.4895,-5.330809272119188,-5.1912798666774,Rural_Kilimani,7.3639503,501.5,-4.3,32.3,13.999999999999998,0.55,Sandy,6.264484088412402,0.3005325418926062,3.0,1.678624845614602,wheat,0.5595416152048673
2885,149.14777,-12.310128092054793,-6.848977997699955,Rural_Hawassa,26.720682,1545.6,-8.7,32.6,11.95,0.69,Silt,6.830498751906383,0.0006766649030379,0.8,0.3857987739095653,rice,0.4822484673869566
2886,632.1982,-5.407406057102342,-0.1956624011773586,Rural_Kilimani,2.0356817,1187.5,-4.5,31.5,13.5,0.59,Loamy,5.028043199759703,0.90082075533195,10.3,4.6259286321301065,tea,0.4491192846728258
2887,934.1044,-3.830413425096234,-2.1912066186854906,Rural_Kilimani,27.584007,1184.3,-1.6999999999999993,28.4,13.35,0.67,Sandy,4.526387505331453,0.4634070517775881,1.4,0.5281676751925121,tea,0.37726262513750863
2888,778.6651,-7.998179666826663,-7.745396280508349,Rural_Akatsi,14.945501,1331.3,-3.0,29.9,13.45,0.64,Volcanic,5.321781420388061,0.0532649461164445,0.9,0.47243795312425196,cassava,0.5249310590269466
2889,687.53864,-9.002949258076269,-5.114701420407336,Rural_Hawassa,2.9613652,1445.5,-3.7,31.4,13.85,0.61,Volcanic,4.264217136061248,0.0604926035109767,9.4,6.710262696341245,tea,0.713857733653324
2890,706.25226,-10.251026283978243,-2.092105099983055,Rural_Sokoto,11.289413,2035.6,-2.9000000000000004,30.7,13.9,0.68,Volcanic,4.916955433523046,0.1356910070504575,2.2,1.776104838409157,tea,0.8073203810950712
2891,401.72473,-9.50308120708392,-4.069630859545289,Rural_Hawassa,18.493252,1357.3,-6.4,35.6,14.6,0.65,Silt,5.515152557831464,0.0086917435031299,0.6,0.23609617183768922,banana,0.39349361972948205
2892,841.18036,-3.8214020386276255,-5.421015205487591,Rural_Kilimani,5.611379,588.3,-3.1,27.8,12.35,0.55,Rocky,5.492222609586029,0.2242810726089292,3.2,1.8087213867185197,wheat,0.5652254333495373
2893,703.7155,-10.688078527705652,-0.4028746675551782,Rural_Sokoto,4.7865686,2179.7,-2.9000000000000004,32.4,14.75,0.67,Volcanic,5.347544489720783,0.3542975239352048,3.5,2.509842718117257,tea,0.7170979194620735
2894,671.56824,-8.881295540750084,-5.1912798666774,Rural_Hawassa,4.195502,1380.9,-4.0,29.1,12.55,0.61,Volcanic,5.214879711872296,0.1101483595869111,4.3,1.9293268984001457,cassava,0.44868067404654555
2895,715.3202,-7.371888307258523,-3.272314095439332,Rural_Hawassa,3.158702,1072.6,-3.8,33.0,14.6,0.58,Sandy,5.811126852285793,0.1374422089559616,12.6,5.054496433567375,coffee,0.4011505106005854
2896,387.34576,-9.530115366489738,-6.95708874537534,Rural_Akatsi,8.910059,1365.7,-6.5,32.6,13.05,0.62,Silt,6.057350321199599,0.0466551227840323,4.6,2.4204170022599807,wheat,0.5261776091869523
2897,686.2486,-8.507323002302922,-1.7542590134974796,Rural_Sokoto,15.626295,1572.3,-3.7,31.2,13.75,0.66,Volcanic,4.554200698733996,0.1233469536457131,1.8,1.4002854094137334,tea,0.7779363385631852
2898,502.5354,-10.48532233216201,-5.7183197615948975,Rural_Hawassa,25.111032,1723.1,-5.2,32.5,13.65,0.7,Silt,5.31624645269778,0.2243166954042724,0.9,0.39292074719487835,banana,0.43657860799430925
2899,692.59827,-1.4559130906184643,-2.929963394467282,Rural_Kilimani,10.946155,906.5,-4.2,30.7,13.25,0.59,Sandy,6.240601090586348,0.0831182886936027,2.2,0.9672459523410489,coffee,0.43965725106411313
2900,659.85455,-7.691792526894047,-4.763341490462338,Rural_Hawassa,10.985446,966.2,-4.4,29.7,12.65,0.6,Sandy,5.414894437115169,0.1127686229594308,3.6,2.0913342531652788,potato,0.5809261814347997
2901,647.3038,-6.146339747528062,-7.443587109914568,Rural_Amanzi,10.182628,663.7,-4.8,28.8,12.0,0.57,Sandy,6.481817014850547,0.4799290443489236,3.2,1.560588765064517,maize,0.48768398908266153
2902,636.45337,-2.37507451041631,-7.128264095861366,Rural_Kilimani,34.756046,427.2,-5.1,30.2,12.55,0.63,Loamy,5.998012695856827,0.143086421673579,1.7,1.0925466072678496,potato,0.642674474863441
2903,550.49396,-1.5325098756016189,-5.682282845703102,Rural_Kilimani,18.113403,305.7,-6.0,31.6,12.8,0.57,Loamy,6.002995489663197,0.1682767795045981,1.6,1.0555717584318491,wheat,0.6597323490199057
2904,636.2264,-6.128316974590849,-4.038098558139969,Rural_Hawassa,1.4982375,610.7,-5.0,31.0,13.0,0.54,Loamy,6.783722587485643,0.1958681727510385,11.9,8.699798339617205,wheat,0.7310754907241349
2905,814.7084,-8.363140818805219,0.1692113722270627,Rural_Sokoto,3.4019997,1856.0,-2.2,27.9,12.85,0.64,Volcanic,4.882287995140551,0.1365522165297065,6.7,5.522272245025704,tea,0.8242197380635379
2906,553.55273,-6.258982078385641,-2.754283429494783,Rural_Hawassa,1.4723259,746.5,-5.6,32.9,13.65,0.55,Loamy,6.583103271983194,0.4796025998017901,6.6,4.207893139165358,wheat,0.6375595665402057
2907,667.72314,-5.808412754955324,-7.164301011753159,Rural_Amanzi,1.586165,588.5,-4.7,31.5,13.4,0.54,Sandy,6.400296790545776,0.4377357547796618,7.3,3.6175920275940605,potato,0.4955605517252138
2908,698.42303,-1.9290108802202963,-3.096634130466833,Rural_Kilimani,23.72194,844.3,-4.2,28.5,12.15,0.63,Sandy,6.023340766107422,0.1658317244493535,1.7,0.9168812449893466,wheat,0.5393419088172627
2909,691.87714,-4.947825347203418,-7.119254866888416,Rural_Kilimani,9.228923,517.7,-4.5,31.4,13.45,0.56,Sandy,5.035514152119259,0.419831523063798,4.5,2.4637335337789086,potato,0.5474963408397575
2910,941.48236,-4.037675313874178,-6.344461175214829,Rural_Kilimani,36.344326,656.2,-2.5,29.0,13.25,0.65,Sandy,4.581575487990548,0.2312160578831505,1.8,0.8556081653535661,wheat,0.47533786964087005
2911,571.9877,-8.624471026394803,-6.925556443970019,Rural_Akatsi,3.6234171,1246.7,-5.0,33.7,14.35,0.6,Peaty,4.540503852846095,0.0670629352289526,14.2,5.559348472218837,cassava,0.39150341353653784
2912,821.3304,-9.95815622374854,0.119660612875845,Rural_Sokoto,12.018401,2209.4,-1.8000000000000007,30.6,14.4,0.7,Volcanic,4.347015476361723,0.3619006295795802,1.5,0.9282604496143848,tea,0.6188402997429232
2913,687.09393,-3.294235930214157,-4.686763044192274,Rural_Kilimani,5.2733145,492.9,-4.6,30.6,13.0,0.55,Sandy,6.333060933316452,0.1665105969908591,2.9,1.6923754076877011,wheat,0.5835777267888624
2914,703.7202,-7.781906391580111,-7.056190264077775,Rural_Akatsi,12.203582,1107.7,-3.9,31.3,13.7,0.61,Sandy,5.158595742000981,0.1274050177863624,1.7,0.7082343060450534,wheat,0.41660841532061965
2915,778.9281,-4.271971362057943,-2.087600485496581,Rural_Kilimani,7.8294754,1024.2,-3.3,30.7,13.7,0.59,Sandy,5.656664826334828,0.5241214398813923,2.3,0.5783342111030787,coffee,0.2514496570013386
2916,803.9176,-4.89375702839178,-5.281372156406887,Rural_Kilimani,3.5065713,559.1,-3.5,27.7,12.1,0.55,Sandy,5.675876099570032,0.2990903994769236,13.7,8.464552243299766,potato,0.6178505287080122
2917,773.8458,-8.227970021776123,-0.2046716301503073,Rural_Sokoto,21.423882,1757.2,-2.7,29.9,13.6,0.69,Volcanic,5.149648337296468,0.1731452721468915,0.6,0.4817697793378535,tea,0.8029496322297558
2918,794.03265,-4.195374577074789,-6.610233429916817,Rural_Kilimani,3.5704029,555.1,-3.6,31.6,14.0,0.55,Sandy,5.339621079213162,0.2482207432180791,10.4,6.495459051569618,potato,0.6245633703432325
2919,848.6491,-3.5420490581008317,-3.159698733277473,Rural_Kilimani,9.852987,900.9,-2.8,30.2,13.7,0.59,Rocky,5.094143259371863,0.3265618289161558,2.5,1.294396160187607,potato,0.5177584640750428
2920,777.60187,-5.272235260073247,-7.691340906670658,Rural_Amanzi,4.9663243,706.2,-3.6,32.7,14.55,0.56,Sandy,5.176951861345566,0.4201596864213472,2.5,1.014188596959516,maize,0.4056754387838064
2921,692.6595,-10.350151535132916,0.0250637086598839,Rural_Sokoto,10.001878,2137.0,-3.1,29.8,13.35,0.68,Volcanic,5.443560989219568,0.3852427507407218,4.4,2.599923905722928,coffee,0.5908917967552109
2922,205.7176,-12.670583550799048,-6.830959539754059,Rural_Hawassa,9.585576,1591.8,-8.0,35.1,13.55,0.64,Silt,7.351929792405363,0.0001087775806098,4.2,1.8628966343539783,wheat,0.44354681770332816
2923,687.3018,-7.835974710391748,1.119685028873148,Rural_Sokoto,7.2675195,1637.7,-3.6,31.6,14.0,0.64,Volcanic,5.642733176302672,0.1395063739790585,4.5,2.5282997169812034,coffee,0.5618443815513785
2924,560.0701,-5.646207798520409,-1.7047082541462617,Rural_Hawassa,3.4841843,885.5,-5.4,30.1,12.35,0.57,Loamy,5.6515666845286585,0.8579939592431549,8.2,4.549787533954217,cassava,0.5548521382870997
2925,698.7803,-2.1182499960610297,-3.2092494926286905,Rural_Kilimani,5.3797994,807.8,-4.2,31.3,13.55,0.57,Sandy,6.625849406682897,0.1973929313039187,2.1,1.097079767943843,maize,0.5224189371161158
2926,315.62393,-11.43602360459998,-7.88053471510258,Rural_Akatsi,7.8815804,1747.6,-6.9,34.3,13.7,0.65,Silt,6.71725152937399,0.2190120990261633,4.0,1.577127332975746,banana,0.3942818332439365
2927,94.56546,-12.287599625883278,-6.677802647213931,Rural_Hawassa,15.954292,1508.8,-9.1,34.0,12.45,0.66,Silt,5.48038330569427,0.0003131495671044,0.8,0.3310508237961252,banana,0.4138135297451565
2928,870.53033,-3.794367879221808,-3.506554048735997,Rural_Kilimani,7.630557,846.1,-2.6,27.6,12.5,0.58,Rocky,5.290945046548661,0.2562961565468362,4.2,2.025430094438295,wheat,0.4822452605805464
2929,174.88147,-11.791973370109927,-7.015648733699506,Rural_Hawassa,17.84513,1601.5,-8.3,31.8,11.75,0.67,Silt,7.175930179127494,0.0077007611313204,1.1,0.4672889987034902,rice,0.4248081806395365
2930,568.11273,-1.892965334345872,-5.889495112080922,Rural_Kilimani,5.857884,315.9,-5.9,32.3,13.2,0.53,Loamy,6.586575405383562,0.2848541301977112,4.6,3.0997314959006936,wheat,0.67385467302189
2931,793.3694,-9.277796545368762,-2.1912066186854906,Rural_Sokoto,3.337683,1854.4,-2.4000000000000004,32.3,14.95,0.64,Volcanic,4.484135473610003,0.0769693800635124,13.9,11.404374471871911,tea,0.8204585950986986
2932,354.7736,-12.314633785289097,-5.402996747541693,Rural_Hawassa,1.6259909,1771.5,-6.5,34.3,13.9,0.63,Silt,6.762798327025288,8.643863298513783e-05,7.5,4.113430839209339,rice,0.5484574452279118
2933,632.2726,-5.055961984826695,-7.218356385590851,Rural_Kilimani,15.433052,476.2,-5.1,31.4,13.15,0.58,Loamy,5.925022558804844,0.4378924129795197,1.9,1.1850877107813844,wheat,0.6237303740954655
2934,615.7948,-2.149789848701152,-4.533606151652147,Rural_Kilimani,7.4375114,473.1,-5.3,31.8,13.25,0.55,Loamy,6.113555397010183,0.089106086535363,2.1,1.5049254045119336,wheat,0.7166311450056826
2935,855.893,-4.929802574266207,-4.479550777814454,Rural_Kilimani,2.52222,673.6,-2.9000000000000004,27.8,12.45,0.55,Rocky,6.145538217897256,0.2503457035887846,14.1,8.950168769081401,wheat,0.6347637424880427
2936,779.83264,-9.62924061764441,-9.240928290017829,Rural_Akatsi,24.059874,2009.8,-2.3,29.6,13.65,0.72,Volcanic,3.806462284366173,0.2470899137774253,1.8,1.14956323632532,tea,0.6386462424029555
2937,179.98271,-12.33265655822631,-7.272411759428544,Rural_Hawassa,16.492668,1580.5,-8.4,33.1,12.35,0.66,Silt,6.382430954896382,0.0061220792575367,1.6,0.8406859698060031,wheat,0.5254287311287519
2938,379.03036,-11.071062452621424,-6.515636525700855,Rural_Hawassa,5.9764113,1731.1,-6.3,35.2,14.45,0.64,Silt,6.501596424157359,0.0633403244122936,4.2,2.238601772762341,coffee,0.5330004220862716
2939,480.2769,-8.227970021776123,-2.4704927168468998,Rural_Hawassa,16.326654,1184.7,-5.9,33.7,13.900000000000002,0.63,Loamy,5.962929940914545,0.1330713299341308,0.8,0.4917633087754508,wheat,0.6147041359693135
2940,371.00745,-11.156670624073184,-6.335451946241881,Rural_Hawassa,8.021963,1732.1,-6.4,33.7,13.650000000000002,0.65,Silt,7.062470985909876,0.0610128972590845,2.5,0.9566222587750071,banana,0.3826489035100028
2941,824.42725,-3.492486432523496,-2.3623819691715155,Rural_Kilimani,12.210607,1048.8,-2.9000000000000004,28.7,12.9,0.61,Sandy,6.315917551875412,0.4258960735175036,1.7,0.8511197404728106,wheat,0.5006586708663592
2942,656.5682,-8.273026954119157,-4.830910707759452,Rural_Hawassa,17.89194,1150.5,-4.4,29.8,12.7,0.63,Sandy,6.13080289691586,0.2043609964774276,2.0,0.8875928973451872,coffee,0.4437964486725936
2943,649.15796,-9.097568815996636,-7.448091724401043,Rural_Akatsi,18.062122,1533.6,-4.0,28.7,12.35,0.66,Volcanic,5.191965056327469,0.0536439124588886,2.0,0.9940062270962493,banana,0.49700311354812465
2944,638.12756,-8.241487101479034,-2.1281420158748494,Rural_Sokoto,26.529602,1437.7,-3.9,32.9,14.5,0.68,Volcanic,3.767732208167289,0.1751801561980472,1.4,0.48665190938991654,cassava,0.34760850670708326
2945,631.0709,-5.943583551984419,-7.164301011753159,Rural_Amanzi,18.03869,571.2,-5.1,31.4,13.15,0.59,Loamy,6.023544530014143,0.4496366278695192,1.3,0.7933527758705151,potato,0.6102713660542424
2946,405.02478,-11.309864194039491,-8.794971455856869,Rural_Akatsi,3.8286457,1874.9,-5.9,32.3,13.2,0.65,Silt,6.51927424609481,0.152950684407658,5.2,2.835315703321849,coffee,0.5452530198695863
2947,739.94086,-7.484530638116102,-0.4704438848522934,Rural_Sokoto,19.920883,1530.9,-3.2,28.4,12.6,0.67,Volcanic,4.117131047860887,0.4646385325286692,0.6,0.351476741590067,tea,0.5857945693167783
2948,760.16766,-8.998443564841967,-1.9524620509023505,Rural_Sokoto,12.363179,1757.1,-2.9000000000000004,31.8,14.45,0.66,Volcanic,4.219198338931022,0.0470348711776998,0.5,0.38097286136066394,tea,0.7619457227213279
2949,559.30115,-5.997651870796057,-4.0471077871129175,Rural_Hawassa,2.4494004,508.9,-5.8,29.2,11.7,0.54,Loamy,5.635885516594652,0.199533369475432,6.1,3.567303048476566,maize,0.5848037784387814
2950,179.99057,-11.535148855754649,-7.051685649591302,Rural_Hawassa,26.859964,1592.9,-8.2,34.8,13.3,0.7,Silt,5.564673635583136,0.0131340460639443,0.7,0.3781199619001858,rice,0.5401713741431227
2951,730.18,-5.610162252645985,-7.376017892617454,Rural_Amanzi,4.714012,651.9,-4.1,27.6,11.75,0.56,Sandy,5.306047975410908,0.443293546560406,4.4,1.8538965439452884,wheat,0.42134012362392914
2952,816.57227,-1.9154938005173872,-3.240781794034011,Rural_Kilimani,12.213079,935.6,-3.0,29.3,13.15,0.6,Sandy,5.56293823765574,0.1522143832613374,0.6,0.36267804966610867,cassava,0.6044634161101812
2953,811.3733,-4.46571617113298,-1.3128067938229944,Rural_Kilimani,25.94351,1208.3,-2.8,30.0,13.6,0.66,Volcanic,5.365392831157791,0.8079868176279822,0.9,0.22400466616459003,coffee,0.24889407351621112
2954,767.1284,-7.065501167325907,-7.398540965049825,Rural_Akatsi,44.898087,1024.2,-3.1,29.4,13.15,0.71,Sandy,6.355881067324527,0.1723569488244147,1.8,0.7073337537671601,coffee,0.39296319653731115
2955,684.03656,-8.376657898508128,-1.8083143873351717,Rural_Sokoto,7.1641374,1527.9,-3.7,30.1,13.2,0.63,Volcanic,4.555537901622114,0.1593203811990582,4.4,3.362246918278835,tea,0.7641470268815533
2956,877.29584,-3.9520671424224174,-2.0290404971724145,Rural_Kilimani,24.591007,1153.9,-2.3,27.4,12.55,0.66,Sandy,5.5404661410293965,0.5150048476893494,1.4,0.3048339476394476,coffee,0.21773853402817686
2957,639.6412,-1.555038341773134,-4.074135474031764,Rural_Kilimani,15.239445,592.5,-5.0,28.5,11.75,0.58,Sandy,6.4038823362772765,0.0461148459862408,1.7,0.9365121762076986,potato,0.5508895154162933
2958,751.7942,-7.385405386961432,-7.979636233805015,Rural_Akatsi,12.81966,1144.2,-3.4000000000000004,29.7,13.15,0.62,Sandy,5.15297208807199,0.0865290797816112,0.6,0.2551833480354876,wheat,0.425305580059146
2959,312.2979,-11.954178326544843,-8.34901462169591,Rural_Akatsi,9.978804,1779.1,-6.8,33.9,13.55,0.66,Silt,6.646492150848182,0.1860821621445866,4.8,2.0056625994323007,banana,0.4178463748817293
2960,765.0139,-5.447957296211071,-5.502098266244129,Rural_Kilimani,3.6290095,551.4,-3.8,31.6,13.9,0.55,Sandy,5.411242198468709,0.3057450694560922,5.3,2.3432094422855734,maize,0.4421149891104855
2961,508.9925,-6.916813290593902,-1.015502237715688,Rural_Sokoto,7.359926,1110.4,-5.7,30.7,12.5,0.6,Loamy,5.651080434970175,0.7321416586882566,3.4,1.7384117347032393,potato,0.5112975690303645
2962,876.02704,-2.4381542156965548,-8.457125369371294,Rural_Kilimani,12.266514,837.4,-2.6,28.4,12.9,0.59,Rocky,4.288913738927295,0.0115827579378938,1.2,0.5473279311449455,tea,0.4561066092874546
2963,650.5712,-8.39017497821104,1.317888066278019,Rural_Sokoto,8.614178,1719.6,-3.9,28.5,12.3,0.65,Volcanic,5.212020657023038,0.050007929337721,4.6,2.017264461368118,cassava,0.43853575247133
2964,270.60608,-12.76069741548511,-7.488633254779311,Rural_Hawassa,0.506647,1655.8,-7.3,34.3,13.499999999999998,0.62,Silt,7.295600421138504,0.0018660866324407,11.6,3.736821316029658,banana,0.3221397686232464
2965,485.76596,-1.4829472500242833,-6.339956560728356,Rural_Kilimani,36.173443,225.6,-6.7,29.4,11.35,0.62,Loamy,4.91498457295528,0.174776779762419,1.3,0.7494834311199914,potato,0.5765257162461472
2966,457.20328,-11.737905051298291,-5.416510591001116,Rural_Hawassa,7.3196373,1875.2,-5.4,33.9,14.25,0.66,Silt,5.862178522613487,0.002927911472491,3.0,1.6171429185815573,coffee,0.5390476395271858
2967,817.8263,-3.447429500180464,-3.0290649131697176,Rural_Kilimani,8.64107,899.8,-3.1,26.9,11.9,0.59,Sandy,5.522519602394435,0.3533933735624544,4.9,2.8139631689586384,cassava,0.5742781977466609
2968,245.72124,-12.84630558693687,-6.51113191121438,Rural_Hawassa,3.1925206,1609.2,-7.6,31.8,12.1,0.62,Silt,7.28566017729321,6.198496143237473e-06,10.9,4.841458182320998,wheat,0.4441704754422933
2969,897.4196,-4.510773103476012,-4.605679983435736,Rural_Kilimani,3.1074836,696.8,-2.5,28.4,12.95,0.55,Rocky,5.985620771382474,0.2445800791118175,9.5,5.782866452597755,maize,0.6087227844839742
2970,781.9132,-7.646735594551016,-7.916571630994373,Rural_Akatsi,9.118334,1245.2,-3.1,29.3,13.1,0.61,Volcanic,5.171914387737149,0.0644241600825264,4.1,2.7990295037190553,tea,0.6826901228583062
2971,717.8515,-7.763883618642898,-5.146233721812656,Rural_Hawassa,10.314909,1037.1,-3.8,30.0,13.1,0.6,Sandy,6.559616212699769,0.1953083002164109,4.2,2.285523179770184,wheat,0.5441721856595676
2972,742.5799,-6.4347041145234645,-6.979611817807712,Rural_Amanzi,10.377023,794.3,-3.6,30.6,13.5,0.58,Sandy,5.257500053705623,0.3646379991995732,3.9,2.2247630625573924,potato,0.5704520673224083
2973,855.1293,-7.119569486137545,-7.367008663644504,Rural_Akatsi,20.094912,1128.9,-2.2,30.7,14.25,0.64,Sandy,6.239649334375098,0.1583779681877294,1.8,0.6815085742839573,coffee,0.3786158746021985
2974,491.302,-6.52932367244383,-3.493040205276574,Rural_Hawassa,1.5414312,606.1,-6.3,34.8,14.249999999999998,0.54,Loamy,5.5807530982416855,0.370799882196295,10.0,6.407858788523093,potato,0.6407858788523093
2975,826.0866,-10.187946578698002,0.745802026495778,Rural_Sokoto,3.7687826,2268.5,-1.6999999999999993,28.8,13.55,0.67,Volcanic,5.605987779283232,0.2313055841212785,10.5,5.999687778002246,banana,0.5713988360002139
2976,727.44415,-1.9740678125633284,-6.547168827106176,Rural_Kilimani,38.7633,486.5,-4.2,29.6,12.7,0.65,Sandy,5.822256523865302,0.263130905623979,1.8,0.933679204517417,wheat,0.5187106691763428
2977,803.38904,-3.8979988236107808,-5.3939875185687445,Rural_Kilimani,16.095268,548.6,-3.5,29.2,12.85,0.58,Sandy,6.474197899636144,0.2290282009387034,0.8,0.483084148483544,wheat,0.60385518560443
2978,878.3645,-1.8298856290656271,-1.4749729153360704,Rural_Kilimani,13.665555,1427.6,-2.0,27.1,12.55,0.64,Volcanic,5.62082948414029,0.0957845460512667,1.2,0.5913517502546572,coffee,0.4927931252122144
2979,820.4685,-3.3888554881345225,-1.520019060200814,Rural_Kilimani,6.9564214,1231.3,-2.7,30.6,13.95,0.61,Volcanic,5.81044916460143,0.4768526932832574,2.9,1.4651853809268522,cassava,0.5052363382506387
2980,684.15204,-4.970353813374935,-7.09222717996957,Rural_Kilimani,12.526532,508.1,-4.6,28.6,12.0,0.57,Sandy,4.600354008016326,0.4177306459073152,1.1,0.5386489638151349,potato,0.4896808761955772
2981,551.7001,-0.4060865670258256,-3.236277179547537,Rural_Kilimani,11.613244,715.4,-5.6,29.6,12.0,0.58,Loamy,4.949435201963487,0.0059810425373892,4.7,2.8095276426238547,wheat,0.5977718388561393
2982,630.4427,-7.570138809567862,-4.366935415652596,Rural_Hawassa,3.2404826,921.6,-4.7,28.4,11.85,0.57,Loamy,5.904784928435757,0.0827053881352657,10.8,6.794898061034044,maize,0.6291572278735226
2983,670.3134,-8.291049727056368,-2.281298908414977,Rural_Hawassa,33.328457,1427.2,-3.9,29.8,12.95,0.7,Volcanic,5.575560080728439,0.1427741135766503,2.0,0.9804818311854848,cassava,0.4902409155927424
2984,772.8941,-7.006927155279966,-6.308424259323036,Rural_Akatsi,13.817178,881.4,-3.5,29.4,12.95,0.6,Sandy,5.137007780652727,0.265191004916543,0.5,0.21469464198125254,wheat,0.4293892839625051
2985,762.37573,-6.313050397197278,-0.5650407890682543,Rural_Sokoto,8.8224535,1346.6,-3.1,30.4,13.65,0.62,Volcanic,5.641386538565648,0.919178738309256,3.2,0.9703944203278054,coffee,0.3032482563524392
2986,566.8305,-6.200408066339699,-6.556178056079124,Rural_Amanzi,22.593504,491.4,-5.7,33.8,14.05,0.6,Loamy,6.182262373929042,0.2823583230197273,1.6,1.0956044707186934,wheat,0.6847527941991833
2987,531.4227,-6.99791576881136,-3.65520632678965,Rural_Hawassa,3.5884032,738.2,-5.7,33.0,13.65,0.56,Loamy,5.584473932658242,0.1422251235156763,13.9,8.732048445906248,wheat,0.6282049241659171
2988,394.63672,-11.030511213512694,-7.380522507103929,Rural_Hawassa,12.520519,1785.4,-6.0,32.5,13.25,0.67,Silt,5.85148694337436,0.0376492928449878,1.4,0.8643685773026408,rice,0.6174061266447435
2989,670.1149,-9.354393330351916,-1.8443513032269665,Rural_Sokoto,2.0673258,1780.9,-3.6,30.1,13.25,0.63,Volcanic,4.731202577761383,0.1099396910215078,12.2,10.576256478173443,tea,0.8669062687027412
2990,923.0551,-2.7220128894576536,-8.164325427750462,Rural_Kilimani,24.184673,848.7,-2.1,31.0,14.45,0.63,Sandy,4.563143573845067,0.0240501530117095,0.7,0.2996575604481764,tea,0.4280822292116806
2991,724.2063,-5.105524610404029,-3.745298616519137,Rural_Kilimani,22.301006,640.5,-4.1,30.8,13.35,0.61,Sandy,6.425595082033295,0.199575471259661,0.5,0.2683112057736538,potato,0.5366224115473076
2992,779.54785,-3.91151590331369,-2.6822095977111937,Rural_Kilimani,12.151803,912.7,-3.4000000000000004,30.1,13.35,0.6,Sandy,5.464228195986901,0.3585087763660345,0.6,0.3390216621223593,cassava,0.5650361035372655
2993,873.91547,-3.623151536318288,-3.650701712303176,Rural_Kilimani,8.211923,829.6,-2.6,28.5,12.95,0.58,Rocky,4.862108639449846,0.2495755879959108,2.6,1.3247768234158481,potato,0.5095295474676339
2994,851.0306,-5.921055085812903,-8.132793126345142,Rural_Amanzi,4.803298,934.1,-2.7,29.3,13.3,0.58,Rocky,4.337509949793054,0.2237423339854141,2.3,0.9827902995953702,potato,0.42730013025885666
2995,407.24493,-12.265071159711765,-9.015697565694111,Rural_Akatsi,8.442481,1865.5,-6.0,35.0,14.5,0.66,Silt,6.296917141036797,0.0204417181637352,2.2,1.2252268615351236,coffee,0.5569213006977835
2996,596.93176,-2.1452841554668485,-4.970553756840157,Rural_Kilimani,4.5580606,400.5,-5.5,31.6,13.05,0.54,Loamy,5.0215091268102405,0.1314756676435512,4.3,2.5051189186203446,wheat,0.5825857950279871
2997,504.38458,-10.07079855460612,-5.209298324623297,Rural_Hawassa,10.191454,1609.6,-5.3,31.7,13.2,0.65,Silt,6.204436972776575,0.0850915219046241,4.2,2.0374959003647635,coffee,0.48511807151541986
2998,498.22635,-12.6029981522845,-9.40759902601738,Rural_Akatsi,9.30007,1942.0,-5.0,33.7,14.35,0.67,Silt,7.437807087629441,0.0008470801490698,4.7,2.161609041415822,banana,0.4599168173225154
2999,163.5309,-12.485850128192617,-6.560682670565599,Rural_Hawassa,10.545632,1566.3,-8.4,33.3,12.45,0.64,Silt,7.184659810432965,6.878507036605088e-05,4.9,2.3242057263726115,wheat,0.4743276992597166
3000,653.23566,-3.9520671424224174,-0.294763919879794,Rural_Kilimani,3.0424368,1230.5,-4.2,29.6,12.7,0.59,Volcanic,4.501263459083988,0.612506756183547,5.2,1.748754161478489,cassava,0.3362988772074017
3001,744.6239,-8.543368548177346,-3.7948493758703545,Rural_Hawassa,12.010217,1410.9,-3.2,27.5,12.15,0.64,Volcanic,3.8707634886961353,0.0199695474373735,1.9,1.166546910623135,tea,0.6139720582227026
3002,732.22095,-6.0607315760763,0.0926329259569991,Rural_Sokoto,5.371285,1359.3,-3.4000000000000004,29.2,12.9,0.61,Volcanic,4.943417279709137,0.9862661503890412,2.1,0.7749960454305248,cassava,0.3690457359192975
3003,795.3601,-3.406878261071736,-3.0245602986832427,Rural_Kilimani,9.490415,879.1,-3.3,29.1,12.9,0.59,Sandy,5.024121763836438,0.3569403568519402,4.2,2.2958174079569424,potato,0.5466231923707006
3004,731.02594,-6.745596947690382,-7.09222717996957,Rural_Amanzi,14.393995,835.2,-3.9,30.9,13.5,0.6,Sandy,5.642699821773869,0.2935916581292211,0.8,0.4645108535055025,potato,0.5806385668818781
3005,891.19653,-1.9290108802202963,-1.9299389784699783,Rural_Kilimani,8.8862505,1326.2,-2.0,27.3,12.65,0.62,Volcanic,5.299619708833666,0.1423970198491308,2.9,1.8341759236136086,tea,0.6324744564184858
3006,521.35895,-1.9695621193290247,-5.164252179758553,Rural_Kilimani,9.159614,306.7,-6.3,32.0,12.85,0.54,Loamy,5.66035926225749,0.15156299533412,5.0,3.0678464981161224,wheat,0.6135692996232245
3007,311.00006,-13.094118714823544,-7.76791935294072,Rural_Hawassa,2.845778,1641.8,-7.0,29.0,11.0,0.62,Silt,5.606740756012546,0.0004617225577262,11.2,6.6969215574760526,rice,0.5979394247746476
3008,804.3117,-6.596909070958377,-7.416559422995722,Rural_Amanzi,11.048261,914.4,-3.2,28.0,12.4,0.6,Sandy,6.0024306037460455,0.3743475899302266,2.2,0.7051350659292331,coffee,0.3205159390587423
3009,679.8852,-8.358635125570917,-1.6461482658220954,Rural_Sokoto,14.835601,1529.4,-3.8,30.8,13.5,0.65,Volcanic,5.6924557668390925,0.1691097594792138,0.6,0.3317112174548555,coffee,0.5528520290914258
3010,825.44525,-4.213397350012002,-5.335427530244578,Rural_Kilimani,7.482296,570.1,-3.3,29.3,13.0,0.56,Sandy,6.35702214192517,0.254137619509668,2.4,1.3318044044745145,potato,0.5549185018643811
3011,508.23248,-6.754608334158988,-3.637187868843753,Rural_Hawassa,5.929151,651.0,-6.1,30.7,12.3,0.56,Loamy,4.821640237128371,0.2128663283176037,3.3,1.7413613099969594,maize,0.527685245453624
3012,670.42773,-9.638252004113015,-9.32651596526084,Rural_Akatsi,11.945924,1894.5,-3.5,31.4,13.95,0.67,Volcanic,4.063298324169661,0.2337668520990288,1.8,1.4013391780708124,tea,0.7785217655948957
3013,683.98364,-7.971145507420844,-4.524596922679198,Rural_Hawassa,18.044287,1097.3,-4.1,28.7,12.3,0.63,Sandy,5.016004632006773,0.0699897512648189,1.4,0.7387336903671419,cassava,0.5276669216908156
3014,600.7401,-7.691792526894047,-2.74076958603536,Rural_Hawassa,9.388646,1117.6,-4.8,30.4,12.8,0.61,Loamy,5.025293939829797,0.2082616347367551,4.5,2.586288131467856,cassava,0.5747306958817457
3015,870.71796,-3.708759707770048,-5.3038952288392585,Rural_Kilimani,8.9202,626.3,-2.8,29.2,13.2,0.57,Rocky,4.474026783132763,0.2135995973020504,2.5,1.2589295694609048,wheat,0.5035718277843619
3016,676.61633,-9.011960644544876,-7.587734773481748,Rural_Akatsi,32.17696,1546.3,-3.7,29.0,12.65,0.71,Volcanic,4.393996205958447,0.0690577711037197,0.7,0.5333850892099687,tea,0.7619786988713839
3017,805.4713,-10.913363189420812,-0.2316993170691532,Rural_Sokoto,2.1088085,2315.8,-1.9000000000000004,28.3,13.2,0.67,Volcanic,5.636869927351379,0.3502170689455726,11.3,7.0618479513351655,coffee,0.6249422965783332
3018,418.76093,-10.422242626881769,-7.858011642670207,Rural_Akatsi,5.1777854,1702.7,-5.9,36.2,15.150000000000002,0.64,Silt,7.349257249521983,0.0488399151657566,3.2,1.610826378072467,rice,0.5033832431476459
3019,881.5896,-8.291049727056368,-8.146306969804565,Rural_Akatsi,12.469486,1583.3,-1.8000000000000007,32.1,15.15,0.65,Volcanic,4.856050941849206,0.0966918075210023,0.6,0.4200628578229682,tea,0.7001047630382804
3020,944.9494,-3.677219855129925,-2.808338803332475,Rural_Kilimani,7.267921,1069.2,-1.6999999999999993,29.0,13.65,0.6,Rocky,5.076426007407692,0.3619434494963565,4.5,1.8603338556108797,tea,0.4134075234690844
3021,349.028,-11.007982747341178,-5.73183360505432,Rural_Hawassa,14.980385,1675.5,-6.6,31.4,12.4,0.67,Silt,5.471324724887512,0.0892299623404234,1.1,0.6493604588762032,rice,0.5903276898874574
3022,299.50497,-12.99949915690318,-7.623771689373542,Rural_Hawassa,7.4926353,1645.2,-7.1,32.1,12.5,0.64,Silt,6.082071397012038,0.0006057363275788,2.8,1.3855665821317629,wheat,0.49484520790420106
3023,729.39734,-6.682517242410137,-6.970602588834763,Rural_Amanzi,20.915215,805.0,-3.9,30.1,13.1,0.62,Sandy,5.336397633251659,0.2959139513185579,1.2,0.5295792292632227,wheat,0.44131602438601886
3024,639.21765,-9.192188373917002,-2.790320345386577,Rural_Hawassa,4.2056856,1607.9,-4.0,30.2,13.1,0.63,Volcanic,5.073416283214241,0.0123314567864208,3.2,2.6570980031014324,tea,0.8303431259691976
3025,867.8617,-3.1725822128879706,-7.619267074887067,Rural_Kilimani,9.558816,724.2,-2.8,29.1,13.15,0.58,Rocky,5.515585331529854,0.0724258054983083,2.2,1.317033132132984,potato,0.5986514236968109
3026,619.97687,-2.302983418667459,-4.384953873598493,Rural_Kilimani,1.864458,493.6,-5.2,30.2,12.5,0.54,Loamy,6.517987201319795,0.1013106716427887,7.5,4.4215054182078095,potato,0.5895340557610412
3027,714.0852,-2.217375247215699,-6.123735065377588,Rural_Kilimani,38.968655,464.3,-4.4,28.9,12.25,0.65,Sandy,4.732920934392396,0.3501822027562216,1.0,0.5168817255486005,potato,0.5168817255486005
3028,821.05066,-4.208891656777698,-5.448042892406437,Rural_Kilimani,3.0016048,561.4,-3.3,30.3,13.5,0.54,Sandy,5.571604460367152,0.2556235992138593,8.6,5.434220599831669,potato,0.6318861162594964
3029,584.6739,-8.42171483085116,-6.488608838782009,Rural_Akatsi,10.437371,1157.7,-4.9,34.5,14.8,0.61,Loamy,6.401009774863876,0.1676251897120907,4.8,2.371914371080148,coffee,0.4941488273083641
3030,467.01422,-10.187946578698002,-5.285876770893361,Rural_Hawassa,7.101674,1604.2,-5.6,31.3,12.85,0.64,Silt,6.559760629931823,0.1089018343771934,4.0,2.152129386331017,wheat,0.5380323465827542
3031,829.69635,-3.830413425096234,-2.556080392089912,Rural_Kilimani,2.8858879,995.9,-2.9000000000000004,25.9,11.5,0.58,Sandy,6.292377830053824,0.387917987730618,14.8,4.7364847919875634,coffee,0.3200327562153759
3032,316.93228,-12.657066471096137,-8.096756210453346,Rural_Akatsi,2.8583493,1725.9,-6.8,34.5,13.85,0.63,Silt,5.590815137232717,0.0126272659383645,8.7,3.7290689140066267,wheat,0.4286286108053594
3033,253.1362,-11.940661246841934,-5.961568943864512,Rural_Hawassa,6.689102,1672.4,-7.5,34.8,13.65,0.64,Silt,6.6516332070788975,0.0018551206555842,4.8,1.8900720045407624,banana,0.3937650009459922
3034,750.1142,-5.033433518655178,-7.66431321975181,Rural_Amanzi,18.88507,653.2,-3.9,30.0,13.05,0.6,Sandy,4.782527556053698,0.4286280800901947,1.5,0.7916164028693812,potato,0.5277442685795874
3035,711.3959,-5.529059774428527,-7.1417779393207885,Rural_Amanzi,0.9386204,593.6,-4.3,28.6,12.15,0.54,Sandy,6.476624979277389,0.4224632833918919,7.0,3.479381058912124,potato,0.49705443698744634
3036,693.27124,-2.307489111901763,-5.93904587143214,Rural_Kilimani,49.96809,442.7,-4.6,29.4,12.4,0.68,Sandy,4.592124356213119,0.3477014314344985,0.7,0.3450269156789895,potato,0.4928955938271279
3037,445.3378,-11.77845629040702,-9.074257554018278,Rural_Akatsi,7.611847,1941.1,-5.5,32.8,13.65,0.66,Silt,5.787364577698254,0.0557777772311136,2.4,1.4740980581236018,rice,0.6142075242181675
3038,642.4082,-6.376130102477523,-4.159723149274776,Rural_Hawassa,26.453074,635.3,-5.0,27.1,11.05,0.62,Sandy,5.204687142024029,0.1769463361596715,1.4,0.6502405626713663,wheat,0.4644575447652617
3039,360.14154,-10.859294870609173,-6.164276595755856,Rural_Hawassa,11.993555,1665.3,-6.5,34.0,13.75,0.65,Silt,7.149216795720617,0.1527296319508427,1.5,0.5154319359232054,banana,0.34362129061547025
3040,625.5265,-1.681197752333622,-3.7182709296002914,Rural_Kilimani,1.6929632,643.5,-5.0,30.6,12.8,0.55,Loamy,6.222919488340817,0.0764328736730036,7.4,5.268067153338052,maize,0.7119009666673043
3041,858.74365,-7.200671964355002,-7.290430217374442,Rural_Akatsi,39.292286,1113.7,-2.5,29.7,13.6,0.7,Sandy,4.79218854799956,0.1441080515291451,2.0,1.0151372688763698,tea,0.5075686344381849
3042,685.1215,-8.73260766401808,-5.812916665810858,Rural_Hawassa,6.7852826,1336.6,-4.0,31.4,13.7,0.61,Volcanic,5.631852988856144,0.1201675344435371,3.5,1.8609445891546426,coffee,0.5316984540441836
3043,681.60175,-5.258718180370337,-7.376017892617454,Rural_Kilimani,5.1741514,561.8,-4.6,33.3,14.349999999999998,0.55,Sandy,5.466884919523183,0.4486049948128343,2.7,1.1606731762795846,wheat,0.42987895417762384
3044,715.8566,-8.547874241411648,-0.8127945858243428,Rural_Sokoto,2.4029129,1720.9,-3.2,30.7,13.75,0.63,Volcanic,4.231094167047399,0.1199613519837732,12.4,9.514837922657652,tea,0.7673256389240042
3045,420.42795,-10.449276786287584,-4.997581443759003,Rural_Hawassa,13.111409,1627.9,-6.0,34.3,14.15,0.66,Silt,5.424305250200246,0.0552943355305837,0.9,0.3870190580031788,banana,0.4300211755590876
3046,548.3911,-10.52587357127074,-6.299415030350088,Rural_Hawassa,9.947273,1791.8,-4.7,30.8,13.05,0.66,Silt,6.336066617140547,0.2397060920809725,4.0,2.0482459748191983,wheat,0.5120614937047996
3047,620.1403,-6.155351133996668,-7.484128640292838,Rural_Amanzi,18.700323,637.6,-5.1,33.2,14.05,0.6,Loamy,5.234266474689896,0.4742581419261401,0.5,0.26162803115410993,maize,0.5232560623082199
3048,851.23596,-3.596117376912469,-7.051685649591302,Rural_Kilimani,2.6185684,648.5,-3.0,28.2,12.6,0.55,Rocky,4.433562645494229,0.1540167160729423,14.7,7.274378998732477,potato,0.49485571419948826
3049,622.0514,-2.2534207930901253,-6.439058079430791,Rural_Kilimani,9.804815,372.9,-5.3,31.8,13.25,0.55,Loamy,6.4630796918091145,0.318403350544099,4.9,3.3476839790006534,wheat,0.6832008120409496
3050,748.9912,-5.493014228554102,-2.2092250766313875,Rural_Hawassa,2.4588516,980.6,-3.6,28.1,12.25,0.57,Sandy,6.414384887558858,0.632764622503842,5.5,2.280486178054054,maize,0.4146338505552825
3051,514.1059,-9.836502506422356,-2.916449551007859,Rural_Hawassa,20.265495,1642.3,-5.2,30.9,12.85,0.68,Silt,6.975268441827983,0.0109712868863496,0.9,0.3677512764082196,banana,0.40861252934246617
3052,512.27246,-9.138120055105365,-7.09222717996957,Rural_Akatsi,7.709028,1364.3,-5.5,31.7,13.1,0.62,Silt,6.986026614810703,0.0350385742561898,2.9,1.0459122452128595,cassava,0.3606593949009861
3053,734.7275,-6.011168950498966,0.4484974703884716,Rural_Sokoto,7.7266493,1383.1,-3.4000000000000004,27.6,12.1,0.62,Volcanic,4.527945069023265,0.87817577600025,3.5,1.7229537113784354,tea,0.49227248896526726
3054,818.57605,-11.003477054106874,-0.18665317220441,Rural_Sokoto,2.3851607,2338.5,-1.6999999999999993,27.2,12.75,0.68,Volcanic,4.434218686532329,0.3426727063045342,8.9,5.452219930642873,tea,0.6126089809711094
3055,670.27094,-5.736321663206473,0.4530020848749461,Rural_Sokoto,34.566906,1296.8,-4.0,30.1,13.05,0.7,Volcanic,3.759989379473221,0.8511511985738937,1.5,0.7088416824415734,rice,0.47256112162771563
3056,418.83047,-0.6944509340212282,-3.9389970394375338,Rural_Kilimani,7.246959,404.0,-7.1,29.6,11.25,0.55,Loamy,6.163896182333117,0.0082765661902742,5.0,3.27727279354927,maize,0.6554545587098539
3057,419.0913,-9.994201769622965,-6.970602588834763,Rural_Akatsi,7.8697863,1542.0,-6.1,32.0,12.95,0.63,Silt,6.5773937672189655,0.0734104710650238,3.3,1.3535784923373433,banana,0.4101753007082859
3058,344.57217,-11.300852807570884,-6.033642775648101,Rural_Hawassa,8.385743,1719.8,-6.6,35.0,14.2,0.65,Silt,6.5973572688612165,0.0419634763651077,3.8,2.1870800870648073,rice,0.575547391332844
3059,668.2825,-8.34962373910231,-6.303919644836561,Rural_Akatsi,21.29156,1209.1,-4.1,34.1,15.0,0.65,Volcanic,4.437595240394828,0.2189359193636454,1.5,0.5634893455916086,cassava,0.375659563727739
3060,493.86484,-7.07000686056021,-3.4660125183577284,Rural_Hawassa,20.601328,734.8,-6.1,32.2,13.05,0.61,Loamy,6.161020666636423,0.1568419068339123,1.7,1.174661135473443,wheat,0.6909771385137901
3061,731.8739,-2.84366660678384,-2.830861875764847,Rural_Kilimani,14.444167,883.3,-3.8,29.0,12.6,0.6,Sandy,5.393302538066193,0.3681760530169679,0.9,0.37670912798201656,wheat,0.4185656977577962
3062,864.6647,-2.028136131374966,-1.132622214364021,Rural_Kilimani,10.227065,1466.3,-2.1,30.0,13.95,0.63,Volcanic,4.271079233370246,0.1077333265064042,4.9,3.086152685822118,tea,0.6298270787392077
3063,843.31506,-4.488244637304495,-3.245286408520486,Rural_Kilimani,22.547548,845.7,-2.9000000000000004,30.6,13.85,0.63,Sandy,5.911530578881572,0.2245562597372568,1.0,0.5205302584572506,maize,0.5205302584572506
3064,661.029,-7.18264919141779,-5.443538277919963,Rural_Hawassa,6.431269,790.9,-4.6,31.6,13.5,0.57,Sandy,5.454793075986877,0.2529162766106653,4.6,2.689010098677865,potato,0.5845674127560577
3065,773.04456,-10.237509204275336,-1.8353420742540176,Rural_Sokoto,12.535802,2097.1,-2.4000000000000004,29.1,13.35,0.69,Volcanic,4.179425624500997,0.142277615122256,1.3,0.8970383625089107,tea,0.690029509622239
3066,413.04648,-14.531434856566255,-7.76791935294072,Rural_Hawassa,11.073134,1288.3,-6.5,31.5,12.5,0.62,Silt,7.00155131966962,5.3974477012003e-10,3.6,1.9271740410138745,wheat,0.535326122503854
3067,350.75995,-11.634274106909318,-8.709383780613857,Rural_Akatsi,15.971672,1828.4,-6.4,32.6,13.1,0.68,Silt,6.863218382335873,0.1858851272074131,0.9,0.42512655371965385,wheat,0.47236283746628205
3068,771.6643,-5.27674095330755,-7.623771689373542,Rural_Amanzi,26.297575,690.8,-3.7,29.7,13.0,0.63,Sandy,4.949365493386184,0.4317101788200655,1.4,0.7654497459668017,potato,0.5467498185477155
3069,717.3265,-6.484266740100798,-7.002134890240083,Rural_Amanzi,18.991745,749.2,-4.1,29.6,12.75,0.61,Sandy,4.785948170266916,0.360362512700657,0.8,0.31955852861169415,wheat,0.39944816076461764
3070,946.13776,-3.848436198033445,-2.204720462144913,Rural_Kilimani,17.933739,1193.1,-1.5999999999999996,30.0,14.2,0.64,Sandy,4.564704979103898,0.4610393577546193,1.2,0.4506852635634044,tea,0.37557105296950366
3071,699.3865,-5.565105320302953,-4.344412343220224,Rural_Kilimani,0.33702677,566.9,-4.4,30.5,13.05,0.54,Sandy,5.681898608705217,0.2329907060718533,8.7,5.326167093217784,potato,0.6122031141629637
3072,572.8815,-6.304039010728673,-4.159723149274776,Rural_Hawassa,1.0030061,561.7,-5.6,33.4,13.9,0.54,Loamy,4.890563324191197,0.1824669304185728,8.1,4.766005086885606,wheat,0.5883956897389637
3073,100.13457,-12.305622398820493,-6.533654983646753,Rural_Hawassa,4.207744,1510.0,-9.0,34.6,12.8,0.62,Silt,7.316254064541319,0.000178741152005,2.7,1.274722341233039,wheat,0.4721193856418663
3074,451.2691,-14.38274697983425,-6.826454925267584,Rural_Hawassa,3.9033477,1399.9,-5.9,32.4,13.25,0.61,Peaty,4.727622952080163,4.1455220877495645e-09,8.8,5.517595866816792,rice,0.6269995303200899
3075,677.0592,-3.551060444569437,-6.817445696294636,Rural_Kilimani,6.2094617,446.7,-4.7,30.9,13.1,0.55,Sandy,5.416421928867855,0.1716412148978059,3.7,1.747892848461858,wheat,0.4724034725572589
3076,885.1217,-3.465452273117677,-4.069630859545289,Rural_Kilimani,16.673079,776.6,-2.6,31.6,14.5,0.6,Rocky,5.909993548998248,0.2029179719582306,1.0,0.5751787146630225,maize,0.5751787146630225
3077,506.97583,-7.060995474091603,-0.8758591886349836,Rural_Sokoto,14.514192,1154.2,-5.6,33.5,13.95,0.62,Loamy,4.911822748565076,0.6749362695464874,1.4,0.6786204440033787,cassava,0.484728888573842
3078,709.26794,-6.132822667825151,-2.984018768304974,Rural_Hawassa,0.6834745,849.4,-4.1,32.6,14.25,0.56,Sandy,5.5335133068043385,0.4729750815842171,13.3,5.380901718961723,wheat,0.4045790766136633
3079,838.5359,-8.56139132111456,0.3764236386048822,Rural_Sokoto,7.567742,1931.6,-2.0,28.7,13.35,0.66,Volcanic,4.372108472933864,0.1087183673081958,3.8,2.8455599638613918,tea,0.7488315694372084
3080,861.0339,-8.070270758575514,-0.4118838965281266,Rural_Sokoto,6.7838545,1795.1,-1.8000000000000007,29.4,13.8,0.65,Volcanic,5.752089263451806,0.2204254658248745,4.9,2.6759043340499598,coffee,0.5461029253163183
3081,556.151,-10.205969351635217,-1.5650652050655574,Rural_Sokoto,4.6752963,1886.7,-4.5,30.5,13.0,0.65,Silt,7.081364965571128,0.1279037188523868,2.9,1.359141458324714,banana,0.4686694683878324
3082,568.4804,-9.268785158900156,-4.943526069921311,Rural_Hawassa,17.0679,1418.2,-4.8,30.4,12.8,0.65,Silt,5.853091137101779,0.0204986213274542,0.9,0.42371689317575184,banana,0.4707965479730576
3083,879.7055,-4.366590919978311,-3.429975602465934,Rural_Kilimani,3.4623682,851.4,-2.5,26.7,12.1,0.57,Rocky,5.764875529012019,0.2189694528539867,9.3,5.327281088659305,wheat,0.5728259235117532
3084,617.87787,-14.774742291218626,-6.177790439215279,Rural_Hawassa,3.271157,1429.5,-4.3,31.6,13.65,0.61,Peaty,4.768908900243643,1.8423372392568287e-09,9.7,4.327322667405011,banana,0.4461157389077331
3085,736.14856,-2.983343097047237,-0.9073914900403042,Rural_Kilimani,16.411037,1287.0,-3.4000000000000004,30.7,13.65,0.64,Volcanic,4.9936534460300415,0.3203249069577267,1.7,1.1443256379249844,tea,0.6731327281911673
3086,709.539,-2.415625749525038,-2.736264971548885,Rural_Kilimani,3.4680774,912.7,-4.0,27.7,11.85,0.57,Sandy,6.59839356626268,0.2968452487363431,7.3,3.563463045340951,maize,0.4881456226494454
3087,953.4653,-4.416153545555645,-3.7002524716543936,Rural_Kilimani,10.772144,880.0,-1.8000000000000007,28.5,13.35,0.59,Rocky,4.370488324157495,0.2083768386434406,4.4,1.7363938059370447,tea,0.39463495589478287
3088,835.0331,-4.9117798013289935,-4.475046163327979,Rural_Kilimani,10.020695,651.7,-3.1,27.8,12.35,0.57,Sandy,5.699733071052619,0.249636927686037,4.6,2.8882484670696105,potato,0.6278801015368719
3089,651.8585,-5.727310276737866,-3.803858604843304,Rural_Hawassa,32.129253,603.5,-4.8,28.0,11.6,0.64,Sandy,6.494638693624474,0.2041449112486021,0.7,0.36523714413862884,potato,0.5217673487694698
3090,386.84885,-9.498575513849616,-6.772399551429893,Rural_Akatsi,11.375572,1344.0,-6.6,31.5,12.45,0.63,Silt,6.618068591698293,0.0613906220044769,4.0,2.4167006455362623,rice,0.6041751613840656
3091,750.93097,-5.709287503800654,-5.862467425162076,Rural_Kilimani,55.036686,568.8,-4.0,30.8,13.4,0.71,Sandy,5.94256926171796,0.2924986122783483,0.6,0.32631770780664887,wheat,0.5438628463444148
3092,730.69495,-8.813710142235536,-2.3083265953338232,Rural_Hawassa,30.52351,1641.4,-3.2,29.1,12.95,0.71,Volcanic,5.168369331469363,0.045420992577148,1.2,0.5627249173104569,cassava,0.46893743109204744
3093,373.4702,-9.62924061764441,-3.916473967005162,Rural_Hawassa,17.970093,1345.2,-7.0,33.0,13.0,0.65,Silt,6.526089240591707,0.0130268116840123,0.9,0.5006968253592341,wheat,0.5563298059547045
3094,609.34845,-2.37507451041631,-4.141704691328878,Rural_Kilimani,1.8175572,518.0,-5.3,30.9,12.8,0.54,Loamy,6.458533430942368,0.1217866988671643,12.7,9.385730094552336,wheat,0.7390338657127824
3095,793.05676,-10.178935192229396,-0.3488192937174859,Rural_Sokoto,4.5932817,2200.0,-2.1,30.6,14.25,0.67,Volcanic,4.685562093688361,0.3613586711894115,4.2,2.804386294085774,tea,0.6677110224013747
3096,703.1617,-2.37507451041631,-3.1056433594397808,Rural_Kilimani,3.8369374,820.1,-4.2,32.7,14.250000000000002,0.57,Sandy,5.679157078977193,0.2634220040563087,7.3,4.2430134750989446,potato,0.5812347226162938
3097,439.27606,-12.310128092054793,-9.069752939531805,Rural_Akatsi,1.2218006,1909.2,-5.6,31.0,12.7,0.64,Silt,5.583056864271223,0.0144633523696545,10.1,5.250940778132543,coffee,0.5198951265477766
3098,200.64993,-12.729157562844987,-6.204818126134126,Rural_Hawassa,2.6704254,1576.8,-8.0,35.6,13.8,0.62,Silt,6.041061395501595,7.962753322194934e-06,12.4,7.028391153894152,rice,0.5668057382172703
3099,702.4787,-3.316764396385672,-2.0515635696047863,Rural_Kilimani,0.5918416,999.0,-4.0,31.0,13.5,0.57,Sandy,5.790323502925822,0.4333356518109583,8.8,5.003532052733125,cassava,0.5685831878105824
3100,593.4576,-6.984398689108451,-4.434504632949711,Rural_Hawassa,6.700195,708.0,-5.3,31.5,13.1,0.57,Loamy,5.342133240480835,0.1326032628721309,4.3,2.9083153345220163,potato,0.6763524033772131
3101,711.32153,-5.353337738290703,-0.7857668989054967,Rural_Kilimani,1.6700432,1190.3,-3.8,33.3,14.749999999999998,0.59,Sandy,6.714525178678106,0.8977116227981211,9.8,3.8809588879267793,cassava,0.39601621305375295
3102,597.1237,-5.37586620446222,-0.2452131605285763,Rural_Kilimani,1.521442,1144.3,-4.8,29.7,12.45,0.58,Loamy,5.524888399485865,0.895200396304124,12.3,6.723253626740898,cassava,0.5466059859138941
3103,727.8497,-6.258982078385641,-0.2046716301503073,Rural_Sokoto,7.290034,1346.3,-3.5,30.2,13.35,0.62,Volcanic,4.691975536403552,0.9786902847086436,4.0,1.9760359105150975,tea,0.4940089776287744
3104,646.93695,-8.507323002302922,-4.344412343220224,Rural_Hawassa,17.03703,1219.8,-4.6,32.7,14.05,0.64,Volcanic,4.231824545994441,0.0305961560350369,0.7,0.48408746127610325,tea,0.691553516108719
3105,796.23,-2.7265185826919573,-0.6731515367436385,Rural_Kilimani,5.9656525,1410.0,-2.8,27.4,12.3,0.62,Volcanic,5.439262741285045,0.231732483829352,3.4,1.5750718833021942,coffee,0.46325643626535123
3106,854.81354,-5.993146177561753,-7.9075624020214255,Rural_Amanzi,9.525615,914.7,-2.7,28.9,13.1,0.59,Rocky,4.5258232031303285,0.3189317069322194,3.4,1.5325167575500902,tea,0.45074022280885007
3107,770.51227,-8.331600966165098,-7.781433196400143,Rural_Akatsi,8.631739,1453.8,-2.8,30.4,13.8,0.63,Volcanic,5.1938309553167965,0.0653071528384852,3.9,2.8244543038972068,tea,0.7242190522813351
3108,497.99338,-9.841008199656658,-7.367008663644504,Rural_Akatsi,2.7478042,1600.3,-5.3,31.9,13.3,0.62,Silt,6.115420339679006,0.0401634901525916,7.0,4.927754834576148,rice,0.7039649763680211
3109,696.552,-2.884217845892568,-4.366935415652596,Rural_Kilimani,16.424477,555.4,-4.5,32.1,13.8,0.59,Sandy,5.531629011646131,0.1478719830950044,1.5,0.7036555257997016,maize,0.4691036838664677
3110,650.50134,-10.719618380345777,-1.2722652634447251,Rural_Sokoto,14.044943,2089.8,-3.5,29.8,13.15,0.69,Volcanic,4.110895828553015,0.1979979613290127,1.5,1.099520345563156,tea,0.7330135637087707
3111,634.7929,-2.456176988633768,-3.9795385698158015,Rural_Kilimani,0.9205324,568.9,-5.0,32.0,13.5,0.54,Loamy,6.625853696510584,0.1481088071494186,9.4,6.434739372349348,maize,0.6845467417392923
3112,792.62036,-5.330809272119188,-5.506602880730603,Rural_Kilimani,14.573755,569.2,-3.6,29.8,13.1,0.58,Sandy,4.792013668871998,0.3086447920674073,1.6,0.7079642025696481,wheat,0.44247762660603
3113,368.05594,-11.156670624073184,-8.434602296938921,Rural_Akatsi,23.416075,1802.9,-6.3,33.6,13.65,0.7,Silt,6.427865400795926,0.2279180021473691,0.9,0.47686916219821784,coffee,0.5298546246646865
3114,952.2745,-1.978573505797632,-8.119279282885719,Rural_Kilimani,6.7115793,861.0,-1.9000000000000004,28.7,13.4,0.58,Rocky,5.721605055857325,0.0137357416288986,4.8,2.976515564600595,potato,0.6201074092917906
3115,300.43658,-11.539654548988953,-5.984092016296883,Rural_Hawassa,30.247576,1711.8,-6.9,31.7,12.4,0.72,Silt,7.133975769330204,0.0151028380603885,1.8,0.8442081177066423,rice,0.46900450983702346
3116,643.6647,-2.6183819450686805,-6.767894936943418,Rural_Kilimani,25.165237,409.5,-5.1,29.1,12.0,0.6,Sandy,4.7412437781946775,0.2320783526427867,1.5,0.7770057599195357,potato,0.5180038399463571
3117,616.14044,-5.195638475090092,-0.1686347142585125,Rural_Kilimani,4.294516,1169.2,-4.6,27.9,11.65,0.59,Loamy,6.173590583723699,0.850013933101747,4.7,2.3053536903852265,wheat,0.49050078518834606
3118,464.84686,-9.50308120708392,-3.110147973926256,Rural_Hawassa,15.9427,1490.7,-5.7,34.5,14.4,0.65,Silt,5.693957100531769,0.0055620295839615,0.7,0.3132534307950296,banana,0.4475049011357566
3119,742.00964,-8.07928214504412,-7.488633254779311,Rural_Akatsi,1.4217737,1290.0,-3.4000000000000004,28.9,12.75,0.59,Volcanic,4.456524023680113,0.0565540844551853,11.0,7.5587947079282145,tea,0.6871631552662013
3120,575.9232,-8.696562118143653,-3.006541840737346,Rural_Hawassa,6.0292172,1363.9,-4.8,32.8,13.999999999999998,0.61,Peaty,5.2307754636978965,0.0256116588663484,4.7,1.9113959939301355,wheat,0.40667999870853944
3121,803.45416,-2.969826017344328,-7.785937810886618,Rural_Kilimani,17.235687,675.7,-3.4000000000000004,32.3,14.45,0.6,Sandy,4.907208951182242,0.0512387188298771,1.0,0.6068751032369073,potato,0.6068751032369073
3122,548.3653,-2.0957215298895147,-6.065175077053421,Rural_Kilimani,20.75451,291.8,-6.1,32.4,13.15,0.58,Loamy,6.399641951494573,0.3360242527976317,1.0,0.6548176090940766,wheat,0.6548176090940766
3123,837.2831,-11.19722186318191,-0.3578285226904347,Rural_Sokoto,1.1235305,2366.8,-1.5,27.7,13.1,0.67,Volcanic,5.388301327671636,0.3366670863612157,14.1,7.901433456390161,coffee,0.5603853515170327
3124,708.85315,-6.038203109904785,-2.898431093061961,Rural_Hawassa,13.076683,851.2,-4.1,29.5,12.7,0.6,Sandy,5.0222900154579735,0.4338535339897669,1.4,0.7315266800146366,potato,0.5225190571533119
3125,734.75867,-7.088029633497423,-6.317433488295984,Rural_Akatsi,5.3311276,869.5,-3.8,30.1,13.15,0.57,Sandy,5.971255285584527,0.2759390752611896,2.7,1.313804937311345,maize,0.486594421226424
3126,763.4102,-5.073984757763908,-6.871501070132328,Rural_Kilimani,6.7224565,575.8,-3.8,31.2,13.7,0.56,Sandy,5.303027081288212,0.386201699633497,4.3,1.9222420410019296,wheat,0.4470330327911464
3127,655.93225,-8.00719105329527,0.9395004494141744,Rural_Sokoto,3.0350714,1638.6,-3.8,29.1,12.65,0.63,Volcanic,5.076260601446488,0.1325316354298344,5.5,4.5323662205411654,tea,0.8240665855529392
3128,373.43402,-10.435759706584676,-4.875956852624196,Rural_Hawassa,18.702076,1576.8,-6.5,32.9,13.2,0.67,Silt,5.937323279610346,0.0539702823767288,1.7,0.7659947590466522,banana,0.45058515238038366
3129,669.0895,-7.849491790094658,-2.929963394467282,Rural_Hawassa,4.682701,1207.7,-4.1,29.9,12.9,0.6,Volcanic,5.4095368573925,0.1315701959474906,2.6,1.3482585771046987,cassava,0.5185609911941148
3130,743.6042,-6.222936532511215,-7.817470112291938,Rural_Amanzi,25.503893,826.5,-3.8,30.1,13.15,0.63,Sandy,6.287815575107392,0.3498835958669146,1.4,0.7077646836926776,maize,0.505546202637627
3131,634.86725,-5.506531308257012,-0.2497177750150507,Rural_Sokoto,6.7373176,1187.7,-4.5,35.7,15.6,0.6,Loamy,6.512571926080936,0.9238900709480428,3.5,0.9621206925541145,coffee,0.2748916264440327
3132,447.44583,-10.86830625707778,-7.339980976725658,Rural_Hawassa,4.920262,1795.6,-5.6,30.0,12.2,0.64,Silt,6.030764956068425,0.0290334495288818,2.2,1.1677333023422944,coffee,0.5307878647010429
3133,504.789,-1.5189927958987075,-6.308424259323036,Rural_Kilimani,34.16046,245.6,-6.5,31.9,12.7,0.62,Loamy,6.369235948969036,0.1869590860171061,1.4,0.831855889845019,maize,0.5941827784607279
3134,308.54718,-11.967695406247753,-8.285950018885268,Rural_Akatsi,4.29885,1773.3,-6.9,33.7,13.400000000000002,0.64,Silt,5.581347491219548,0.1837277898449752,3.6,1.59620913303577,banana,0.4433914258432694
3135,853.76843,-11.102602305261543,0.6061589774150735,Rural_Sokoto,20.01032,2390.1,-1.4000000000000004,28.1,13.35,0.73,Volcanic,5.126086634035457,0.2031128868879994,2.0,1.2889697694882478,tea,0.6444848847441239
3136,591.8794,-9.804962653782232,-7.713863979103029,Rural_Akatsi,8.007745,1732.0,-4.2,32.6,14.2,0.65,Silt,6.282384158393148,0.0670786169700674,2.5,1.3674884888469498,wheat,0.54699539553878
3137,714.4153,-2.816632447378021,-4.186750836193622,Rural_Kilimani,7.2949905,603.2,-4.3,31.9,13.8,0.56,Sandy,6.62921623645505,0.1574511779254453,3.6,1.888224488701592,potato,0.5245068024171089
3138,692.58435,-8.128844770621455,-4.830910707759452,Rural_Hawassa,12.57731,1127.1,-4.2,31.2,13.5,0.62,Sandy,6.145885374870348,0.1676167253971144,2.0,0.8642652661447965,coffee,0.43213263307239824
3139,830.8305,-4.7630919245969885,-1.8984066770646584,Rural_Kilimani,25.760689,1105.5,-2.7,30.2,13.75,0.66,Sandy,5.532343892276669,0.6717616749581272,1.5,0.5013555933509624,tea,0.33423706223397487
3140,703.3587,-5.776872902315201,-7.56971631553585,Rural_Amanzi,51.053715,672.8,-4.3,30.2,12.95,0.7,Sandy,5.288757490577803,0.4341307567711471,0.5,0.20749825615162346,wheat,0.4149965123032469
3141,747.0854,-10.701595607408564,0.1061467694164219,Rural_Sokoto,27.061304,2259.7,-2.3,29.2,13.45,0.75,Volcanic,5.681285641062314,0.3482726227792923,1.7,0.9418826829654886,banana,0.5540486370385227
3142,671.20154,-6.277004851322852,-6.912042600510596,Rural_Amanzi,11.271813,647.4,-4.6,31.4,13.4,0.58,Sandy,5.614445265183058,0.3698942486739119,2.6,1.1750910074642458,maize,0.45195807979394065
3143,731.5753,-3.830413425096234,-6.542664212619701,Rural_Kilimani,13.322928,485.2,-4.2,28.0,11.9,0.57,Sandy,4.599490242267838,0.2065034374864189,1.2,0.6345474999766053,potato,0.5287895833138377
3144,672.8451,-9.06152327012221,-4.3804492591120185,Rural_Hawassa,7.947543,1475.1,-3.8,28.0,12.1,0.63,Volcanic,5.218310468244988,0.0120970425883929,3.0,2.335682763028413,tea,0.778560921009471
3145,481.21753,-8.77766459636111,-3.01104645522382,Rural_Hawassa,11.311746,1290.2,-5.8,32.6,13.4,0.62,Silt,7.239389071240828,0.0212593610889728,4.6,2.3635060091760245,wheat,0.513805654168701
3146,938.5903,-4.285488441760853,-3.2948371678717034,Rural_Kilimani,3.9360652,940.3,-1.9000000000000004,30.6,14.35,0.58,Rocky,5.243502756811685,0.2341498174017888,13.6,5.7567790707971875,tea,0.4232925787350873
3147,443.53583,-13.92767196316963,-6.74987647899752,Rural_Hawassa,5.7132607,1552.9,-5.9,33.7,13.900000000000002,0.63,Silt,7.247069168174043,2.9364051013714966e-08,3.9,2.180476971452941,rice,0.5590966593469079
3148,438.52747,-9.750894334970596,-7.2273656145638,Rural_Akatsi,19.180717,1494.0,-6.1,31.5,12.7,0.66,Silt,7.18216384041915,0.0407983091600414,1.9,0.9379547158578516,wheat,0.49366037676729035
3149,326.59003,-13.026533316308996,-7.957113161372644,Rural_Hawassa,7.861092,1664.5,-6.9,31.8,12.45,0.64,Silt,6.009056475666679,0.0010390259538839,2.4,1.174628611574307,wheat,0.48942858815596124
3150,553.4177,-1.7127376049737446,-3.3038463968446523,Rural_Kilimani,7.580876,657.3,-5.7,29.9,12.1,0.57,Loamy,5.787900895960275,0.1098222592938064,2.1,1.4110194386990904,potato,0.6719140184281382
3151,798.6101,-5.326303578884884,-4.677753815219325,Rural_Kilimani,10.588419,616.7,-3.5,27.9,12.2,0.57,Sandy,6.630082676390028,0.2679729402320074,2.0,1.0389718946725948,potato,0.5194859473362974
3152,654.4929,-14.689134119766866,-6.146258137809959,Rural_Hawassa,7.3337493,1489.7,-4.0,30.7,13.35,0.63,Volcanic,5.916146865594154,3.120159630257423e-09,2.5,1.4703692833064363,coffee,0.5881477133225745
3153,363.19528,-13.38698877505325,-6.605728815430342,Rural_Hawassa,13.969659,1608.4,-6.7,31.3,12.3,0.66,Silt,5.464267922968306,3.301332641583594e-07,1.0,0.4209491565944293,banana,0.4209491565944293
3154,736.69147,-1.8028514696598084,-0.668646922257164,Rural_Kilimani,1.9973495,1444.8,-3.3,29.9,13.3,0.61,Volcanic,4.997611844291128,0.0707198657684204,11.4,5.097689614646425,cassava,0.447165755670739
3155,274.52704,-13.621284823237016,-7.367008663644504,Rural_Hawassa,6.368323,1480.9,-7.4,34.2,13.400000000000002,0.62,Silt,5.601359421054063,1.285682209080895e-06,3.9,1.7308677149784157,wheat,0.4438122346098502
3156,679.85767,-6.069742962544908,-2.4704927168468998,Rural_Hawassa,9.717166,904.7,-4.3,31.5,13.6,0.59,Sandy,6.27035427833913,0.5352185852250473,3.7,1.5953491886898812,maize,0.4311754564026706
3157,573.753,-2.537279466851224,-6.952584130888865,Rural_Kilimani,13.460012,363.9,-5.6,31.6,13.0,0.56,Loamy,4.667852029866405,0.1884299352395424,1.5,0.8614800114971131,potato,0.574320007664742
3158,806.46844,-7.696298220128351,-8.150811584291038,Rural_Akatsi,12.324448,1317.8,-2.8,29.7,13.45,0.63,Volcanic,5.635870129358273,0.0979423252557663,0.9,0.48026519838125364,cassava,0.533627998201393
3159,534.4305,-10.489828025396314,-6.195808897161177,Rural_Hawassa,2.5436919,1766.1,-4.8,30.9,13.05,0.63,Silt,6.970103404876387,0.266540851457778,7.3,3.002244691901804,banana,0.4112663961509321
3160,428.3255,-10.98094858793536,-5.650750544297782,Rural_Hawassa,11.342775,1752.9,-5.8,33.6,13.9,0.66,Silt,6.142215132880985,0.0863688542858048,3.1,1.6278763532549805,coffee,0.5251214042758001
3161,523.51715,-12.954442224560148,-9.069752939531805,Rural_Akatsi,18.16062,1894.6,-4.9,32.8,13.95,0.69,Silt,6.042820672546398,0.0004650924389403,1.6,1.0644474438669593,rice,0.6652796524168495
3162,665.48474,-5.871492460235569,-7.186824084185532,Rural_Amanzi,21.853472,630.7,-4.4,30.5,13.05,0.61,Sandy,4.796422985186544,0.4476705302937803,1.1,0.39319412898691924,maize,0.35744920816992654
3163,357.87747,-13.220278125384032,-7.0651994930507245,Rural_Hawassa,5.803076,1659.7,-6.5,30.9,12.2,0.64,Silt,6.869238653123054,1.123167123999519e-05,2.0,1.104531957231352,rice,0.552265978615676
3164,699.0283,-9.71484878909617,-1.8218282307945948,Rural_Sokoto,22.261316,1906.2,-3.2,29.4,13.1,0.7,Volcanic,4.465185838831775,0.2629721416551268,0.7,0.5726936855566839,tea,0.8181338365095485
3165,683.1771,-5.046950598358089,-7.051685649591302,Rural_Kilimani,11.162361,508.0,-4.6,27.6,11.5,0.57,Sandy,5.054004355729594,0.4155744412732736,4.1,1.6307900093480174,wheat,0.39775366081658964
3166,827.87585,-4.443187704961463,-5.686787460189577,Rural_Kilimani,10.484743,564.1,-3.3,27.3,12.0,0.57,Sandy,6.648828921268329,0.2764586061900582,3.7,1.9171265300309792,potato,0.5181423054137781
3167,962.87665,-4.5242901831789215,-3.8083632193297774,Rural_Kilimani,4.1454215,870.8,-1.8000000000000007,28.9,13.55,0.57,Rocky,4.432399077771649,0.2065075518984769,4.9,1.8962804806375035,tea,0.38699601645663334
3168,333.22452,-11.12513077143306,-7.222861000077326,Rural_Hawassa,4.5556707,1712.7,-6.7,33.5,13.4,0.64,Silt,5.720400118459041,0.0263637566829307,3.4,2.0358190116488406,rice,0.5987702975437766
3169,818.9043,-2.3165004983703685,-0.929914562472676,Rural_Kilimani,3.3739853,1428.1,-2.6,28.3,12.85,0.61,Volcanic,5.9482493944707455,0.1475829808258788,12.2,6.9425573466942625,banana,0.5690620775978904
3170,665.20807,-10.169923805760789,-0.0334962796642823,Rural_Sokoto,7.795592,2077.7,-3.4000000000000004,32.0,14.3,0.67,Volcanic,4.623362764342893,0.3866395496013829,3.1,2.3244230181722414,tea,0.7498138768297553
3171,658.182,-7.700803913362654,-5.547144411108873,Rural_Hawassa,14.387984,950.4,-4.5,30.2,12.85,0.61,Sandy,4.599532471551272,0.3069390310019098,1.3,0.4843487259748826,wheat,0.372575943057602
3172,640.82,-8.854261381344266,-7.051685649591302,Rural_Akatsi,5.252809,1409.8,-4.2,29.6,12.7,0.61,Volcanic,5.047280078276827,0.0427779273401031,3.1,2.4207810857143874,tea,0.780897124423996
3173,325.77017,-13.040050396011909,-8.321986934777064,Rural_Akatsi,2.708128,1678.1,-6.8,33.3,13.249999999999998,0.63,Silt,6.300535479660223,0.0011594584693317,10.9,5.926657397364594,coffee,0.5437300364554674
3174,654.8436,-4.943319653969116,-1.628129807876198,Rural_Kilimani,3.5340228,975.3,-4.5,29.0,12.25,0.58,Sandy,6.758736388815084,0.8073279245014207,14.5,4.92287181104098,maize,0.3395084007614469
3175,641.0906,-10.35465722836722,-1.3398344807418403,Rural_Sokoto,16.886873,2026.8,-3.6,31.1,13.75,0.7,Volcanic,5.293795004176767,0.1516444196170257,1.7,1.0211634700955066,banana,0.6006843941738274
3176,878.91516,-1.1315031777486355,-1.871378990145812,Rural_Kilimani,5.6145544,1396.9,-2.0,30.7,14.35,0.61,Volcanic,5.560325062084604,0.0354060044208454,3.4,1.649932808996375,coffee,0.48527435558716914
3177,308.31696,-11.562183015160468,-6.8985287570511735,Rural_Hawassa,11.968528,1725.5,-6.9,33.0,13.05,0.66,Silt,6.122785910785408,0.0082259232154794,0.5,0.27740346882385847,coffee,0.5548069376477169
3178,714.73083,-14.617043028018015,-6.065175077053421,Rural_Hawassa,3.220204,1582.5,-3.4000000000000004,29.3,12.95,0.62,Volcanic,5.975634751447388,5.629834643073165e-09,9.2,5.394772616733884,coffee,0.586388327905857
3179,619.70123,-2.541785160085528,-7.637285532832965,Rural_Kilimani,38.871788,461.5,-5.3,32.2,13.45,0.65,Loamy,6.349112757083247,0.056041337321897,1.5,0.9159957890502599,potato,0.61066385936684
3180,648.0783,-5.781378595549505,-1.3308252517688917,Rural_Sokoto,17.056421,1056.5,-4.5,32.3,13.9,0.62,Sandy,4.5595271118031615,0.9060724772496082,0.6,0.22697909059197474,tea,0.37829848431995794
3181,398.1703,-10.246520590743945,-3.574123266033112,Rural_Hawassa,4.8966117,1598.6,-6.2,32.3,13.05,0.63,Silt,5.916545349301762,0.0932900151824036,2.1,0.9594730663596863,banana,0.45689193636175535
3182,834.3819,-6.646471696535713,-7.542688628617005,Rural_Amanzi,17.904453,974.0,-2.8,32.3,14.749999999999998,0.62,Sandy,4.983880262754763,0.3334076070247152,0.5,0.2649635233096166,cassava,0.5299270466192332
3183,629.74115,-1.167548723623062,-3.1146525884127296,Rural_Kilimani,19.82644,809.4,-4.8,31.3,13.25,0.61,Loamy,5.609706426625834,0.0438792276175427,1.8,1.2258313166423822,potato,0.6810173981346568
3184,491.39514,-6.479761046866495,-3.9389970394375338,Rural_Hawassa,2.4268723,535.5,-6.3,29.7,11.7,0.54,Loamy,6.636432309268534,0.1860658107619291,6.9,3.801353553192503,potato,0.5509208048105076
3185,592.9572,-2.9608146308757224,-6.452571922890214,Rural_Kilimani,37.757713,339.4,-5.6,31.0,12.7,0.64,Loamy,6.251415054870182,0.2579513196999574,1.7,1.1539772905424088,wheat,0.6788101709072993
3186,670.4506,-7.452990785475979,-4.312880041814903,Rural_Hawassa,21.576128,931.8,-4.4,29.0,12.3,0.63,Sandy,5.847714538992904,0.0885044514722367,1.7,0.870713157995045,wheat,0.5121842105853206
3187,720.52606,-8.444243297022677,-2.326345053279721,Rural_Hawassa,22.96117,1500.6,-3.6,30.9,13.65,0.68,Volcanic,3.700486254330202,0.100320896179242,0.8,0.497032669115724,tea,0.621290836394655
3188,840.16864,-2.1407784622325448,-1.4074036980389557,Rural_Kilimani,2.403424,1372.1,-2.4000000000000004,29.7,13.65,0.6,Volcanic,5.157695665952238,0.1401412671387859,10.0,6.690554263938542,tea,0.6690554263938542
3189,711.23914,-3.059939882030392,-6.934565672942969,Rural_Kilimani,7.29213,491.3,-4.4,28.6,12.1,0.55,Sandy,4.953575658566903,0.1631494398893049,2.7,1.5616652912688425,potato,0.5783945523217935
3190,771.5058,-7.673769753956835,-6.74987647899752,Rural_Akatsi,11.577567,1114.4,-3.3,30.1,13.4,0.61,Sandy,6.473779721035095,0.216175844631165,3.9,2.1088470939765642,wheat,0.5407300240965549
3191,488.23877,-9.322853477711794,-3.839895520735098,Rural_Hawassa,7.5491767,1402.8,-5.6,31.7,13.05,0.62,Silt,6.275654678887525,0.0065077918761286,2.5,1.1048974477146127,banana,0.44195897908584514
3192,812.1211,-7.3358427613840975,-7.682331677697708,Rural_Akatsi,5.045204,1152.6,-2.9000000000000004,31.2,14.15,0.59,Sandy,6.796232909162234,0.0843732829079896,2.5,1.0116656882821684,coffee,0.40466627531286736
3193,708.0054,-3.780850799518898,-6.682307261700406,Rural_Kilimani,18.95452,469.4,-4.4,32.2,13.900000000000002,0.59,Sandy,5.0719323730369466,0.1955500675834268,0.8,0.3763747132574577,cassava,0.4704683915718221
3194,797.7567,-3.9430557559538126,-0.5605361745817798,Rural_Kilimani,1.9894794,1339.7,-2.9000000000000004,30.4,13.75,0.6,Volcanic,4.075278343257789,0.6561635084344609,8.8,3.7604000007444682,tea,0.4273181819027804
3195,747.1271,-3.893493130376477,-6.24085504202592,Rural_Kilimani,9.566122,487.4,-4.1,29.6,12.75,0.56,Sandy,5.940924294943369,0.2229413736685946,4.4,2.4005479301417862,wheat,0.5455790750322241
3196,503.08777,-1.6271294335219846,-5.515612109703552,Rural_Kilimani,33.207195,265.1,-6.5,33.0,13.25,0.62,Loamy,6.474564091552377,0.1651301557658135,0.8,0.42869018777339996,potato,0.5358627347167499
3197,701.38245,-7.921582881843509,1.2142819330891093,Rural_Sokoto,3.4169176,1671.5,-3.4000000000000004,31.0,13.8,0.63,Volcanic,4.636364376705789,0.1109379010085449,12.0,4.37680373341021,cassava,0.36473364445085077
3198,808.80945,-3.4519351934147675,-3.619169410897856,Rural_Kilimani,6.970054,773.7,-3.2,31.7,14.25,0.57,Sandy,5.878251433762331,0.2611443677252621,2.8,1.650726164119721,potato,0.5895450586141862
3199,356.5403,-12.778720188422325,-8.794971455856869,Rural_Akatsi,1.1011305,1758.0,-6.5,31.9,12.7,0.63,Silt,6.116708114343985,0.0034677857882551,11.7,7.095308414141652,rice,0.6064366165933036
3200,602.0695,-9.322853477711794,-7.416559422995722,Rural_Akatsi,12.853525,1555.9,-4.4,29.1,12.35,0.65,Silt,7.003795969070223,0.0494622707464632,0.6,0.2421794739966732,coffee,0.403632456661122
3201,683.8247,-8.800193062532626,0.8043620148199444,Rural_Sokoto,5.3236814,1842.8,-3.4000000000000004,32.5,14.55,0.65,Volcanic,4.576285835078306,0.077494731070548,4.9,4.317585430883226,tea,0.8811398838537196
3202,565.6068,-6.583391991255468,-4.119181618896508,Rural_Hawassa,5.3835115,613.6,-5.6,30.4,12.4,0.56,Loamy,6.053209664159178,0.1594850679337127,4.1,2.6468666031646655,potato,0.6455772202840648
3203,971.2396,-2.2038581675127897,-7.988645462777963,Rural_Kilimani,16.565178,867.9,-1.6999999999999993,26.7,12.5,0.61,Rocky,5.595153440973992,0.0224653291135918,1.8,1.109449690332143,potato,0.6163609390734127
3204,781.6313,-7.908065802140599,-0.5335084876629341,Rural_Sokoto,17.867119,1661.7,-2.7,28.0,12.65,0.67,Volcanic,5.339681750476568,0.2839891929984235,1.3,0.6780211079054613,banana,0.5215546983888164
3205,693.367,-7.908065802140599,-7.119254866888416,Rural_Akatsi,3.4009974,1143.4,-4.0,28.8,12.4,0.59,Sandy,5.492138696459228,0.1058065096552306,5.3,2.3538887822196126,wheat,0.4441299589093609
3206,793.2897,-4.33955676057249,-6.529150369160278,Rural_Kilimani,16.012978,550.5,-3.6,28.9,12.65,0.58,Sandy,5.523095837575927,0.2675933299443475,1.4,0.8743148975615799,potato,0.6245106411154142
3207,695.76404,-8.782170289595413,-5.074159890029067,Rural_Hawassa,4.210094,1375.2,-3.7,29.7,13.0,0.61,Volcanic,5.066559005267861,0.1661461899251363,4.7,3.468653525758353,tea,0.738011388459224
3208,592.86676,-4.889251335157477,-0.0334962796642823,Rural_Kilimani,19.358175,1159.5,-4.9,33.2,14.150000000000002,0.64,Loamy,4.6022216911866325,0.7661990608708937,0.7,0.316801514336454,cassava,0.45257359190922003
3209,596.224,-2.176824008106971,-4.457027705382083,Rural_Kilimani,14.3307905,462.6,-5.5,35.3,14.9,0.57,Loamy,4.925451403839316,0.0900524259053396,1.8,1.0659767295417182,wheat,0.5922092941898434
3210,506.5722,-9.444507195037978,-3.682234013708497,Rural_Hawassa,2.3367844,1472.2,-5.4,33.2,13.900000000000002,0.61,Peaty,4.432636144699066,0.0063311552828873,9.3,3.142352263519632,cassava,0.3378873401634013
3211,881.0664,-4.420659238789948,-4.839919936732401,Rural_Kilimani,23.96364,658.1,-2.7,28.5,12.9,0.62,Sandy,5.817778923498898,0.25253519297425,0.8,0.4428835136159241,wheat,0.5536043920199051
3212,682.8676,-2.1813297013412747,-3.069606443547986,Rural_Kilimani,6.8810678,818.8,-4.4,28.5,12.05,0.58,Sandy,6.497911386229377,0.2243469360935973,4.9,2.749949189277818,wheat,0.5612141202607791
3213,876.5679,-4.317028294400975,-5.213802939109772,Rural_Kilimani,5.2404466,628.6,-2.8,31.3,14.25,0.56,Rocky,4.942463978725586,0.2600012974359226,4.0,2.2218485754713386,potato,0.5554621438678347
3214,661.0874,-9.088557429528027,-4.218283137598943,Rural_Hawassa,2.126656,1480.9,-3.9,32.5,14.3,0.61,Volcanic,4.137302438145391,0.0101306968778498,13.1,4.596381104335504,cassava,0.3508687865904965
3215,653.1983,-8.926352473093115,-2.659686525278822,Rural_Hawassa,4.933282,1554.8,-3.9,32.8,14.45,0.62,Volcanic,5.375423535311818,0.0235894520270541,3.6,1.6404796781091724,cassava,0.4556887994747701
3216,623.7738,-9.841008199656658,-9.650848208286993,Rural_Akatsi,7.1446466,1923.7,-3.9,30.9,13.5,0.66,Silt,7.392348189466849,0.1432385868208991,2.9,1.125583641514085,coffee,0.3881322901772707
3217,531.89526,-9.349887637117613,-5.065150661056118,Rural_Hawassa,11.910773,1406.0,-5.2,30.0,12.4,0.64,Silt,5.506653345944652,0.0256460393816016,1.5,0.7006401637827029,cassava,0.4670934425218019
3218,692.8047,-9.624734924410106,-0.4434161979334472,Rural_Sokoto,24.75148,1982.5,-3.2,30.5,13.65,0.72,Volcanic,5.397525389128431,0.2555213472002972,1.8,1.1197417472964706,banana,0.6220787484980392
3219,619.5455,-6.988904382342753,-5.515612109703552,Rural_Hawassa,14.099564,692.3,-5.0,31.5,13.25,0.59,Loamy,6.072108663684529,0.2486329784468348,0.8,0.5014785601663206,potato,0.6268482002079008
3220,593.69073,-7.006927155279966,-4.13269546235593,Rural_Hawassa,4.169472,742.5,-5.2,28.9,11.85,0.56,Loamy,5.414601913205956,0.1186554480204685,3.2,2.162994439831395,potato,0.675935762447311
3221,628.83716,-1.618118047053379,-3.2272679505745883,Rural_Kilimani,3.1458168,758.9,-4.9,27.5,11.3,0.56,Loamy,6.012053361358414,0.0985130200340348,13.4,8.677565791332174,potato,0.6475795366665802
3222,482.15848,-6.551852138615345,-3.434480216952408,Rural_Hawassa,4.342522,609.8,-6.4,32.0,12.8,0.55,Loamy,6.057574319762186,0.3929433162821656,3.3,2.007269686531154,maize,0.608263541373077
3223,840.283,-5.407406057102342,-4.875956852624196,Rural_Kilimani,21.63722,651.8,-3.1,30.7,13.8,0.61,Rocky,5.309546442034911,0.2814054907584925,0.8,0.39408569909401736,maize,0.4926071238675217
3224,772.0555,-2.523762387148315,-6.344461175214829,Rural_Kilimani,14.35699,515.7,-3.9,29.8,12.95,0.58,Sandy,5.364441635177274,0.3317738915724487,1.2,0.7230880763786579,potato,0.6025733969822149
3225,629.58356,-9.120097282168151,-5.0561414320831695,Rural_Hawassa,7.434346,1427.6,-4.3,30.7,13.2,0.62,Silt,6.300550671250313,0.0348167027454489,2.9,1.68922848621894,wheat,0.5824925814548069
3226,770.69104,-10.832260711203354,0.4980482297396895,Rural_Sokoto,4.1735272,2288.3,-2.2,30.6,14.2,0.68,Volcanic,5.734979546843117,0.2559426516856688,4.6,3.1397074600470187,coffee,0.6825451000102215
3227,594.59674,-9.277796545368762,-2.574098850035809,Rural_Hawassa,1.6900282,1608.2,-4.4,30.9,13.25,0.62,Silt,7.328899861986914,0.0246503406229266,14.8,5.72173143691096,banana,0.3866034754669567
3228,591.99457,-10.084315634309029,-1.4704683008495965,Rural_Sokoto,13.351708,1905.9,-4.2,30.0,12.9,0.68,Silt,5.507300456163965,0.1287110945857565,0.9,0.41466481750385414,coffee,0.4607386861153935
3229,549.358,-5.988640484327449,-3.844400135221573,Rural_Hawassa,22.331863,523.8,-5.8,33.9,14.05,0.6,Loamy,6.210110677361834,0.215358253454051,1.3,0.8388826280798861,maize,0.6452943292922201
3230,947.28357,-3.10049112113912,-7.560707086562901,Rural_Kilimani,38.09374,799.8,-2.0,27.8,12.9,0.67,Sandy,4.591924525165375,0.0749751564516404,1.0,0.5688814841673919,potato,0.5688814841673919
3231,654.08246,-5.871492460235569,0.2457898184971265,Rural_Sokoto,19.176855,1302.7,-3.9,32.5,14.3,0.65,Volcanic,5.232407869550192,0.9426810869927252,1.5,0.6052282521245689,cassava,0.4034855014163793
3232,809.4568,-4.956836733672025,-6.344461175214829,Rural_Kilimani,0.6117746,557.9,-3.6,31.1,13.75,0.54,Sandy,6.020798432786705,0.3175631877570701,12.1,7.062182563854085,potato,0.5836514515581889
3233,589.1848,-8.845249994875658,-5.380473675109322,Rural_Hawassa,7.142878,1283.5,-4.8,32.7,13.95,0.61,Peaty,4.265061730941256,0.1183849806585735,3.7,1.3732536687026997,cassava,0.3711496401899188
3234,862.2355,-3.7988735724561113,-3.677729399222022,Rural_Kilimani,28.575668,806.2,-2.7,29.5,13.4,0.64,Sandy,5.944110818343681,0.2375937268481416,1.3,0.4894006243599557,coffee,0.37646201873842744
3235,794.08704,-8.674033651972138,0.8944543045494312,Rural_Sokoto,12.864825,1931.4,-2.3,27.9,12.8,0.68,Volcanic,3.935030542447131,0.0685868565791136,1.6,1.118678541410274,tea,0.6991740883814213
3236,605.18964,-7.385405386961432,-2.411932728522733,Rural_Hawassa,2.700935,1091.0,-4.8,32.9,14.05,0.58,Loamy,5.0143306987568,0.404911013687387,13.7,6.687659854940736,wheat,0.48815035437523624
3237,763.8456,-4.037675313874178,-0.7136930671219075,Rural_Kilimani,6.3881826,1282.3,-3.2,32.0,14.4,0.61,Volcanic,4.058421065927078,0.7091722898788237,3.1,1.2901221303050636,tea,0.41616842913066565
3238,788.16364,-7.038467007920088,-7.011144119213031,Rural_Akatsi,12.997038,947.4,-3.4000000000000004,31.3,13.95,0.6,Sandy,5.472832844259408,0.2017423755994044,1.2,0.7113152999248765,potato,0.5927627499373971
3239,838.5278,-1.172054416857364,-2.7813111164136286,Rural_Kilimani,9.37915,1112.9,-2.7,27.6,12.45,0.61,Rocky,6.095323178114708,0.048325597098443,4.0,1.6924272654376338,coffee,0.42310681635940844
3240,442.32376,-9.399450262694948,-3.9615201118699055,Rural_Hawassa,12.799886,1385.7,-5.9,30.9,12.5,0.64,Silt,6.430875651552976,0.0070925209624987,0.6,0.33817572562760134,wheat,0.5636262093793356
3241,678.9252,-5.727310276737866,0.5836359049827018,Rural_Sokoto,2.1646903,1312.5,-3.9,32.5,14.3,0.6,Volcanic,4.915720399176338,0.792791126988143,10.6,5.645016375614849,tea,0.5325487146806461
3242,1016.44,-3.077962654967605,-7.646294761805914,Rural_Kilimani,24.620237,882.1,-1.3000000000000007,28.2,13.45,0.64,Sandy,5.784098761375644,0.0662126347580602,1.6,1.0315035784447717,potato,0.6446897365279822
3243,463.1196,-11.19722186318191,-9.36705749563911,Rural_Akatsi,0.98825866,1949.4,-5.3,32.9,13.8,0.64,Silt,6.265127606101558,0.0236657337584634,10.3,5.941187466597433,banana,0.5768143171453818
3244,802.3984,-3.6907369348328345,-1.803809772848697,Rural_Kilimani,6.378459,1136.8,-3.0,30.5,13.75,0.6,Sandy,4.838621886988652,0.528576414593277,3.6,1.4629321582303427,tea,0.40637004395287296
3245,805.01715,-1.0729291657026945,-2.7948249598730515,Rural_Kilimani,12.0375805,1096.4,-2.9000000000000004,27.9,12.5,0.61,Sandy,4.508614178585706,0.0387949713668706,1.3,0.5490186732159091,wheat,0.4223220563199301
3246,402.73782,-10.615987435956804,-6.844473383213482,Rural_Hawassa,6.457325,1691.8,-6.0,33.6,13.8,0.64,Silt,7.104542406771457,0.0831067812566078,2.9,1.3843714603521775,wheat,0.47736946908695777
3247,691.56195,-7.691792526894047,-3.65520632678965,Rural_Hawassa,6.0434203,1091.7,-4.0,31.0,13.5,0.59,Sandy,4.88278160951545,0.0670593172944591,3.3,1.6921585702886737,cassava,0.5127753243299011
3248,748.3295,-8.92184677985881,-7.628276303860017,Rural_Akatsi,8.115915,1595.1,-3.0,28.4,12.7,0.64,Volcanic,5.814220617129276,0.072933125177423,4.2,2.378170833631961,coffee,0.5662311508647526
3249,247.9342,-12.274082546180368,-8.087746981480398,Rural_Akatsi,2.1767175,1690.9,-7.5,30.4,11.45,0.63,Silt,6.71455391832425,0.0693305001905242,6.9,2.6530275852044527,banana,0.38449675147890616
3250,882.0696,-3.5150148986950107,-2.236252763550234,Rural_Kilimani,1.1688623,1135.7,-2.3,28.8,13.25,0.58,Rocky,6.120481005136434,0.4399675936963257,8.5,4.45061459439847,wheat,0.5236017169880552
3251,724.4762,-9.84551389289096,-2.0335451116588885,Rural_Sokoto,32.37175,1947.2,-2.9000000000000004,29.3,13.2,0.74,Volcanic,4.825180015127475,0.3324319213451483,1.4,1.1084279460693547,tea,0.7917342471923963
3252,382.16306,-11.395472365491251,-7.029162577158929,Rural_Hawassa,14.083787,1795.4,-6.2,31.1,12.45,0.67,Silt,7.064221522109929,0.0145132630552451,1.7,0.6927137258050998,banana,0.40747866223829404
3253,659.45355,-8.660516572269227,-5.695796689162526,Rural_Hawassa,9.560037,1292.0,-4.1,34.1,15.0,0.62,Volcanic,4.681741380567554,0.1450627788643644,3.9,1.5978296296526397,cassava,0.4096999050391384
3254,629.25616,-9.660780470284532,-0.9884745507968422,Rural_Sokoto,9.32063,1896.5,-3.8,34.5,15.35,0.66,Silt,5.525427688552792,0.1452094778290469,3.1,1.74537979709239,banana,0.5630257409975452
3255,599.15796,-2.2579264863244277,-5.808412051324384,Rural_Kilimani,7.4646206,347.3,-5.5,32.7,13.6,0.54,Loamy,5.2450848949060696,0.3281993094283512,4.9,2.7040078076019127,wheat,0.5518383280820229
3256,825.3628,-5.231684020964519,-4.821901478786504,Rural_Kilimani,2.646994,626.1,-3.2,27.8,12.3,0.55,Sandy,6.136652737679458,0.2801632130524134,9.5,5.36035057799661,maize,0.564247429262801
3257,553.03656,-0.4736719655403743,-3.339883312736447,Rural_Kilimani,22.930399,689.1,-5.6,32.6,13.5,0.62,Loamy,5.60778515624257,0.0068706258031658,1.1,0.7588109800763992,potato,0.6898281637058175
3258,391.81512,-11.309864194039491,-5.484079808298231,Rural_Hawassa,23.826342,1780.4,-6.0,32.2,13.1,0.7,Silt,7.062431554373473,0.0225205769311522,1.1,0.5288659918906172,wheat,0.4807872653551065
3259,885.63446,-2.1678126216383653,-7.948103932399694,Rural_Kilimani,18.000225,772.6,-2.6,28.8,13.1,0.61,Rocky,5.97695662503642,0.0238555916291276,1.7,0.9691734589240698,potato,0.5701020346612176
3260,654.85236,-2.4471656021651604,-2.731760357062411,Rural_Kilimani,5.8304443,849.7,-4.6,33.1,14.25,0.57,Sandy,5.876245260916053,0.3038940964931878,3.3,1.6031385407344678,wheat,0.4857995577983236
3261,901.3067,-2.262432179558731,-8.281445404398795,Rural_Kilimani,29.828056,835.3,-2.4000000000000004,27.6,12.6,0.65,Sandy,6.373906002875824,0.0131473027338255,0.7,0.26038224798346865,coffee,0.3719746399763838
3262,416.67596,-10.863800563843476,-5.695796689162526,Rural_Hawassa,23.81807,1718.6,-5.9,33.8,13.95,0.7,Silt,6.108042806665956,0.1217154591028537,1.0,0.5186616618014757,coffee,0.5186616618014757
3263,667.41864,-9.408461649163554,-4.853433780191824,Rural_Hawassa,12.650472,1572.1,-3.8,28.7,12.45,0.65,Volcanic,4.4294633320710455,0.0159481736968835,2.0,1.5607747541382768,tea,0.7803873770691384
3264,740.5232,-7.655746981019622,-0.1145793404208206,Rural_Sokoto,15.917256,1600.6,-3.1,31.4,14.15,0.66,Volcanic,4.062820303687666,0.3664385357637521,1.8,1.1448204688696817,tea,0.6360113715942676
3265,860.8212,-7.133086565840455,-7.659808605265337,Rural_Akatsi,3.4044006,1142.8,-2.4000000000000004,30.5,14.05,0.59,Rocky,4.629903902282257,0.1246055488463989,5.8,2.4446870257140745,cassava,0.42149776305415076
3266,755.04016,-3.39786687460313,-1.074062226039855,Rural_Kilimani,12.6611395,1248.8,-3.3,28.4,12.55,0.63,Volcanic,5.291935960032428,0.4871968652433766,0.8,0.4695043526963601,tea,0.5868804408704501
3267,707.7906,-9.525609673255437,-0.3172869923121657,Rural_Sokoto,11.69069,1984.1,-3.1,29.4,13.15,0.68,Volcanic,5.330725353147063,0.2526980165210671,3.3,1.8330251032222422,coffee,0.5554621524915886
3268,652.5046,-9.687814629690353,-0.8308130437702401,Rural_Sokoto,1.6608028,1930.2,-3.6,30.0,13.2,0.64,Volcanic,4.874768019055864,0.1834536017802728,8.2,4.429054751361097,banana,0.5401286282147679
3269,350.66342,-10.805226551797537,-6.704830334132777,Rural_Hawassa,2.4595923,1658.8,-6.6,30.3,11.85,0.62,Silt,5.799539036820021,0.0853253074937926,7.3,4.4876885993569875,rice,0.6147518629256148
3270,1122.2521,-2.429142829227949,-8.25441771747995,Rural_Kilimani,3.4480772,1065.4,-0.0999999999999996,29.9,14.9,0.58,Rocky,5.005266191237422,0.0161274538892773,13.9,6.427631453769441,tea,0.4624195290481612
3271,758.77496,-5.493014228554102,-5.754356677486692,Rural_Kilimani,15.722847,549.1,-3.9,27.0,11.55,0.58,Sandy,4.794291341837769,0.3046337563524371,1.7,0.9390758336179613,potato,0.5523975491870361
3272,853.8916,-3.830413425096234,-3.574123266033112,Rural_Kilimani,8.304493,814.9,-2.8,28.9,13.05,0.58,Rocky,5.186043580382036,0.2462133773747832,3.2,1.6117185292623208,wheat,0.5036620403944753
3273,618.99506,-5.6867590376291375,-0.3893608240957553,Rural_Sokoto,5.5788193,1163.3,-4.6,29.2,12.3,0.6,Loamy,5.365289956997878,0.9503488645682072,3.5,1.7281035744895892,potato,0.4937438784255969
3274,846.8267,-5.033433518655178,-4.997581443759003,Rural_Kilimani,17.946817,624.6,-3.0,29.2,13.1,0.6,Rocky,5.464374739626376,0.2904005324825014,1.8,1.0479867807064236,potato,0.5822148781702353
3275,441.55396,-9.521103980021133,-5.812916665810858,Rural_Hawassa,10.7822075,1372.0,-6.0,35.3,14.65,0.63,Silt,7.047935304781332,0.1234197696346655,4.8,2.674826075357813,rice,0.557255432366211
3276,324.09155,-11.458552070771496,-4.781359948408235,Rural_Hawassa,10.44049,1715.1,-6.8,33.1,13.15,0.65,Silt,7.453119934187347,0.0154080111156451,3.1,1.3176926874810049,wheat,0.4250621572519371
3277,366.98987,-11.769444903938414,-5.610209013919513,Rural_Hawassa,19.220703,1780.3,-6.4,32.4,13.0,0.69,Silt,6.810245640954814,0.0034136950900172,1.9,0.9614862093874892,wheat,0.5060453733618364
3278,296.48047,-11.652296879846531,-6.119230450891113,Rural_Hawassa,3.2134392,1703.6,-7.1,34.0,13.45,0.63,Silt,7.253970505643844,0.0088630947415372,8.7,3.88990506331125,wheat,0.44711552451853454
3279,275.08197,-13.062578862183422,-7.083217950996622,Rural_Hawassa,9.062323,1606.0,-7.3,29.4,11.05,0.64,Silt,5.825346497269275,4.094970861354144e-05,4.9,2.1200168675346958,banana,0.43265650357850927
3280,77.08461,-12.161440215322788,-6.970602588834763,Rural_Hawassa,26.681183,1499.4,-9.2,33.3,12.05,0.69,Silt,5.324318023383663,0.0023915319667962,1.8,0.7851565868566154,wheat,0.43619810380923074
3281,283.7488,-12.895868212514204,-7.578725544508798,Rural_Hawassa,10.925804,1631.0,-7.4,33.8,13.2,0.65,Silt,6.636015712439723,0.0010641289526925,4.3,2.412188654852493,rice,0.5609741057796496
3282,639.518,-4.456704784664373,-7.704854750130081,Rural_Kilimani,7.480551,513.7,-5.0,32.5,13.75,0.55,Sandy,4.848766714593052,0.3125290569491647,2.4,0.9839219724335709,wheat,0.4099674885139879
3283,717.1712,-4.019652540936967,-2.6912188266841417,Rural_Kilimani,8.377286,843.3,-4.0,31.8,13.9,0.58,Sandy,6.099889274004479,0.3479478625382651,3.5,1.6971374302663,maize,0.4848964086475143
3284,798.7004,-10.962925814998147,0.5881405194691762,Rural_Sokoto,6.59843,2320.7,-2.0,29.5,13.75,0.69,Volcanic,4.87421041067088,0.2199243899253468,2.2,1.4974346042661275,tea,0.6806520928482397
3285,563.1733,-1.275685361246337,-6.357975018674254,Rural_Kilimani,25.363585,303.5,-5.9,32.9,13.5,0.59,Loamy,6.450450984729452,0.1208301018688329,1.3,0.7272313681424343,potato,0.5594087447249494
3286,825.4089,-10.67005575476844,0.4484974703884716,Rural_Sokoto,11.376424,2310.1,-1.9000000000000004,28.4,13.25,0.7,Volcanic,4.618861192009458,0.2858208396317577,3.2,2.073735454196308,tea,0.6480423294363461
3287,768.33997,-8.128844770621455,-7.596744002454696,Rural_Akatsi,15.332205,1349.7,-3.1,27.9,12.4,0.64,Volcanic,4.510429560534894,0.0538339138056619,2.0,1.3799024958886712,tea,0.6899512479443356
3288,603.38135,-8.358635125570917,-5.767870520946115,Rural_Hawassa,10.2922,1110.7,-4.9,28.7,11.9,0.61,Loamy,4.976862753443561,0.2348526870819586,3.7,2.097341266081639,cassava,0.5668489908328754
3289,740.72284,-3.762828026581685,-3.132671046358628,Rural_Kilimani,13.832162,784.4,-3.9,33.3,14.7,0.59,Sandy,5.007176882292331,0.3072090270987946,1.2,0.5919633115927825,cassava,0.49330275966065207
3290,259.69675,-11.93615555360763,-6.41653500699842,Rural_Hawassa,15.30593,1683.9,-7.4,33.8,13.2,0.67,Silt,6.2715637364455326,0.001629727023623,1.2,0.6844713992687119,rice,0.5703928327239266
3291,847.2653,-3.65469138895841,-4.875956852624196,Rural_Kilimani,29.484867,632.7,-3.0,30.4,13.7,0.63,Sandy,6.337442945686012,0.1942259052415257,1.0,0.5966109317598525,maize,0.5966109317598525
3292,683.1772,-7.691792526894047,-3.587637109492535,Rural_Hawassa,11.398324,1090.8,-4.1,33.1,14.5,0.61,Sandy,4.981170017237885,0.070145171035732,4.1,2.147987063019087,cassava,0.5238992836631919
3293,494.54166,-10.377185694538737,-7.817470112291938,Rural_Akatsi,8.400823,1769.4,-5.2,32.9,13.85,0.65,Silt,6.5301356050202255,0.045898456532269,2.6,1.3303552408251882,coffee,0.5116750926250724
3294,762.11475,-3.0644455752646955,-3.587637109492535,Rural_Kilimani,2.8853123,746.6,-3.7,31.0,13.65,0.56,Sandy,6.5864650984382855,0.2675037510186245,9.2,5.282360559880611,wheat,0.5741696260739795
3295,174.94122,-12.3191394785234,-7.339980976725658,Rural_Akatsi,13.960837,1597.2,-8.3,32.0,11.85,0.66,Silt,6.6031406890285,0.0087073625812847,1.5,0.7784422122422867,rice,0.5189614748281911
3296,685.0577,-8.367646512039522,-4.475046163327979,Rural_Hawassa,35.09549,1238.1,-3.9,30.2,13.15,0.69,Volcanic,4.5784150697747465,0.0510865816457031,1.2,0.8633072246289155,tea,0.719422687190763
3297,526.8063,-7.133086565840455,-3.781335532410932,Rural_Hawassa,0.97474366,744.8,-5.8,32.1,13.15,0.55,Loamy,5.030850820366558,0.1113583942343111,6.6,4.200158453679854,potato,0.6363876444969476
3298,579.29047,-9.277796545368762,-2.4389604154415787,Rural_Hawassa,25.487062,1616.5,-4.5,30.4,12.95,0.69,Silt,5.571535948489784,0.0410068665951404,1.8,0.7733484041438426,coffee,0.4296380023021348
3299,341.5109,-12.87333974634269,-8.45262075488482,Rural_Akatsi,0.27107868,1723.3,-6.6,34.0,13.7,0.62,Silt,6.916630967622432,0.0033452980711395,9.8,4.85737796221973,wheat,0.49565081247140097
3300,679.8309,-2.947297551172813,-4.159723149274776,Rural_Kilimani,12.980159,566.3,-4.6,29.9,12.65,0.58,Sandy,5.345500564929036,0.1697772896957884,1.8,0.7959381852898858,maize,0.4421878807166032
3301,756.22363,-2.3345232713075816,-7.961617775859117,Rural_Kilimani,3.2236202,641.5,-3.8,29.6,12.9,0.55,Sandy,5.506938294796947,0.0261799588560577,6.2,4.047355881392194,potato,0.6527993357084184
3302,789.80206,-1.018860846891057,-1.6956990251733133,Rural_Kilimani,3.394179,1358.1,-2.9000000000000004,29.6,13.35,0.61,Volcanic,5.046068688269754,0.0258076799246885,5.1,3.5660845872750193,tea,0.6992322720147097
3303,695.6462,-8.196430169136002,-7.502147098238734,Rural_Akatsi,25.070923,1301.8,-3.6,31.0,13.7,0.67,Volcanic,4.501265227458366,0.055101849326719,1.3,0.5277072521374769,cassava,0.40592865549036683
3304,753.04236,-5.429934523273857,-5.375969060622848,Rural_Kilimani,14.455738,539.5,-4.0,30.7,13.35,0.58,Sandy,4.836505266875856,0.304181181600733,1.9,0.8244507351611733,wheat,0.43392143955851226
3305,454.7902,-0.73950786636426,-4.245310824517788,Rural_Kilimani,21.99725,378.5,-6.8,32.3,12.749999999999998,0.59,Loamy,5.767814789933643,0.0079697245040148,1.9,1.2275809862611236,potato,0.6460952559269072
3306,661.2213,-2.1407784622325448,-2.9795141538184997,Rural_Kilimani,8.366761,819.2,-4.5,28.5,12.0,0.58,Sandy,6.065259782055804,0.2216647848808436,3.0,1.6313568509023866,potato,0.5437856169674622
3307,257.92404,-13.076095941886331,-7.267907144942069,Rural_Hawassa,3.894174,1586.5,-7.5,33.1,12.8,0.62,Silt,7.154252210676067,9.3673786932714e-05,8.1,3.75738364842681,wheat,0.46387452449713706
3308,775.12854,-4.785620390768505,-3.344387927222921,Rural_Kilimani,25.117043,754.4,-3.6,30.6,13.5,0.63,Sandy,5.1610400380348,0.2064078784103705,1.6,0.9583879707145768,potato,0.5989924816966105
3309,480.1023,-7.002421462045662,-0.839822272743189,Rural_Sokoto,5.383249,1120.0,-5.9,32.1,13.1,0.59,Loamy,5.238829687610354,0.6954669331657125,4.7,1.864850955645296,wheat,0.3967767990734672
3310,798.5421,-4.974859506609239,-5.614713628405988,Rural_Kilimani,15.430179,549.4,-3.5,30.5,13.5,0.58,Sandy,4.898833593249494,0.3074074427762338,1.3,0.5775175539988033,wheat,0.44424427230677177
3311,730.4946,-10.674561448002745,-0.9749607073374188,Rural_Sokoto,9.1565275,2175.3,-2.7,30.5,13.9,0.68,Volcanic,4.560955093162646,0.254685432661701,3.7,1.7926200438293838,banana,0.48449190373767126
3312,505.14313,-9.106580202465242,-6.704830334132777,Rural_Akatsi,9.9195175,1330.8,-5.5,31.1,12.8,0.62,Silt,7.235846052771045,0.0460329185112538,4.2,1.362423114755123,banana,0.3243864558940769
3313,650.7738,-5.619173639114591,-7.637285532832965,Rural_Amanzi,11.036328,605.2,-4.8,31.3,13.25,0.57,Sandy,5.82696053317949,0.4146708973072621,3.4,1.6480118740549752,wheat,0.48470937472205156
3314,497.51074,-9.705837402627562,-3.3128556258176003,Rural_Hawassa,14.178269,1569.5,-5.4,33.7,14.150000000000002,0.65,Silt,5.42308880038082,0.0074730297215605,0.6,0.4116963694725684,rice,0.686160615787614
3315,768.41736,-5.524554081194223,-7.389531736076877,Rural_Amanzi,5.351959,682.9,-3.7,29.4,12.85,0.56,Sandy,4.907735766135899,0.441815441328185,2.3,0.8871392538311583,maize,0.38571271905702537
3316,756.51825,-4.262959975589338,-0.8668499596620352,Rural_Kilimani,5.780602,1238.6,-3.3,31.9,14.3,0.6,Volcanic,4.50280910033632,0.7843663798772481,3.1,1.4483500710717543,tea,0.4672097003457272
3317,179.06644,-12.012752338590785,-6.952584130888865,Rural_Hawassa,23.462244,1611.5,-8.2,33.6,12.7,0.69,Silt,6.552925831806087,0.0033044026300909,1.5,0.6133959664674596,banana,0.4089306443116398
3318,841.1453,-8.074776451809816,-0.4704438848522934,Rural_Sokoto,1.4921784,1769.0,-2.0,30.4,14.2,0.63,Volcanic,4.369271480086704,0.2227319307105352,7.4,5.431037165412596,tea,0.7339239412719725
3319,473.2352,-14.247576182805156,-6.970602588834763,Rural_Hawassa,4.9320292,1473.2,-5.7,32.5,13.4,0.62,Silt,6.162632783416552,6.8988603076814444e-09,3.8,2.073101856475257,wheat,0.5455531201250676
3320,500.4801,-9.142625748339668,-5.826430509270281,Rural_Hawassa,1.0374519,1289.7,-5.7,30.1,12.2,0.59,Peaty,5.67530371118544,0.0715456545920727,10.4,5.1800725389497515,banana,0.49808389797593766
3321,813.04205,-1.9245051869859928,-0.8938776465808809,Rural_Kilimani,6.23337,1470.0,-2.6,29.9,13.65,0.62,Volcanic,4.322754740859022,0.0872270044981847,3.2,2.1300751735679246,tea,0.6656484917399764
3322,552.54834,-2.609370558600075,-4.785864562894709,Rural_Kilimani,4.5300674,361.0,-6.0,34.3,14.15,0.53,Loamy,6.240749744204835,0.1352236073739257,3.0,1.8882951394334295,maize,0.6294317131444765
3323,709.8511,-9.020972031013482,-0.3803515951228065,Rural_Sokoto,25.314608,1866.9,-3.1,31.5,14.2,0.71,Volcanic,3.8319548214453,0.139116342495052,1.6,1.196618941561968,tea,0.7478868384762299
3324,645.8809,-7.277268749338156,-2.592117307981707,Rural_Hawassa,9.92063,1077.8,-4.5,32.1,13.8,0.6,Sandy,6.403360391498988,0.3608032545619625,2.1,1.0290959073076769,wheat,0.49004567014651274
3325,520.4558,-1.7623002305510802,-4.40297233154439,Rural_Kilimani,13.094103,404.7,-6.2,31.8,12.8,0.56,Loamy,5.996889298390116,0.0560009221783532,1.3,0.8069437765290094,maize,0.6207259819453919
3326,571.7585,-10.29608321632128,-5.812916665810858,Rural_Hawassa,24.110104,1744.5,-4.6,30.9,13.15,0.7,Silt,7.140652972639362,0.2743229401022262,1.3,0.512475879508121,banana,0.3942122150062469
3327,660.62244,-6.99791576881136,-6.488608838782009,Rural_Akatsi,13.769729,762.0,-4.7,32.2,13.750000000000002,0.59,Sandy,4.644087745951014,0.2450537364390134,1.2,0.6122125296974114,potato,0.5101771080811761
3328,473.88824,-0.9332526754392968,-4.718295345597594,Rural_Kilimani,18.451283,318.4,-6.7,31.3,12.3,0.57,Loamy,6.237904082526401,0.0155794262798322,1.6,1.1058119588079895,wheat,0.6911324742549935
3329,731.0339,-2.429142829227949,-3.574123266033112,Rural_Kilimani,1.0439566,747.1,-4.0,32.3,14.15,0.55,Sandy,6.318063085939926,0.2058669596096109,10.5,5.754536058567032,maize,0.5480510531968602
3330,516.00287,-7.263751669635246,-0.9839699363103678,Rural_Sokoto,17.690845,1189.2,-5.5,32.8,13.65,0.64,Loamy,4.559271931756134,0.603121918205763,1.6,0.49714527591005153,banana,0.3107157974437822
3331,854.44934,-7.227706123760821,-7.42556865196867,Rural_Akatsi,1.124287,1146.3,-2.4000000000000004,29.3,13.45,0.58,Rocky,5.92057406339656,0.1253904234447295,9.1,4.781492161942967,cassava,0.5254386991146117
3332,463.18942,-9.81847973348514,-3.258800251979909,Rural_Hawassa,8.600417,1570.1,-5.7,33.2,13.750000000000002,0.64,Silt,5.73277616925152,0.009569265844526,2.6,1.2958810450541283,cassava,0.4984157865592801
3333,377.91718,-10.778192392391716,-6.132744294350537,Rural_Hawassa,9.06222,1666.8,-6.3,33.4,13.55,0.65,Silt,6.534081601062704,0.1820294043569569,2.4,1.2229991334397756,coffee,0.5095829722665732
3334,747.6985,-4.416153545555645,-2.083095871010106,Rural_Kilimani,3.8540583,981.5,-3.7,31.0,13.65,0.58,Sandy,6.71588216239299,0.5417060166878584,11.1,2.8678147181569305,coffee,0.2583616863204442
3335,436.06183,-14.432309605411586,-7.038171806131879,Rural_Hawassa,11.535947,1356.9,-6.2,32.9,13.35,0.63,Silt,5.784866054067887,2.677782461912496e-09,4.1,2.070713401882549,wheat,0.5050520492396462
3336,662.242,-10.778192392391716,-0.5199946442035108,Rural_Sokoto,3.7326145,2142.6,-3.3,33.3,14.999999999999998,0.67,Volcanic,5.513274151148471,0.3389215059516982,9.1,5.714924849657722,coffee,0.6280137197426068
3337,367.77737,-9.822985426719445,-3.497544819763048,Rural_Hawassa,6.210457,1455.3,-6.6,34.2,13.8,0.62,Silt,6.256672122566842,0.0167275059192054,2.8,1.501356290542944,wheat,0.5361986751939086
3338,696.60785,-5.4704857623825855,-7.087722565483095,Rural_Amanzi,4.1252093,569.5,-4.4,30.1,12.85,0.55,Sandy,5.512895883474925,0.4141366460765814,3.0,1.2525179847725185,maize,0.41750599492417284
3339,615.3254,-9.692320322924656,-0.0199824362048595,Rural_Sokoto,11.943893,1939.1,-3.9,28.7,12.4,0.68,Silt,5.632685680744099,0.3186588818216614,0.6,0.2680009840226102,coffee,0.4466683067043503
3340,559.70996,-6.903296210890993,-1.7047082541462617,Rural_Sokoto,0.93367445,1052.8,-5.3,29.0,11.85,0.57,Loamy,5.201731581892042,0.745282195644781,13.0,6.687355461355604,potato,0.5144119585658157
3341,820.955,-4.560335729053346,-5.051636817596696,Rural_Kilimani,18.781708,580.3,-3.3,30.0,13.35,0.59,Sandy,5.539275822335871,0.272500580516081,1.2,0.7591773607731475,potato,0.6326478006442896
3342,757.0393,-6.069742962544908,-5.7183197615948975,Rural_Amanzi,7.2070174,628.8,-3.9,28.5,12.3,0.56,Sandy,5.478402907163263,0.2682435801771749,2.1,1.0333995839174805,wheat,0.492095039960705
3343,744.8965,-6.322061783665884,-5.695796689162526,Rural_Amanzi,9.162877,663.8,-3.9,30.8,13.45,0.57,Sandy,6.3297841019121,0.2513490519413736,3.0,1.6216395817131,potato,0.5405465272377
3344,517.11804,-9.638252004113015,-7.547193243103478,Rural_Akatsi,23.187704,1576.3,-5.2,33.1,13.95,0.68,Silt,5.788934529529281,0.0561560018227667,0.6,0.2793761062164145,coffee,0.46562684369402424
3345,357.24033,-10.931385962358023,-5.740842834027268,Rural_Hawassa,6.8469453,1667.8,-6.6,32.7,13.05,0.64,Silt,6.319148804968009,0.1086021982248167,4.2,2.1452777540882053,wheat,0.5107804176400489
3346,655.50305,-2.996860176750147,-6.74987647899752,Rural_Kilimani,8.877096,420.1,-5.0,31.5,13.25,0.55,Sandy,5.11989373843265,0.2020190419387487,4.1,1.8948308092708661,cassava,0.46215385591972347
3347,722.4401,-2.6138762518343786,-2.952486466899653,Rural_Kilimani,16.807808,860.0,-4.0,30.1,13.05,0.61,Sandy,5.053679339911509,0.3251271923193159,1.5,0.6075333436082544,wheat,0.40502222907216956
3348,458.60388,-9.98519038315436,-7.056190264077775,Rural_Akatsi,13.946085,1583.3,-5.7,29.4,11.85,0.65,Silt,6.248851092530756,0.0597280096709658,0.8,0.4282563703841966,wheat,0.5353204629802457
3349,695.121,-7.844986096860355,-3.0470833711156144,Rural_Hawassa,24.797626,1217.7,-3.9,31.5,13.8,0.66,Volcanic,5.186562179470348,0.111495770336166,1.3,0.616885819926014,cassava,0.4745275537892415
3350,688.539,-2.2669378727930347,-3.4705171328442024,Rural_Kilimani,1.3894687,732.3,-4.4,30.6,13.1,0.55,Sandy,6.686531740419058,0.1945981101953328,14.5,7.709242945891244,maize,0.5316719273028444
3351,466.44058,-11.91813278067042,-9.461654399855073,Rural_Akatsi,23.80594,2016.6,-4.8,31.9,13.55,0.72,Silt,5.478160511585186,0.0074606682189633,1.2,0.6299033465661897,coffee,0.5249194554718248
3352,502.58893,-1.059412085999785,-3.429975602465934,Rural_Kilimani,26.870272,603.0,-6.2,31.8,12.8,0.62,Loamy,4.846051670897107,0.0290064924438317,1.6,1.024800301329669,potato,0.640500188331043
3353,314.16144,-13.053567475714816,-8.218380801588154,Rural_Hawassa,1.9610552,1657.0,-6.9,32.2,12.650000000000002,0.62,Silt,6.567991742825063,0.0010911533012933,12.7,6.606794204990446,wheat,0.52022001614098
3354,756.1541,-4.362085226744007,-2.326345053279721,Rural_Kilimani,18.078764,946.3,-3.6,27.0,11.7,0.62,Sandy,5.246071845285983,0.4381199544136245,0.6,0.3234150505005893,potato,0.5390250841676488
3355,743.75665,-4.276477055292247,-0.5515269456088314,Rural_Kilimani,12.009633,1273.4,-3.4000000000000004,28.9,12.75,0.63,Volcanic,5.145291474194739,0.7455954696536928,1.1,0.5531690078275774,tea,0.5028809162068885
3356,766.3232,-4.208891656777698,-1.2362283475529308,Rural_Kilimani,16.697765,1186.2,-3.3,29.5,13.1,0.63,Sandy,5.74194381934039,0.7678510534215447,0.9,0.2896935190662453,wheat,0.32188168785138366
3357,399.3236,-14.599020255080802,-7.249888686996171,Rural_Hawassa,9.727881,1260.3,-6.5,30.7,12.1,0.62,Silt,6.084484950837149,7.441171477665697e-10,4.5,2.8398933297882007,rice,0.6310874066196002
3358,558.7252,-9.998707462857269,-4.659735357273428,Rural_Hawassa,1.3280481,1653.5,-4.7,33.6,14.45,0.62,Silt,5.638977416946416,0.031000187272916,8.4,3.7820714253310053,coffee,0.45024659825369107
3359,759.95044,-7.59717296897368,-6.871501070132328,Rural_Akatsi,1.0874779,1088.0,-3.4000000000000004,28.5,12.55,0.58,Sandy,6.285719488621259,0.181611406929089,7.7,3.1352243884181044,coffee,0.4071719984958577
3360,436.91107,-9.534621059724042,-3.920978581491636,Rural_Hawassa,22.275211,1412.8,-6.0,32.8,13.4,0.67,Silt,5.581197049921409,0.0090725961032186,1.3,0.8691259181603642,rice,0.6685583985848955
3361,447.45688,-10.706101300642866,-5.560658254568295,Rural_Hawassa,2.8577118,1716.4,-5.7,29.8,12.05,0.63,Silt,7.103301952598521,0.1345805601882762,10.9,5.191367307317028,wheat,0.47627223002908514
3362,589.4177,-7.259245976400943,-3.957015497383431,Rural_Hawassa,16.017185,824.6,-5.2,30.1,12.45,0.6,Loamy,4.890562875466683,0.0949436020324276,1.0,0.5592077299722352,cassava,0.5592077299722352
3363,861.9149,-1.2982138274178538,-1.1866775882017129,Rural_Kilimani,17.060047,1529.5,-2.1,29.0,13.45,0.66,Volcanic,4.33827291090497,0.0358394450566903,0.5,0.33041890249967937,tea,0.6608378049993587
3364,712.7589,-4.862217175751658,-7.515660941698157,Rural_Kilimani,20.322554,582.5,-4.3,30.1,12.9,0.6,Sandy,5.553060575919502,0.4296703116307263,0.5,0.2942056440862517,potato,0.5884112881725034
3365,730.551,-8.016202439763875,1.3359065242239163,Rural_Sokoto,4.6362834,1722.4,-3.1,29.0,12.95,0.64,Volcanic,5.4735667919084,0.0837343345893237,4.1,3.296562422847059,tea,0.8040396153285511
3366,786.9622,-4.781114697534202,-1.2407329620394052,Rural_Kilimani,11.669836,1188.4,-3.1,32.4,14.65,0.62,Sandy,5.683931099824343,0.8597917847893833,4.4,0.8179919854403322,coffee,0.1859072694182573
3367,555.3897,-8.565897014348861,-6.903033371537648,Rural_Akatsi,7.7568192,1206.9,-5.2,31.8,13.3,0.61,Peaty,4.208380754680725,0.0759377872705941,4.9,1.9452172962931475,cassava,0.39698312169247907
3368,683.68823,-8.957892325733237,-7.303944060833865,Rural_Akatsi,1.1034476,1510.2,-3.7,30.6,13.45,0.61,Volcanic,4.080160894920615,0.0438354724685592,14.4,10.05700273138567,tea,0.6984029674573381
3369,604.02826,-7.4214509328358576,-2.335354282252669,Rural_Hawassa,20.95311,1094.4,-5.0,32.1,13.55,0.64,Loamy,5.32222728142496,0.4246340128648133,1.8,0.9061929776769778,wheat,0.5034405431538765
3370,637.9287,-9.87254805229678,-7.812965497805464,Rural_Akatsi,12.21456,1790.8,-3.9,30.4,13.25,0.67,Volcanic,5.443284733236213,0.0755103427796616,1.6,1.4067537665612546,tea,0.879221104100784
3371,764.58154,-10.512356491567829,-0.1776439432314611,Rural_Sokoto,8.594411,2228.7,-2.3,29.0,13.35,0.69,Volcanic,4.964208123589633,0.3791276658734292,3.4,2.28902727444835,tea,0.6732433160142206
3372,680.8486,-3.1996163722937894,-3.763317074465035,Rural_Kilimani,2.5197544,623.7,-4.5,27.6,11.55,0.55,Sandy,6.272621410387496,0.2393079779277136,14.8,8.073512103086077,potato,0.545507574532843
3373,692.2468,-8.15137323679297,-3.785840146897407,Rural_Hawassa,3.3475397,1225.1,-3.9,32.2,14.150000000000002,0.59,Volcanic,5.3994319170289495,0.0357031105726598,13.6,6.815661672266298,cassava,0.5011515935489925
3374,552.6441,-6.601414764192681,-3.583132495006061,Rural_Hawassa,4.389706,671.8,-5.7,31.0,12.65,0.56,Loamy,6.486657309787515,0.2925488923261925,3.4,2.3810047489686648,wheat,0.7002955144025484
3375,738.7522,-2.262432179558731,-3.141680275331576,Rural_Kilimani,12.372392,856.1,-3.8,27.5,11.85,0.6,Sandy,4.564878775969563,0.2355414744424691,0.7,0.3512299517266785,potato,0.501757073895255
3376,738.16736,-8.502817309068618,-2.303821980847349,Rural_Hawassa,13.553158,1537.1,-3.4000000000000004,29.7,13.15,0.65,Volcanic,5.3358116806093765,0.0904942380720606,1.8,0.8726623613681975,cassava,0.48481242298233196
3377,915.24835,-3.677219855129925,-6.425544235971368,Rural_Kilimani,2.2872286,671.8,-2.4000000000000004,28.6,13.1,0.55,Rocky,4.771830527547468,0.2053022120636227,9.5,4.683094971168257,wheat,0.4929573653861323
3378,783.3479,-3.546554751335133,-6.457076537376689,Rural_Kilimani,25.638638,535.8,-3.7,28.1,12.2,0.61,Sandy,5.543562350480356,0.2026179856079787,1.4,0.6703774694494666,maize,0.4788410496067619
3379,857.4083,-1.7577945373167765,-1.731735941065108,Rural_Kilimani,6.274921,1353.4,-2.3,31.3,14.5,0.61,Volcanic,5.03704516508972,0.0998278817099505,2.1,0.9864448088861623,cassava,0.4697356232791249
3380,672.11224,-7.110558099668939,-6.366984247647202,Rural_Akatsi,16.952578,808.8,-4.5,30.5,13.0,0.61,Sandy,4.693752723867366,0.2719786839538141,1.3,0.6599752399263784,potato,0.5076732614818296
3381,764.19775,-6.114799894887939,-7.168805626239634,Rural_Amanzi,9.942912,710.7,-4.0,28.5,12.25,0.58,Sandy,6.573048289343448,0.4590709505991376,3.0,1.5886183117563968,wheat,0.5295394372521323
3382,904.36395,-1.4829472500242833,-1.5380375181467112,Rural_Kilimani,0.72943765,1474.4,-1.6999999999999993,28.5,13.4,0.61,Volcanic,4.143438881567663,0.0575565814856856,5.7,3.3802146771798767,tea,0.5930201188034872
3383,845.59906,-8.106316304449939,-0.8172992003108173,Rural_Sokoto,35.2792,1746.2,-2.0,30.0,14.0,0.73,Volcanic,4.541311822241403,0.2289287160027414,1.1,0.815916239721282,tea,0.7417420361102564
3384,783.62384,-8.061259372106907,-4.006566256734649,Rural_Hawassa,28.15734,1270.4,-3.0,30.0,13.5,0.68,Volcanic,4.179356481252495,0.0409645418569908,1.0,0.6221297368970897,tea,0.6221297368970897
3385,768.5888,-6.002157564030359,-7.551697857589953,Rural_Amanzi,9.7957535,774.5,-3.6,31.0,13.7,0.58,Sandy,5.598129750820974,0.4559438591052975,3.7,2.104086042218258,potato,0.5686719033022318
3386,502.81122,-13.355448922413128,-5.880485883107974,Rural_Hawassa,13.799115,1776.6,-5.1,31.4,13.15,0.67,Silt,7.087327735877266,4.510003796631921e-07,0.6,0.25786573972853294,banana,0.4297762328808883
3387,573.66614,-4.889251335157477,-0.1596254852855638,Rural_Kilimani,17.385874,1126.0,-5.1,33.9,14.4,0.63,Loamy,5.008979926998359,0.7855172925294764,0.9,0.3397683408909638,wheat,0.37752037876773753
3388,694.799,-5.736321663206473,-3.583132495006061,Rural_Hawassa,11.005106,682.8,-4.4,31.3,13.45,0.58,Sandy,6.245944831749685,0.2237101573120491,4.0,2.178899629097721,potato,0.5447249072744302
3389,373.4004,-10.904351802952206,-6.515636525700855,Rural_Hawassa,1.5421541,1696.1,-6.4,33.3,13.45,0.62,Silt,5.554631390159267,0.0971829581897925,11.0,4.911615227170151,banana,0.4465104751972865
3390,682.67737,-7.047478394388694,-6.303919644836561,Rural_Akatsi,17.680363,798.1,-4.4,30.3,12.95,0.61,Sandy,5.847997257896402,0.2711456098844433,1.9,1.077263589658741,potato,0.5669808366624953
3391,650.05066,-7.029455621451481,-0.1325977983667179,Rural_Sokoto,17.947544,1382.4,-4.1,31.5,13.7,0.65,Volcanic,5.566539388428134,0.6833544155741456,1.4,0.4604075656027037,banana,0.32886254685907407
3392,664.9377,-10.26904905691546,0.0701098535246274,Rural_Sokoto,8.725233,2106.7,-3.3,32.7,14.7,0.68,Volcanic,5.455642979412643,0.383960974172201,3.2,1.7549329753390221,banana,0.5484165547934444
3393,661.26025,-7.26825736286955,-3.006541840737346,Rural_Hawassa,11.231841,1027.0,-4.4,29.2,12.4,0.6,Sandy,6.708416295843709,0.2152356495928902,4.5,1.8981533774592543,coffee,0.4218118616576121
3394,352.1833,-14.333184354256916,-7.862516257156682,Rural_Hawassa,2.3941724,1315.3,-6.9,34.7,13.900000000000002,0.6,Peaty,5.815804077714455,3.390063927232937e-09,6.3,4.37578633920328,rice,0.6945692601909969
3395,868.26294,-3.623151536318288,-4.650726128300479,Rural_Kilimani,7.0019183,677.6,-2.8,26.3,11.75,0.57,Rocky,5.591258801384368,0.1875296996665598,2.8,1.6899815188282326,potato,0.6035648281529402
3396,607.76746,-7.574644502802165,-2.065077413064209,Rural_Sokoto,3.335752,1196.0,-4.7,31.7,13.5,0.59,Loamy,6.131596099266098,0.4516240369278543,8.9,4.617570640616653,banana,0.5188281618670396
3397,521.4868,-1.5370155688359208,-6.276891957917715,Rural_Kilimani,9.068372,263.0,-6.3,34.2,13.95,0.54,Loamy,5.269281428015456,0.194066236091256,3.7,2.0679313246135105,wheat,0.5589003580036515
3398,494.9265,-8.926352473093115,-5.619218242892462,Rural_Hawassa,27.021015,1215.4,-5.7,31.9,13.1,0.67,Silt,5.951521386599648,0.0803586703676413,1.4,0.7592528109377215,wheat,0.5423234363840868
3399,663.6783,-7.3358427613840975,-5.321913686785155,Rural_Hawassa,5.325864,840.4,-4.5,31.6,13.55,0.57,Sandy,4.89668025840654,0.2362916046560394,2.7,1.442433556303353,potato,0.5342346504827233
3400,607.39154,-7.516070490756224,-4.466036934355032,Rural_Hawassa,7.205877,873.4,-5.0,30.4,12.7,0.58,Loamy,6.424862956022728,0.092779661482228,4.8,2.3281461713654257,coffee,0.48503045236779707
3401,642.10986,-8.484794536131405,-6.114725836404639,Rural_Hawassa,10.732044,1221.7,-4.4,31.8,13.7,0.62,Volcanic,4.554055006812652,0.1923975533917695,4.1,2.967690565257755,tea,0.7238269671360379
3402,519.4682,-9.579677992067074,-5.452547506892911,Rural_Hawassa,6.322422,1469.3,-5.2,30.8,12.8,0.62,Silt,6.430864618782147,0.0831529326191833,2.8,1.5705745367035837,wheat,0.5609194773941371
3403,705.81067,-10.606976049488196,-0.4389115834469728,Rural_Sokoto,9.668339,2170.3,-2.9000000000000004,31.1,14.1,0.69,Volcanic,4.569158038609929,0.3521768764042745,4.3,1.8878607478564704,banana,0.439037383222435
3404,679.4277,-2.068687370483694,-4.2137785231124685,Rural_Kilimani,13.969617,591.4,-4.6,30.1,12.75,0.58,Sandy,4.7959185038206265,0.0861727742185498,0.8,0.462490453806089,potato,0.5781130672576112
3405,884.1513,-1.383821998869614,-1.6596621092815182,Rural_Kilimani,3.8242188,1433.5,-2.0,32.1,15.05,0.61,Volcanic,4.618511635509048,0.0516718384091697,8.3,5.461043625842102,tea,0.65795706335447
3406,466.7161,-6.056225882841998,-1.4614590718766476,Rural_Sokoto,1.2268122,869.1,-6.3,32.1,12.9,0.56,Loamy,5.426388456152268,0.8785752303243174,9.7,4.994007347867391,potato,0.5148461183368445
3407,737.7426,-4.398130772618432,-7.6553039907788625,Rural_Kilimani,19.597002,608.0,-4.0,31.7,13.85,0.6,Sandy,5.785772858882112,0.3013261704078527,1.1,0.5460348637992819,maize,0.4963953307266199
3408,480.27383,-9.025477724247786,-6.033642775648101,Rural_Hawassa,2.7746832,1237.7,-5.9,33.5,13.8,0.59,Peaty,4.975716584295148,0.0773330518703779,13.0,5.231241574979114,banana,0.40240319807531644
3409,831.5987,-4.362085226744007,-4.659735357273428,Rural_Kilimani,13.731195,623.1,-3.2,29.6,13.2,0.58,Sandy,5.472752462584391,0.2391180060869951,1.4,0.8949292176601256,potato,0.6392351554715183
3410,571.54565,-1.84790840200284,-4.276843125923109,Rural_Kilimani,4.8720284,475.9,-5.7,31.1,12.7,0.54,Loamy,5.699293602363381,0.063990353398175,2.5,1.523069683640629,maize,0.6092278734562516
3411,657.1393,-8.011696746529573,-3.6326832543572793,Rural_Hawassa,44.90161,1199.0,-3.9,29.2,12.65,0.72,Sandy,5.247436642082638,0.045289022803199,1.5,0.6232917028708511,wheat,0.41552780191390076
3412,515.1742,-8.800193062532626,-2.808338803332475,Rural_Hawassa,1.0118827,1355.0,-5.4,31.8,13.2,0.6,Peaty,5.595781918304587,0.0260604467425561,7.8,3.944050464410634,banana,0.5056474954372607
3413,800.8179,-6.718562788284563,-7.254393301482646,Rural_Amanzi,25.032145,920.0,-3.2,27.6,12.2,0.64,Sandy,4.591155557570815,0.3201050279264988,0.6,0.29590859580038953,potato,0.4931809930006492
3414,749.3423,-6.222936532511215,-7.853507028183734,Rural_Amanzi,34.699284,837.9,-3.7,31.3,13.8,0.66,Sandy,4.584988432878043,0.3320554169290475,0.7,0.35994697337030224,tea,0.5142099619575746
3415,542.0883,-1.0233665401253609,-4.069630859545289,Rural_Kilimani,18.553696,503.4,-5.9,33.2,13.650000000000002,0.59,Loamy,5.789335469379149,0.0164874744195358,0.9,0.6077764979139512,potato,0.6753072199043901
3416,464.70728,-6.317556090431582,-1.8218282307945948,Rural_Hawassa,16.576942,847.3,-6.2,32.4,13.1,0.61,Loamy,6.117355443026655,0.7978962814484566,1.8,0.8654112306422433,potato,0.4807840170234685
3417,377.83737,-10.80973224503184,-7.0651994930507245,Rural_Hawassa,17.8876,1700.9,-6.3,32.2,12.95,0.68,Silt,6.972347175232504,0.0350520048264482,1.6,0.7905736536812861,wheat,0.49410853355080375
3418,109.78658,-12.026269418293694,-7.069704107537199,Rural_Hawassa,20.476328,1537.8,-8.9,35.3,13.2,0.67,Silt,6.673524941911486,0.0060744709313953,1.8,0.9530597221698205,rice,0.529477623427678
3419,799.9653,-5.200144168324396,-6.177790439215279,Rural_Kilimani,13.185506,575.6,-3.5,31.0,13.75,0.58,Sandy,5.077323050539875,0.3134670339589406,1.2,0.5077778129306701,maize,0.42314817744222516
3420,470.54382,-10.805226551797537,-7.66431321975181,Rural_Hawassa,11.957198,1823.2,-5.4,33.5,14.05,0.67,Silt,5.443111023492317,0.0547254070681928,1.7,0.7720133165375732,cassava,0.4541254803162196
3421,424.3952,-14.46835515128601,-7.294934831860915,Rural_Hawassa,13.252141,1327.1,-6.3,31.8,12.75,0.63,Silt,5.3547105124030825,1.7786532738443787e-09,1.8,0.90316235491213,cassava,0.5017568638400722
3422,642.142,-7.358371227555613,-2.84437571922427,Rural_Hawassa,14.460648,1055.0,-4.5,31.5,13.5,0.62,Sandy,4.527894570610115,0.2485587863228557,0.7,0.31703102526420446,cassava,0.45290146466314923
3423,454.18573,-7.344854147852703,-1.3668621676606862,Rural_Sokoto,32.79356,1087.5,-6.2,32.2,13.000000000000002,0.68,Loamy,5.245403826401105,0.6092466147612354,0.9,0.49632785120357936,cassava,0.5514753902261993
3424,605.52277,-8.23698140824473,-5.380473675109322,Rural_Hawassa,8.013329,1080.6,-4.8,30.7,12.95,0.6,Loamy,4.984127810843345,0.3278510164588222,3.7,2.1024377059101607,potato,0.5682264070027461
3425,748.40454,-10.444771093053284,-0.2497177750150507,Rural_Sokoto,3.6081042,2193.8,-2.6,28.1,12.75,0.67,Volcanic,4.122460458722291,0.3774133107030127,8.1,4.975127452628815,tea,0.6142132657566438
3426,679.6779,-4.970353813374935,-7.551697857589953,Rural_Kilimani,1.6782805,559.6,-4.6,31.3,13.35,0.54,Sandy,5.025674645890994,0.4389565858933054,14.0,7.661957827433571,potato,0.5472827019595408
3427,474.77887,-14.058337066964423,-6.997630275753608,Rural_Hawassa,5.375006,1532.4,-5.7,34.0,14.15,0.62,Silt,6.936581709097506,1.5745468070669398e-08,2.6,1.3794798665062284,wheat,0.5305691794254724
3428,862.8733,-11.147659237604577,0.4710205428208434,Rural_Sokoto,1.990464,2407.3,-1.3000000000000007,27.9,13.3,0.68,Volcanic,4.790725022180636,0.2297247639888493,8.3,4.082582314532193,coffee,0.4918773872930352
3429,781.9157,-5.051456291592391,-5.547144411108873,Rural_Kilimani,8.143026,537.0,-3.7,29.9,13.1,0.56,Sandy,5.0434015734438615,0.3087832013560359,4.2,1.8728598141631203,wheat,0.4459190033721715
3430,650.0691,-7.110558099668939,-5.263353698460989,Rural_Hawassa,6.4723463,760.7,-4.7,31.9,13.6,0.57,Sandy,5.328592521573237,0.216755739044986,4.1,2.4125181214578113,potato,0.5884190540141003
3431,780.444,-2.622887638302984,-0.8308130437702401,Rural_Kilimani,2.8216412,1376.5,-3.0,29.2,13.1,0.6,Volcanic,5.54940838599064,0.2103872002391841,12.4,6.038231205268043,coffee,0.48695412945710026
3432,571.2329,-1.487452943258587,-6.254368885485343,Rural_Kilimani,9.376062,314.4,-5.8,32.3,13.249999999999998,0.55,Loamy,4.952041222105765,0.1814129000573463,3.7,2.0568766924101825,wheat,0.5559126195703196
3433,506.2826,-8.83623860840705,-6.52014114018733,Rural_Akatsi,4.5788713,1225.8,-5.6,33.2,13.8,0.6,Peaty,4.638364959918417,0.0763935546462847,3.6,1.3894296923268492,wheat,0.38595269231301366
3434,606.7699,-9.782434187610717,-1.5740744340385062,Rural_Sokoto,18.354866,1846.5,-4.1,30.4,13.15,0.69,Silt,5.982770684135629,0.1501362076390109,1.7,0.9683579265077511,banana,0.5696223097104418
3435,835.51013,-3.231156224933912,-7.258897915969121,Rural_Kilimani,7.9392533,650.7,-3.1,32.0,14.45,0.57,Sandy,5.036597936955624,0.1125540180167011,3.2,1.634041330325719,tea,0.5106379157267872
3436,635.3525,-8.60644825345759,1.1917588606567375,Rural_Sokoto,13.305431,1752.3,-3.9,29.8,12.95,0.67,Silt,5.782947274477187,0.0477264912520144,0.6,0.2775341153342042,coffee,0.46255685889034037
3437,808.7147,-1.2126056559660938,-1.5335329036602368,Rural_Kilimani,5.2182803,1401.3,-2.7,27.4,12.35,0.61,Volcanic,5.204622500879474,0.0352713759678845,3.4,2.367162077404417,tea,0.6962241404130639
3438,741.90564,-8.097304917981333,-7.52917478515758,Rural_Akatsi,36.16104,1274.7,-3.6,29.9,13.15,0.7,Volcanic,5.099502644650982,0.0549272356379075,1.5,1.0614732191351766,tea,0.7076488127567844
3439,820.30066,-5.2136612480273055,-5.988596630783357,Rural_Kilimani,44.413662,591.4,-3.3,30.9,13.8,0.67,Sandy,5.962568555313375,0.3106655360215298,1.0,0.5324863372814338,maize,0.5324863372814338
3440,786.2913,-5.434440216508161,-4.520092308192723,Rural_Kilimani,11.045704,627.2,-3.6,31.7,14.05,0.57,Sandy,4.850120377462531,0.2523178163006931,4.4,1.8952398440438423,maize,0.4307363281917823
3441,259.57663,-12.720146176376382,-7.186824084185532,Rural_Hawassa,15.862958,1646.9,-7.4,33.5,13.05,0.67,Silt,5.369804553147426,0.0006453291210835,1.4,0.5490034225684012,banana,0.3921453018345723
3442,608.38025,-10.05728147490321,-5.713815147108423,Rural_Hawassa,20.43877,1716.2,-4.2,32.7,14.250000000000002,0.69,Silt,6.472404740029334,0.2366420379040581,1.2,0.6382900763935461,wheat,0.5319083969946218
3443,717.0108,-1.8434027087685363,-3.0560926000885638,Rural_Kilimani,5.836635,878.4,-4.0,32.7,14.35,0.58,Sandy,6.479805792348094,0.150036358949686,2.3,0.9783435398962558,coffee,0.42536675647663297
3444,697.4887,-5.785884288783807,-7.43457788094162,Rural_Amanzi,3.7174664,649.8,-4.4,29.6,12.6,0.55,Sandy,5.030383953726029,0.4531357398760013,6.1,2.404617578979024,wheat,0.3941996031113154
3445,678.59955,-14.648582880658138,-6.083193534999318,Rural_Hawassa,16.919823,1531.3,-3.8,28.4,12.3,0.66,Volcanic,4.828435652381213,4.663686067615823e-09,2.0,1.5804391359271797,tea,0.7902195679635898
3446,339.74124,-11.107107998495849,-6.218331969593549,Rural_Hawassa,4.3131833,1687.9,-6.7,32.5,12.9,0.63,Silt,7.094148952625042,0.0767398737592269,4.2,2.0723363737126537,rice,0.4934134223125366
3447,822.1515,-3.524026285163618,-3.880437051113368,Rural_Kilimani,3.373171,739.2,-3.2,29.2,13.0,0.56,Sandy,6.061756334656658,0.2236631871417452,11.7,6.801044964990983,potato,0.5812858944436738
3448,585.7049,-6.110294201653636,-3.511058663222472,Rural_Hawassa,7.0837827,628.8,-5.4,28.6,11.6,0.56,Loamy,5.557769910128622,0.3597672403927756,3.3,2.1616267094527566,potato,0.6550383968038657
3449,811.1938,-4.001629767999754,-4.767846104948812,Rural_Kilimani,5.80147,596.9,-3.4000000000000004,28.8,12.7,0.56,Sandy,5.22028879269418,0.2179051586700859,3.4,2.1447115458611496,potato,0.6307975134885734
3450,574.791,-13.950200429341146,-6.457076537376689,Rural_Hawassa,6.848281,1676.6,-4.6,31.0,13.2,0.64,Silt,6.079735171921746,3.0800506472409644e-08,2.3,1.1085007157684823,coffee,0.48195683294281844
3451,767.0018,-5.101018917169727,-5.335427530244578,Rural_Kilimani,6.780961,529.1,-3.9,29.0,12.55,0.55,Sandy,5.341991196372579,0.305859745276882,4.7,2.8532705986785207,potato,0.607078850782664
3452,879.0894,-3.762828026581685,-1.9119205205240808,Rural_Kilimani,6.621057,1190.3,-2.2,29.5,13.65,0.6,Rocky,5.884006724608535,0.5202257074336122,2.2,1.055299992261747,cassava,0.4796818146644304
3453,729.8092,-5.673241957926228,-7.146282553807262,Rural_Amanzi,11.942926,664.8,-3.8,29.8,13.0,0.58,Sandy,5.038298497198981,0.4252414653643969,0.9,0.3526435472849739,maize,0.39182616364997097
3454,784.8787,-7.367382614024219,-7.493137869265786,Rural_Akatsi,35.892696,1109.4,-3.2,28.0,12.4,0.69,Sandy,5.248644990088876,0.093517938977656,1.3,0.7408014489777769,cassava,0.5698472684444438
3455,780.032,-3.0058715632187543,-1.1191083709045977,Rural_Kilimani,1.7915509,1292.8,-3.0,29.6,13.3,0.6,Volcanic,5.188347779269419,0.3375592923454791,7.9,5.105047742504662,tea,0.6462085750005901
3456,554.421,-9.539126752958346,-7.551697857589953,Rural_Akatsi,35.27859,1585.3,-4.8,30.9,13.05,0.72,Silt,5.770271476439244,0.0596007827495033,1.4,0.6842543749448733,banana,0.48875312496062384
3457,740.341,-8.223464328541821,-3.984043184302277,Rural_Hawassa,22.63653,1281.4,-3.4000000000000004,30.0,13.3,0.66,Volcanic,4.06134122672351,0.0329641820737417,1.2,0.4935834147117239,cassava,0.4113195122597699
3458,765.9871,-10.985454281169662,-0.2992685343662684,Rural_Sokoto,21.29957,2278.8,-2.3,32.5,15.1,0.73,Volcanic,5.253813278798838,0.3458698114827325,1.5,0.7445863381291121,banana,0.49639089208607473
3459,647.73517,-10.426748320116069,-10.015721981691415,Rural_Akatsi,11.364114,2090.0,-3.5,30.9,13.7,0.68,Volcanic,5.770029250013288,0.0325888379954153,3.5,2.2391643492949678,banana,0.6397612426557051
3460,228.59718,-11.891098621264598,-6.439058079430791,Rural_Hawassa,22.730833,1650.8,-7.7,34.8,13.55,0.69,Silt,5.6367064282978205,0.0020660924456742,1.6,0.6936499802343468,wheat,0.4335312376464667
3461,746.36163,-5.808412754955324,-4.502073850246826,Rural_Hawassa,3.418565,628.2,-3.9,31.9,14.0,0.55,Sandy,5.42728001117265,0.2349302997732051,13.7,6.442296674856281,maize,0.4702406332011884
3462,122.88691,-12.391230570272253,-6.808436467321687,Rural_Hawassa,5.967596,1536.5,-8.8,36.6,13.9,0.63,Silt,7.370552585497038,0.0003807175866831,3.8,1.7450842044316355,wheat,0.4592326853767462
3463,212.9089,-11.746916437766895,-7.168805626239634,Rural_Hawassa,31.860527,1642.9,-7.9,31.7,11.9,0.71,Silt,6.298929020298766,0.0172202060045557,1.2,0.664373990385171,rice,0.5536449919876425
3464,275.16946,-13.607767743534106,-7.808460883318991,Rural_Hawassa,2.227117,1494.8,-7.3,31.0,11.85,0.61,Peaty,4.758031552383198,5.766121770466335e-06,7.8,2.9011406979802414,banana,0.37194111512567196
3465,535.8766,-1.181065803325971,-4.13269546235593,Rural_Kilimani,19.352512,482.1,-6.0,30.1,12.05,0.59,Loamy,4.942709769126084,0.0222071323893336,1.2,0.711717511397074,wheat,0.5930979261642283
3466,615.82733,-9.084051736293729,-5.35795060267695,Rural_Hawassa,6.864358,1387.3,-4.5,32.1,13.8,0.62,Silt,6.575917301007387,0.0522185937208726,2.7,1.1654397425931473,coffee,0.4316443491085731
3467,321.10724,-13.540182345019558,-7.056190264077775,Rural_Hawassa,8.289635,1533.6,-7.1,31.2,12.05,0.63,Silt,5.576032629848224,7.078236402731862e-07,2.2,0.899348944528972,banana,0.4087949747858963
3468,777.41425,-4.285488441760853,-1.6146159644167752,Rural_Kilimani,25.260626,1120.6,-3.2,30.5,13.65,0.66,Sandy,6.075650883273443,0.7020293639766829,1.0,0.22947348466531964,coffee,0.22947348466531964
3469,885.5235,-2.7850925947378986,-7.77692858191367,Rural_Kilimani,28.452559,758.6,-2.6,28.5,12.95,0.64,Sandy,6.174373287411389,0.0472634212693921,0.7,0.2682551497623515,coffee,0.383221642517645
3470,837.18915,-6.975387302639843,-7.853507028183734,Rural_Amanzi,5.9717216,1102.1,-2.7,27.7,12.5,0.59,Rocky,5.471494187070512,0.141275326950668,4.1,1.9834950809909468,wheat,0.48377928804657244
3471,845.16,-6.92582467706251,-7.385027121590402,Rural_Akatsi,12.779626,1028.4,-2.8,28.7,12.95,0.61,Rocky,4.857614330261934,0.2236158433069061,1.1,0.49580885117841256,cassava,0.4507353192531023
3472,747.5721,-9.962661916982842,-0.1731393287449869,Rural_Sokoto,9.439286,2121.6,-2.6,29.9,13.65,0.68,Volcanic,4.918871032714874,0.3614208445214678,2.8,2.0002859369480177,tea,0.714387834624292
3473,414.98853,-6.835710812376446,-1.4929913732819675,Rural_Sokoto,9.809296,923.7,-6.7,30.4,11.85,0.59,Loamy,6.676338816259225,0.77283762051946,4.8,2.450320623532899,wheat,0.5104834632360207
3474,527.47406,-7.457496478710283,-2.006517424740043,Rural_Sokoto,6.897952,1091.9,-5.5,28.8,11.65,0.6,Loamy,5.140569544977833,0.5141845015783897,3.4,1.5317817577558102,wheat,0.4505240463987677
3475,640.6475,-9.070534656590816,-5.168756794245028,Rural_Hawassa,4.0481653,1419.9,-4.2,30.3,13.05,0.61,Volcanic,5.40789907967943,0.0478428235216021,13.1,6.177174045440088,cassava,0.47154000346870906
3476,556.1399,-9.917604984639812,-1.5110098312278657,Rural_Sokoto,26.025934,1829.5,-4.6,30.2,12.8,0.71,Silt,7.174313413130265,0.1356916160358298,0.9,0.37772031234464504,coffee,0.4196892359384945
3477,819.7531,-10.728629766814382,0.4665159283343691,Rural_Sokoto,24.211384,2313.5,-1.9000000000000004,30.5,14.3,0.74,Volcanic,3.928951960007685,0.274813812643934,0.8,0.44182898743498095,tea,0.5522862342937261
3478,344.30353,-0.5998313761008625,-3.6146647964113816,Rural_Kilimani,16.65546,401.0,-7.8,30.6,11.4,0.57,Loamy,6.445785319297527,0.0081612314829367,1.9,1.31380117054509,wheat,0.6914743002868895
3479,675.9409,-9.23273961302573,-1.078566840526329,Rural_Sokoto,5.351391,1827.3,-3.5,29.2,12.85,0.65,Volcanic,5.235436061583358,0.0853730698423662,4.8,4.256128799779456,tea,0.8866934999540534
3480,415.26904,-11.868570155093083,-8.997679107748214,Rural_Akatsi,9.584297,1906.3,-5.8,33.7,13.95,0.67,Silt,6.932512058918058,0.0636476188491036,3.6,1.7543688514932232,wheat,0.48732468097033976
3481,607.72565,-2.3525460442447947,-4.357926186679647,Rural_Kilimani,7.643603,483.1,-5.3,28.4,11.55,0.55,Loamy,6.126691029462717,0.1063307035784753,4.4,3.15015939286766,wheat,0.7159453165608318
3482,805.62006,-11.427012218131374,0.1106513839028964,Rural_Sokoto,7.314628,2363.3,-1.6999999999999993,29.6,13.95,0.69,Volcanic,5.818332576253001,0.2778875002657211,2.9,1.8744690657663408,coffee,0.6463686433677037
3483,244.87619,-11.499103309880224,-7.0651994930507245,Rural_Hawassa,15.601348,1658.1,-7.6,31.9,12.15,0.67,Silt,5.655288039846942,0.0143432100717331,1.0,0.42595032565359936,banana,0.42595032565359936
3484,431.6474,-13.85558087142078,-6.700325719646302,Rural_Hawassa,3.211858,1573.0,-5.9,30.7,12.4,0.62,Silt,6.361062687884135,3.918986686933828e-08,12.1,6.092387469568879,coffee,0.5035030966585851
3485,815.47754,-5.524554081194223,-4.439009247436185,Rural_Kilimani,4.027939,674.2,-3.3,28.4,12.55,0.56,Sandy,6.623924728551778,0.2425654892611154,14.8,7.667594760832244,potato,0.5180807270832597
3486,561.55237,-1.874942561408659,-5.754356677486692,Rural_Kilimani,4.6735888,313.2,-5.9,32.4,13.25,0.53,Loamy,5.48422057449982,0.2621089745374025,3.3,2.083206996116639,potato,0.6312748473080725
3487,403.88657,-11.314369887273791,-5.051636817596696,Rural_Hawassa,7.291523,1779.6,-6.0,31.6,12.8,0.65,Silt,5.857392281911228,0.0127273313103003,2.5,1.273076667895029,banana,0.5092306671580116
3488,684.9024,-6.065237269310604,-3.2272679505745883,Rural_Hawassa,4.5041413,772.0,-4.4,28.6,12.1,0.56,Sandy,5.782017250983109,0.4409823223405004,2.2,1.205088036570804,potato,0.5477672893503654
3489,868.6261,-3.5645775242723463,-4.722799960084068,Rural_Kilimani,8.391856,671.9,-2.8,28.1,12.65,0.57,Rocky,4.990016754499288,0.1843255763805142,4.0,2.252626635837754,potato,0.5631566589594384
3490,825.3861,-3.1725822128879706,-3.484030976303625,Rural_Kilimani,7.842735,827.9,-3.0,29.5,13.25,0.58,Sandy,5.237895745550474,0.2892091614017467,2.4,1.4174337013984248,potato,0.590597375582677
3491,770.4434,-2.046158904312179,-0.6731515367436385,Rural_Kilimani,2.6504977,1451.5,-3.0,30.3,13.65,0.61,Volcanic,4.716608776651626,0.0991151797139107,5.8,4.171808878539862,tea,0.7192773928517003
3492,616.37256,-6.277004851322852,-1.416412927011904,Rural_Sokoto,2.5089417,1059.7,-4.7,31.9,13.6,0.58,Loamy,6.789329632177258,0.858769998728624,8.4,4.238839966018528,wheat,0.5046238054783961
3493,641.5185,-6.619437537129894,-0.18665317220441,Rural_Sokoto,17.520649,1303.4,-4.3,29.9,12.8,0.64,Volcanic,4.645229932954551,0.8776040752394302,1.6,0.8526409321347928,tea,0.5329005825842454
3494,453.39767,-14.270104648976671,-7.020153348185981,Rural_Hawassa,4.684271,1438.1,-5.9,29.2,11.65,0.62,Silt,6.245989253079199,5.927781567864555e-09,3.4,1.8780609205006111,wheat,0.552370858970768
3495,823.7414,-3.830413425096234,-4.830910707759452,Rural_Kilimani,25.806208,608.1,-3.3,27.8,12.25,0.62,Sandy,6.356325315617614,0.2063531499540463,2.0,1.2301346579984447,wheat,0.6150673289992223
3496,73.88748,-12.23353130707164,-6.948079516402392,Rural_Hawassa,12.506725,1506.9,-9.1,35.3,13.099999999999998,0.64,Silt,5.616362587422609,0.0016197606573729,1.6,0.6940741784218446,banana,0.43379636151365286
3497,397.87436,-9.935627757577024,-3.785840146897407,Rural_Hawassa,30.123003,1502.2,-6.3,32.0,12.85,0.7,Silt,5.5477192660473,0.0453972869783849,1.8,1.1937166509531427,rice,0.6631759171961904
3498,639.6585,-2.2669378727930347,-4.114677004410033,Rural_Kilimani,4.8455267,558.6,-5.0,30.6,12.8,0.55,Sandy,6.096502045596414,0.1128776291191989,2.1,1.11065227620122,maize,0.5288820362862953
3499,801.7721,-3.3302814760885813,-0.5425177166358826,Rural_Kilimani,7.9491076,1389.7,-2.7,30.9,14.1,0.62,Volcanic,4.509994094921134,0.4252411484356898,4.5,1.5869681487448446,cassava,0.3526595886099655
3500,759.85657,-3.10049112113912,-3.6912432426814448,Rural_Kilimani,6.4066586,723.4,-3.7,30.1,13.2,0.57,Sandy,6.211237550010858,0.2494248322518875,4.1,2.24682424060888,maize,0.5480059123436294
3501,508.57025,-6.308544703962975,-1.880388219118761,Rural_Hawassa,29.369726,868.4,-5.9,33.8,13.95,0.65,Loamy,4.8404601478638325,0.7827768351865002,0.6,0.28021864167578,cassava,0.46703106945963335
3502,991.5568,-4.321533987635279,-3.686738628194971,Rural_Kilimani,2.005834,923.9,-1.4000000000000004,29.4,14.0,0.57,Rocky,4.870835150920332,0.2117703938870672,8.9,3.593505351304693,tea,0.4037646462140104
3503,296.82947,-13.436551400630584,-6.785913394889316,Rural_Hawassa,2.7609496,1543.2,-7.2,33.9,13.35,0.62,Silt,6.962401803061568,4.641608495638221e-07,7.9,2.6627018137123053,banana,0.33705086249522853
3504,396.8799,-13.1707154998067,-8.087746981480398,Rural_Hawassa,4.2281275,1715.1,-6.1,31.7,12.8,0.63,Silt,5.7741163717463415,0.0004087854870765,2.6,1.2622072284763297,banana,0.4854643186447422
3505,751.1485,-3.5375433648665275,-7.164301011753159,Rural_Kilimani,24.635284,554.3,-4.0,31.4,13.7,0.61,Sandy,5.644735628038989,0.1391605216475655,1.0,0.6341222733061462,potato,0.6341222733061462
3506,579.6631,-9.449012888272282,-7.695845521157131,Rural_Akatsi,8.156984,1595.5,-4.6,34.0,14.7,0.64,Silt,6.231761541747884,0.0819928054997619,4.6,2.139769824299208,coffee,0.4651673531085235
3507,679.5792,-8.87678984751578,-4.718295345597594,Rural_Hawassa,10.408993,1402.1,-3.8,31.7,13.95,0.63,Volcanic,4.383575539149993,0.0430853770743805,4.0,1.5344907951691718,cassava,0.38362269879229294
3508,818.6147,-3.524026285163618,-2.848880333710744,Rural_Kilimani,6.0069714,935.3,-3.0,27.1,12.05,0.58,Sandy,5.431715299530405,0.3708545098635477,4.6,2.627946195328859,potato,0.5712926511584476
3509,181.42114,-12.400241956740857,-7.249888686996171,Rural_Akatsi,2.9978397,1601.0,-8.2,33.5,12.65,0.62,Silt,6.691801035691552,0.0041783562491631,7.8,3.966843903273252,rice,0.5085697311888785
3510,539.2373,-6.921318983828206,-1.1055945274451748,Rural_Sokoto,10.470584,1129.7,-5.4,29.7,12.15,0.61,Loamy,5.513519457539617,0.7358913333809445,2.8,1.184287239159688,wheat,0.42295972827131717
3511,971.04456,-2.010113358437753,-8.029186993156232,Rural_Kilimani,40.39921,869.5,-1.6999999999999993,29.3,13.8,0.68,Sandy,4.637069417958791,0.0173285257986534,0.5,0.287869397484971,potato,0.575738794969942
3512,500.56625,-9.539126752958346,-2.952486466899653,Rural_Hawassa,28.59915,1552.1,-5.3,32.8,13.749999999999998,0.7,Silt,7.016757863826949,0.0075905359950346,0.6,0.3138711234970946,wheat,0.5231185391618244
3513,685.1489,-7.777400698345807,-5.236326011542143,Rural_Hawassa,2.5730338,1005.7,-4.2,32.0,13.9,0.58,Sandy,4.812166074626465,0.219977014926449,7.9,3.1099207012369288,wheat,0.3936608482578391
3514,798.4929,-9.16064852127688,-2.3533727401985667,Rural_Hawassa,9.786981,1809.6,-2.4000000000000004,28.8,13.2,0.66,Volcanic,5.138975561480724,0.0364690540334381,2.8,1.5493571885726705,banana,0.553341853061668
3515,780.53516,-5.425428830039554,-5.799402822351436,Rural_Kilimani,10.403901,565.3,-3.7,27.7,12.0,0.57,Sandy,6.67267783730827,0.3068202326097786,3.2,1.611030105232976,potato,0.503446907885305
3516,441.64383,-10.102338407246242,-7.646294761805914,Rural_Akatsi,5.339488,1635.8,-5.8,31.3,12.75,0.63,Silt,6.236519807273805,0.043952439207722,3.3,1.7459723715575612,wheat,0.5290825368356247
3517,669.41364,-5.493014228554102,-7.515660941698157,Rural_Amanzi,9.898094,592.2,-4.7,30.6,12.95,0.57,Sandy,5.204755075506667,0.4355016983242043,4.9,2.7901111638690876,potato,0.5694104416059362
3518,518.2541,-1.509981409430102,-4.44351386192266,Rural_Kilimani,7.6528416,402.4,-6.2,29.8,11.8,0.55,Loamy,5.689133729130512,0.0387087318073915,4.6,2.960106907187202,wheat,0.6435015015624352
3519,728.74866,-7.3403484546184,0.2232667460647548,Rural_Sokoto,3.8812544,1549.0,-3.3,31.5,14.1,0.62,Volcanic,5.742667657259784,0.4817196752156539,14.6,6.453225832953978,banana,0.4420017693804094
3520,492.1112,-10.368174308070127,-5.934541256945665,Rural_Hawassa,2.254836,1685.2,-5.3,33.0,13.85,0.63,Silt,6.163654967812395,0.290260201690168,11.5,5.324691551527388,banana,0.4630166566545555
3521,810.4332,-4.019652540936967,-5.673273616730154,Rural_Kilimani,6.8323655,546.8,-3.4000000000000004,28.3,12.45,0.55,Sandy,5.132007337919156,0.2413289682950461,2.7,1.6509694740371328,potato,0.6114701755693084
3522,837.8903,-8.002685360060966,-0.4118838965281266,Rural_Sokoto,15.628886,1795.9,-1.6999999999999993,27.6,12.95,0.68,Volcanic,4.378384600365616,0.2439083226841169,1.8,1.339244280131829,tea,0.7440246000732382
3523,611.00745,-6.826699425907838,-6.763390322456943,Rural_Amanzi,2.8086874,697.5,-5.1,28.2,11.55,0.55,Loamy,5.35668573408963,0.2390918959367651,9.3,5.361206609654484,maize,0.5764738289951058
3524,608.7696,-5.979629097858844,-6.95708874537534,Rural_Amanzi,5.256659,531.4,-5.3,33.1,13.9,0.55,Loamy,5.559486712174024,0.3960640731288262,2.7,1.7453331042262692,potato,0.6464196682319515
3525,585.32214,-9.656274777050228,-1.5335329036602368,Rural_Sokoto,30.05425,1797.4,-4.3,31.4,13.55,0.72,Silt,6.135898890856021,0.1215484121700583,1.3,0.6390099385865926,coffee,0.49154610660507125
3526,701.1468,-7.98015689388945,-2.393914270576836,Rural_Sokoto,3.5074217,1354.3,-3.7,26.1,11.2,0.61,Volcanic,5.149978516119852,0.2160737086795805,14.9,6.439340421033914,wheat,0.43217049805596736
3527,637.0618,-14.63957149418953,-6.713839563105727,Rural_Hawassa,7.5825753,1494.7,-4.2,30.8,13.3,0.63,Volcanic,5.036941362794629,1.1294415545500766e-09,2.2,0.9969659063335958,cassava,0.45316632106072535
3528,832.5936,-3.722276787472957,-3.5290771211683687,Rural_Kilimani,12.8526325,804.9,-3.0,30.8,13.9,0.59,Sandy,6.170136132929928,0.259032977658618,1.3,0.4712362068803069,coffee,0.36248938990792834
3529,851.17523,-5.096513223935423,-4.33990772873375,Rural_Kilimani,11.406942,691.2,-2.9000000000000004,33.0,15.05,0.58,Rocky,5.7731915723568905,0.2401762697996562,3.0,1.7550667409833545,wheat,0.5850222469944515
3530,719.2164,-5.551588240600044,-3.821877062789201,Rural_Kilimani,17.574154,653.4,-4.2,33.1,14.45,0.6,Sandy,6.038088411687294,0.2005359810816051,1.2,0.6788476082165109,wheat,0.5657063401804258
3531,797.5198,-3.204122065528093,-0.8037853568513944,Rural_Kilimani,8.109905,1352.9,-2.8,30.2,13.7,0.62,Volcanic,5.378051424886166,0.3961169015576085,2.5,1.218547046142286,cassava,0.48741881845691437
3532,653.5114,-6.425692728054857,-7.380522507103929,Rural_Amanzi,1.740653,713.7,-4.7,30.3,12.8,0.55,Sandy,6.258204630368144,0.4413784586057022,11.9,5.89518543169386,potato,0.49539373375578655
3533,438.9152,-12.598492459050195,-8.785962226883921,Rural_Akatsi,4.086861,1871.2,-5.6,35.6,15.0,0.65,Silt,5.698316492008609,0.0096362289970977,9.6,5.1663745746247125,banana,0.5381640181900742
3534,297.98996,-11.327886966976704,-6.776904165916366,Rural_Hawassa,3.109512,1688.9,-7.1,34.4,13.65,0.63,Silt,7.173846647205085,0.017324479690497,10.0,4.582827525754809,wheat,0.4582827525754809
3535,715.9727,-2.4922225345081923,-7.1597963972666845,Rural_Kilimani,18.512169,490.3,-4.5,30.8,13.15,0.59,Sandy,5.731038196500824,0.137363799033262,1.6,0.8446205107753587,wheat,0.5278878192345992
3536,773.5328,-8.809204449001232,-1.731735941065108,Rural_Sokoto,27.875652,1751.5,-2.7,30.1,13.7,0.71,Volcanic,4.627321286350063,0.0670708898883415,1.2,0.963234115873237,tea,0.8026950965610309
3537,837.9108,-4.456704784664373,-3.2092494926286905,Rural_Kilimani,12.012309,847.5,-2.9000000000000004,29.7,13.4,0.59,Rocky,5.201400997289355,0.2297307072324331,0.5,0.25242643617940014,wheat,0.5048528723588003
3538,426.3882,-10.958420121763844,-9.02470679466706,Rural_Akatsi,8.117979,1861.5,-5.8,35.1,14.65,0.66,Silt,6.461104169300737,0.0634539205802108,4.7,2.5720468834867356,coffee,0.5472440177631352
3539,742.6732,-8.00719105329527,-5.326418301271629,Rural_Hawassa,9.805257,1143.4,-3.5,31.5,14.0,0.61,Sandy,6.409102599048878,0.270636402076904,4.0,1.8804909706119322,maize,0.47012274265298304
3540,421.8222,-9.81397404025084,-4.110172389923559,Rural_Hawassa,6.3987226,1474.4,-6.1,30.8,12.35,0.62,Silt,6.512897077520257,0.0296417670400593,2.7,1.4875547091263508,wheat,0.5509461885653151
3541,476.6444,-1.2261227356690032,-5.925532027972717,Rural_Kilimani,1.7498873,216.5,-6.8,32.5,12.85,0.51,Loamy,5.7393320032731365,0.1127653622792034,12.6,7.695173800578339,wheat,0.6107280794109793
3542,442.59406,-11.062051066152817,-8.362528465155332,Rural_Akatsi,6.3654737,1866.5,-5.6,32.5,13.45,0.65,Silt,6.981489075392277,0.2050370155661398,3.7,1.7335821908425773,wheat,0.46853572725475057
3543,668.8095,-9.28680793183737,-0.2497177750150507,Rural_Sokoto,2.3893828,1896.7,-3.5,32.3,14.4,0.64,Volcanic,5.762763465036473,0.2023091153205558,6.8,4.111268580352699,banana,0.6045983206401029
3544,688.5655,-4.492750330538799,-7.623771689373542,Rural_Kilimani,14.173515,555.1,-4.5,31.6,13.55,0.58,Sandy,4.938554703156747,0.3339704950820515,1.8,1.00030345359409,potato,0.5557241408856055
3545,673.66736,-7.529587570459133,-5.4750705793252825,Rural_Hawassa,10.553073,910.5,-4.4,32.1,13.85,0.59,Sandy,6.070638342647289,0.2843351412924795,2.2,1.1201898059792237,wheat,0.5091771845360107
3546,716.59106,-8.687550731675048,0.732288183036355,Rural_Sokoto,6.781488,1849.9,-3.1,28.7,12.8,0.65,Volcanic,5.426588955840211,0.0816983783465516,3.7,3.211440081489438,tea,0.8679567787809291
3547,728.13934,-8.885801233984386,-2.326345053279721,Rural_Hawassa,4.040689,1658.1,-3.2,30.3,13.55,0.63,Volcanic,4.930495694264652,0.0385475286955262,5.2,4.165807021577331,tea,0.8011167349187175
3548,474.81873,0.0625055293417027,-3.704757086140868,Rural_Kilimani,3.8766177,502.4,-6.5,32.1,12.8,0.54,Loamy,5.770926754588525,0.0011707987047287,7.6,4.708827984982829,maize,0.6195826296030038
3549,259.91797,-13.706892994688776,-7.659808605265337,Rural_Hawassa,2.3548043,1427.3,-7.7,30.8,11.55,0.61,Peaty,5.076235395420003,1.4950315299963672e-06,14.8,5.772471149336251,banana,0.39003183441461153
3550,727.6461,-2.600359172131469,-2.9795141538184997,Rural_Kilimani,0.8212673,860.2,-3.9,32.1,14.1,0.56,Sandy,5.131857536860928,0.320267583363497,14.0,7.232555156616124,cassava,0.5166110826154374
3551,706.58673,-8.340612352633704,0.5340851456314841,Rural_Sokoto,0.58822477,1754.4,-3.3,27.9,12.3,0.63,Volcanic,4.032351196075206,0.117709337151708,5.7,4.270229758842452,tea,0.7491631155863949
3552,505.54688,-4.965848120140631,0.3493959516860363,Rural_Kilimani,8.096454,1100.0,-5.7,32.3,13.3,0.6,Loamy,4.872262045419763,0.7068510476693227,3.0,1.1400083498117213,wheat,0.38000278327057374
3553,893.07245,-2.996860176750147,-8.087746981480398,Rural_Kilimani,8.935366,810.2,-2.4000000000000004,28.6,13.1,0.58,Rocky,4.784796568672627,0.0340876784451134,2.7,1.4358555232755836,wheat,0.5317983419539198
3554,762.7071,-2.884217845892568,-1.3533483242012634,Rural_Kilimani,2.4631917,1238.2,-3.2,31.7,14.25,0.59,Volcanic,5.239580350279004,0.3093557541618953,9.0,5.887103955983726,tea,0.6541226617759696
3555,565.8601,-10.760169619454503,-9.727426654557055,Rural_Akatsi,9.389347,2066.6,-4.0,31.2,13.6,0.68,Silt,5.947876390471021,0.0241046909988963,2.7,1.5330004659482372,coffee,0.5677779503511989
3556,861.4437,-4.195374577074789,-1.871378990145812,Rural_Kilimani,6.3160186,1159.4,-2.4000000000000004,28.7,13.15,0.6,Rocky,5.170642458394197,0.597720999353465,3.1,1.0471270688845111,tea,0.3377829254466165
3557,647.33954,-8.223464328541821,-6.763390322456943,Rural_Akatsi,3.743959,1172.0,-4.4,29.5,12.55,0.59,Sandy,6.0380424427449695,0.152532391733947,9.4,4.658223594416926,wheat,0.49555570153371553
3558,795.5956,-3.379844101665917,-3.177717191223371,Rural_Kilimani,11.845632,848.8,-3.3,29.8,13.25,0.59,Sandy,5.66924566191987,0.3361961047288774,1.1,0.629272940617972,cassava,0.5720663096527018
3559,608.981,-7.205177657589306,-3.177717191223371,Rural_Hawassa,4.287762,930.6,-4.9,30.6,12.85,0.58,Loamy,6.668771856918195,0.1833251145524456,3.9,2.69688209175197,wheat,0.6915082286543514
3560,773.777,-3.979101301828237,-3.0515879856020893,Rural_Kilimani,29.644226,826.5,-3.5,30.7,13.6,0.65,Sandy,4.591514223616414,0.2926539295509736,1.4,0.6408655966488578,cassava,0.4577611404634699
3561,698.70685,-8.038730905935392,-3.749803231005611,Rural_Hawassa,7.602719,1189.2,-4.0,29.9,12.95,0.61,Sandy,4.914927860420943,0.041648101034323,3.9,2.277778898748704,tea,0.5840458714740266
3562,950.4881,-7.52508187722483,-6.308424259323036,Rural_Akatsi,17.338697,1222.6,-1.5999999999999996,27.8,13.1,0.64,Volcanic,4.288534421563345,0.3402070751862221,0.6,0.3038450948838726,tea,0.5064084914731211
3563,922.25275,-3.695242628067138,-4.042603172626444,Rural_Kilimani,15.692977,812.2,-2.2,27.4,12.6,0.6,Rocky,4.140151087442318,0.208611733450081,0.7,0.3375006848180806,potato,0.48214383545440087
3564,286.40356,-12.625526618456014,-7.88053471510258,Rural_Akatsi,4.0130095,1695.2,-7.2,30.8,11.8,0.63,Silt,5.743748533028288,0.0113506707008969,14.3,8.309420760898467,rice,0.5810783748880046
3565,789.39935,-4.407142159087039,-6.011119703215729,Rural_Kilimani,16.420256,525.6,-3.7,29.7,13.0,0.58,Sandy,4.5148359606337,0.2710334718630531,1.9,0.9957970609746141,potato,0.5241037163024285
3566,659.19183,-9.129108668636755,-4.659735357273428,Rural_Hawassa,5.1709857,1472.3,-4.0,28.4,12.2,0.62,Volcanic,4.9924658250598455,0.0157092694670344,4.3,3.38010433556667,tea,0.7860707757131791
3567,826.34796,-3.361821328728704,-1.3128067938229944,Rural_Kilimani,1.3440659,1280.5,-2.6,28.9,13.15,0.59,Volcanic,4.714642471557552,0.4736086619454295,10.4,4.052701500786608,cassava,0.38968283661409686
3568,684.7698,-14.261093262508064,-6.267882728944766,Rural_Hawassa,21.928755,1689.2,-3.5,29.2,12.85,0.69,Volcanic,4.8157709934551125,1.2486804181719438e-08,0.6,0.49992949404739906,tea,0.8332158234123318
3569,717.882,-4.321533987635279,-0.3848562096092809,Rural_Kilimani,8.16207,1267.1,-3.6,33.0,14.7,0.61,Volcanic,4.065202068510608,0.7244170691316232,2.1,0.6482321368446112,cassava,0.30868196992600533
3570,763.3098,-7.840480403626052,-6.276891957917715,Rural_Hawassa,19.142311,1129.1,-3.3,30.1,13.4,0.64,Sandy,6.4216877567386135,0.3466124495803111,0.9,0.41528725972907105,maize,0.46143028858785673
3571,510.46582,-9.124602975402452,-4.159723149274776,Rural_Hawassa,0.8966842,1339.1,-5.4,34.3,14.45,0.6,Peaty,5.479400458431199,0.0092447234766696,7.3,3.2699547613047018,wheat,0.44793900839790435
3572,616.67114,-1.0143551536567532,-3.078615672520935,Rural_Kilimani,15.168762,811.3,-5.0,34.0,14.5,0.6,Loamy,5.297099578884991,0.031556121092824,1.5,0.9222617643678859,wheat,0.6148411762452572
3573,440.56638,-10.67005575476844,-6.425544235971368,Rural_Hawassa,3.9241405,1724.7,-5.7,32.0,13.15,0.63,Silt,5.534608886266169,0.1744207843491263,8.8,3.926182324627892,cassava,0.4461570823440786
3574,736.2901,-4.3530738402754,-2.411932728522733,Rural_Kilimani,7.0689864,907.6,-3.8,30.5,13.35,0.58,Sandy,6.763774746849166,0.4073261811825975,4.8,1.5647277540140716,coffee,0.3259849487529316
3575,590.79755,-8.394680671445341,1.074638884008405,Rural_Sokoto,0.5213502,1658.4,-4.4,34.0,14.8,0.62,Silt,6.419914009901896,0.0681278378347889,10.3,5.751509267166224,wheat,0.5583989579773032
3576,689.4736,-8.894812620452992,-4.727304574570542,Rural_Hawassa,4.92732,1418.6,-3.7,29.8,13.05,0.61,Volcanic,5.00249568735349,0.041332872640297,2.8,1.2163460997441549,cassava,0.43440932133719823
3577,652.466,-7.3358427613840975,-5.884990497594448,Rural_Hawassa,36.927948,833.2,-4.6,30.4,12.9,0.67,Sandy,5.49402392177018,0.3413535156423172,1.8,1.013832656867521,potato,0.5632403649264006
3578,407.25735,-10.426748320116069,-4.731809189057017,Rural_Hawassa,16.607306,1612.3,-6.1,31.7,12.8,0.67,Silt,6.610865232487997,0.0677405797427497,1.6,0.8500241440848827,wheat,0.5312650900530517
3579,590.0002,-1.577566807944649,-3.4795263618171512,Rural_Kilimani,7.8426933,662.5,-5.3,30.1,12.4,0.57,Loamy,4.874558766545722,0.0783654656397611,2.2,1.3235928893326259,wheat,0.6016331315148299
3580,642.9444,-7.678275447191138,-5.587685941487141,Rural_Hawassa,10.658294,927.2,-4.6,31.6,13.5,0.6,Sandy,4.899611657325262,0.3181516555100821,3.1,1.5710887284901032,potato,0.5068028156419687
3581,848.7904,-8.034225212701088,-8.002159306237386,Rural_Akatsi,15.626085,1448.1,-2.3,29.1,13.4,0.65,Volcanic,5.359048502814061,0.0669414158578631,1.2,0.6347985511787164,cassava,0.5289987926489303
3582,470.54453,-9.28680793183737,-3.357901770682344,Rural_Hawassa,8.495107,1411.6,-5.7,32.5,13.4,0.62,Silt,5.789383976380344,0.005862844445681,2.0,0.8870490245117023,banana,0.44352451225585116
3583,879.6223,-1.771311617019686,-1.7722774714433769,Rural_Kilimani,8.40081,1365.8,-2.1,29.7,13.8,0.62,Volcanic,5.555644863867944,0.1042940001566674,4.9,2.3352545842899946,coffee,0.4765825682224479
3584,627.11005,-9.268785158900156,-7.412054808509247,Rural_Akatsi,7.952424,1554.1,-4.3,30.0,12.85,0.63,Silt,7.429740169831255,0.0490777270904636,4.7,2.2873596075147726,wheat,0.48667225691803667
3585,741.04767,-7.840480403626052,-7.560707086562901,Rural_Akatsi,11.095245,1218.8,-3.5,29.8,13.15,0.62,Volcanic,4.426896460646468,0.0570353724520629,4.4,2.9648829576025055,tea,0.6738370358187512
3586,723.218,-8.849755688109962,-7.614762460400594,Rural_Akatsi,7.5601583,1528.6,-3.5,29.4,12.95,0.63,Volcanic,5.301358409100644,0.0698091753548046,4.7,2.251606866355603,cassava,0.4790652907139581
3587,590.59143,-1.9740678125633284,-5.565162869054769,Rural_Kilimani,13.468448,351.0,-5.6,32.7,13.55,0.56,Loamy,4.515467548703537,0.243989850935166,1.2,0.6494767408602157,wheat,0.5412306173835131
3588,612.2992,-7.227706123760821,-2.4569788733874764,Rural_Hawassa,31.527239,1052.4,-4.8,30.1,12.65,0.67,Loamy,6.184874001116621,0.429432541700575,0.6,0.33856209353090333,maize,0.5642701558848389
3589,462.80618,-10.39971416071025,-5.988596630783357,Rural_Hawassa,12.111119,1663.8,-5.6,31.5,12.95,0.66,Silt,6.497811090604058,0.2910025846954844,2.0,0.9357608608187356,coffee,0.4678804304093678
3590,298.68677,-11.503609003114526,-8.087746981480398,Rural_Akatsi,17.693024,1746.4,-7.0,31.9,12.45,0.68,Silt,6.945331957331726,0.2879424729961108,0.8,0.36156809151387775,rice,0.4519601143923472
3591,766.8568,-8.674033651972138,-1.7857913149027995,Rural_Sokoto,4.563697,1700.5,-2.8,28.7,12.95,0.63,Volcanic,5.4975099667486695,0.0867507337521176,4.3,3.3366305052446994,tea,0.7759605826150464
3592,782.1805,-6.921318983828206,-7.979636233805015,Rural_Amanzi,2.0929716,1048.7,-3.2,33.3,15.05,0.58,Sandy,4.887910873391284,0.1360682033625972,11.5,6.06682796678289,cassava,0.5275502579811209
3593,750.0647,-3.334787169322885,-6.344461175214829,Rural_Kilimani,41.769733,464.2,-4.4,28.8,12.2,0.66,Sandy,6.014078434415857,0.2228009644205351,1.5,0.8275135321612903,wheat,0.5516756881075269
3594,180.79837,-12.6029981522845,-6.425544235971368,Rural_Hawassa,5.1992044,1572.1,-8.2,35.3,13.55,0.63,Silt,6.9692195979909854,2.2803209398881262e-05,4.9,1.7019476958454178,banana,0.3473362644582485
3595,529.0066,-6.943847449999721,-1.1911822026881873,Rural_Sokoto,12.495759,1110.4,-5.5,30.8,12.65,0.61,Loamy,5.86977299813839,0.7350030386327335,0.7,0.32823285681063324,wheat,0.46890408115804755
3596,860.05273,-1.172054416857364,-2.335354282252669,Rural_Kilimani,9.983273,1245.2,-2.4000000000000004,31.5,14.55,0.62,Volcanic,5.690119263045066,0.0463038336405974,2.4,1.191091832853137,coffee,0.4962882636888071
3597,394.85956,-9.95815622374854,-3.4570032893847795,Rural_Hawassa,15.182718,1524.8,-6.3,33.8,13.749999999999998,0.65,Silt,5.2793105369407645,0.0262862536641167,1.7,0.656809547402451,banana,0.38635855729555946
3598,762.9626,-2.176824008106971,-0.6911699946895358,Rural_Kilimani,4.168728,1426.3,-3.1,31.6,14.25,0.61,Volcanic,5.909910370095063,0.1181205618657796,3.1,1.694934717716073,coffee,0.5467531347471203
3599,891.601,-3.9430557559538126,-6.200313511647651,Rural_Kilimani,30.04218,637.0,-2.6,28.5,12.95,0.63,Sandy,4.5141876747289,0.227439559439826,1.0,0.5531512904378626,potato,0.5531512904378626
3600,782.894,-4.060203780045695,-2.997532611764397,Rural_Kilimani,7.7905035,843.9,-3.4000000000000004,31.2,13.9,0.58,Sandy,4.854495487288888,0.2909241914494337,3.3,1.5703472275181516,tea,0.47586279621762173
3601,606.9051,-6.696034322113047,-2.8533849481972178,Rural_Hawassa,8.873359,854.7,-5.1,28.2,11.55,0.58,Loamy,6.00513149937981,0.413362853542814,2.2,1.2888666652193774,maize,0.5858484841906261
3602,676.9088,-5.146075849512759,-7.470614796833414,Rural_Amanzi,6.5005193,612.9,-4.1,30.4,13.15,0.56,Sandy,5.046529291570743,0.4501155739643696,3.6,1.4337484330535402,wheat,0.39826345362598337
3603,743.07574,-1.9470336531575096,-0.7497299830137021,Rural_Kilimani,4.8342304,1420.7,-3.3,31.0,13.85,0.61,Volcanic,4.363894109541146,0.0875725448880187,2.7,1.8782874261239726,tea,0.6956620096755454
3604,805.1362,-11.044028293215604,-0.1596254852855638,Rural_Sokoto,20.828878,2328.3,-1.9000000000000004,28.5,13.3,0.73,Volcanic,4.834032303962616,0.3383838392589923,2.0,1.2943804000060246,tea,0.6471902000030123
3605,495.1312,-10.679067141237049,-7.353494820185081,Rural_Hawassa,2.5341823,1817.9,-5.1,29.9,12.4,0.64,Silt,5.662379020520368,0.0271200820728547,9.7,5.131988094114646,banana,0.5290709375375924
3606,879.6091,-4.051192393577088,-4.186750836193622,Rural_Kilimani,5.3841543,735.6,-2.6,33.1,15.25,0.56,Rocky,5.040558535941979,0.2092823625934738,2.8,1.2542425011310732,cassava,0.44794375040395473
3607,388.4759,-13.891626417295203,-7.0742087220236725,Rural_Hawassa,1.6043268,1507.5,-6.4,30.8,12.2,0.61,Peaty,4.553039124571427,4.4261494566901735e-08,9.0,3.4910896812700942,banana,0.3878988534744549
3608,645.7964,-5.488508535319799,-1.7857913149027995,Rural_Hawassa,5.5013833,949.8,-4.6,31.8,13.6,0.58,Sandy,6.50967259412303,0.8263825210449549,2.9,1.1196837434912825,wheat,0.38609784258320085
3609,932.91797,-2.924769085001296,-7.758910123967772,Rural_Kilimani,31.079292,807.3,-2.1,30.4,14.15,0.65,Sandy,4.532153339343946,0.0520223985893084,1.7,0.852670502703522,cassava,0.5015708839432482
3610,709.53156,-1.9650564260947228,-6.303919644836561,Rural_Kilimani,31.243713,461.8,-4.4,28.8,12.2,0.62,Sandy,6.282621870006854,0.3018402883340824,0.8,0.44244427589395735,wheat,0.5530553448674467
3611,624.478,-7.4214509328358576,-5.97057817283746,Rural_Hawassa,4.585072,833.2,-4.9,25.4,10.25,0.57,Loamy,5.611496307629335,0.3596244103203134,3.0,1.7654119049743504,wheat,0.5884706349914501
3612,825.08325,-2.023630438140664,-6.916547214997071,Rural_Kilimani,33.939926,607.1,-3.3,29.9,13.3,0.64,Sandy,4.5611959403404665,0.1783288516514652,0.9,0.4460347372265339,tea,0.4955941524739266
3613,785.91266,-8.196430169136002,-0.2407085460421019,Rural_Sokoto,20.879774,1759.6,-2.6,29.8,13.6,0.69,Volcanic,4.71337323095538,0.1815237646287585,1.5,0.7462444539505415,banana,0.4974963026336943
3614,610.88635,-1.6361408199905902,-3.659710941276125,Rural_Kilimani,1.6521473,642.4,-5.2,28.4,11.6,0.55,Loamy,5.714768795421036,0.0747999805325808,12.8,8.873741332928518,potato,0.6932610416350404
3615,792.9971,-8.016202439763875,-0.1641300997720383,Rural_Sokoto,23.469255,1731.3,-2.5,29.7,13.6,0.7,Volcanic,5.106031609508995,0.2300097558088723,2.0,1.5512424942080356,tea,0.7756212471040178
3616,737.7419,-8.583919787286074,-5.155242950785605,Rural_Hawassa,5.093759,1345.9,-3.4000000000000004,30.0,13.3,0.61,Volcanic,4.852314095656371,0.3321176925143388,3.3,1.3500373744161602,cassava,0.4091022346715637
3617,798.16364,-2.9157576985326905,-7.317457904293287,Rural_Kilimani,41.207737,616.1,-3.5,30.0,13.25,0.67,Sandy,5.453544664426821,0.1018760051588044,0.6,0.39246596622123325,potato,0.6541099437020554
3618,673.73584,-6.6915286288787446,-6.767894936943418,Rural_Amanzi,13.951558,729.3,-4.5,31.1,13.3,0.59,Sandy,5.209809908836437,0.2608139038577722,1.8,0.7921839273138799,wheat,0.4401021818410444
3619,925.8756,-4.357579533509703,-3.6101601819249063,Rural_Kilimani,22.479248,867.6,-2.1,29.0,13.45,0.63,Sandy,4.810541318565718,0.212125353126734,1.6,0.9052231272746012,potato,0.5657644545466257
3620,617.7131,-5.596645172943076,-7.592239387968221,Rural_Amanzi,3.0437293,561.4,-5.2,31.5,13.15,0.54,Loamy,4.83120625054796,0.4236453701034603,5.2,3.081605994602302,potato,0.5926165374235196
3621,537.0506,-1.4423960109155551,-4.718295345597594,Rural_Kilimani,5.657566,382.3,-6.1,31.0,12.45,0.54,Loamy,6.402752097593129,0.0428274885210501,3.2,2.2914976239947684,wheat,0.7160930074983651
3622,338.61115,-11.625262720440713,-6.083193534999318,Rural_Hawassa,16.29207,1723.8,-6.9,33.7,13.400000000000002,0.67,Silt,6.720003106818689,0.0101736887196484,1.4,0.5856529910838294,banana,0.41832356505987817
3623,307.9973,-11.69284811895526,-5.903008955540345,Rural_Hawassa,7.272154,1718.7,-6.9,32.6,12.85,0.64,Silt,7.065383447272967,0.0071056289093527,2.6,0.9555306003553846,banana,0.3675117693674556
3624,415.20837,-0.6719224678497131,-4.538110766138621,Rural_Kilimani,14.127228,283.0,-7.3,28.7,10.7,0.56,Loamy,5.029932713989942,0.0071269443718514,0.8,0.44148491245413174,wheat,0.5518561405676646
3625,746.3855,-7.2727630561038525,-8.105765439426296,Rural_Akatsi,13.504566,1124.3,-3.5,30.0,13.25,0.62,Sandy,5.05862530378319,0.11455327760493,0.8,0.3338258454243839,wheat,0.4172823067804799
3626,709.0225,-3.10049112113912,-4.3759446446255446,Rural_Kilimani,7.703194,559.9,-4.3,29.9,12.8,0.56,Sandy,4.95606254548074,0.1614181404036715,3.5,2.060897503019727,potato,0.5888278580056363
3627,829.8586,-6.078754349013513,-7.803956268832516,Rural_Amanzi,6.869801,888.0,-3.0,31.0,14.0,0.58,Sandy,5.211580009561732,0.3652703525645992,3.7,1.6996755401351917,tea,0.45937176760410586
3628,643.0375,-9.692320322924656,-1.001988394256265,Rural_Sokoto,2.63192,1905.3,-3.8,28.7,12.45,0.64,Volcanic,4.373407337462606,0.1466046980809867,14.9,12.695223852226984,tea,0.8520284464581869
3629,893.11487,-1.5325098756016189,-1.560560590579083,Rural_Kilimani,9.559103,1452.5,-1.9000000000000004,31.3,14.7,0.63,Volcanic,4.848901367592758,0.0633376447834331,2.3,1.528818888084315,tea,0.6647038643844848
3630,508.54852,-9.034489110716391,-6.182295053701754,Rural_Hawassa,10.71333,1282.8,-5.5,35.9,15.2,0.62,Silt,5.587187668493076,0.0750560917137192,2.4,1.160433271183473,cassava,0.48351386299311383
3631,474.32727,-1.5865781944132564,-4.970553756840157,Rural_Kilimani,17.30469,283.0,-6.7,31.3,12.3,0.57,Loamy,6.352690446894354,0.0754933582662389,0.9,0.5591317447827846,maize,0.621257494203094
3632,748.8865,-10.408725547178856,-1.083071455012803,Rural_Sokoto,19.727594,2155.3,-2.5,29.9,13.7,0.72,Volcanic,3.89808042360647,0.2078734842079285,0.9,0.566772306109198,tea,0.6297470067879978
3633,703.1665,-8.917341086624509,-5.177766023217977,Rural_Hawassa,7.0138626,1430.1,-3.6,31.2,13.8,0.62,Volcanic,4.554395574258128,0.0946192386530161,4.1,1.6184203484147945,cassava,0.39473667034507187
3634,916.15643,-3.632162922786893,-3.0515879856020893,Rural_Kilimani,16.253498,989.9,-2.1,32.3,15.099999999999998,0.62,Sandy,5.384562420742588,0.3330787581227171,2.0,0.5287674227545324,coffee,0.2643837113772662
3635,402.46393,-14.450332378348795,-8.150811584291038,Rural_Hawassa,5.828087,1323.5,-6.4,32.4,13.0,0.61,Peaty,4.528965201524121,8.449265208590216e-10,2.2,0.8737012679561774,wheat,0.3971369399800806
3636,880.35614,-4.434176318492858,-4.5471199951115695,Rural_Kilimani,7.883224,685.2,-2.7,30.4,13.85,0.57,Rocky,6.252558368794407,0.2370819301186774,2.5,0.9284578131980935,coffee,0.3713831252792374
3637,802.24603,-4.141306258263152,-2.335354282252669,Rural_Kilimani,14.256786,984.3,-3.3,28.2,12.45,0.61,Sandy,6.195701928382489,0.4319883400916585,1.7,0.8405868079256542,wheat,0.49446282819156134
3638,511.755,-6.795159573267718,-3.3804248431147155,Rural_Hawassa,14.75551,683.7,-6.2,31.5,12.65,0.59,Loamy,5.110716519068117,0.2781137570128255,1.4,0.7353559266812705,maize,0.5252542333437646
3639,579.2498,-1.1765601100916676,-4.2993661983554805,Rural_Kilimani,28.778889,496.6,-5.6,26.5,10.45,0.62,Loamy,5.300347018747572,0.0207928684228962,1.9,1.303837098625319,potato,0.6862300519080626
3640,689.3194,-5.2361897141988205,-6.96609797434829,Rural_Amanzi,20.467392,520.7,-4.6,28.3,11.85,0.6,Sandy,6.065005140453538,0.4017519265489297,1.7,0.9154919092934339,potato,0.5385246525255494
3641,720.1993,-2.861689379721053,-4.051612401599392,Rural_Kilimani,11.582497,629.0,-4.2,31.7,13.75,0.58,Sandy,5.581501995308852,0.1769145253849389,3.2,1.5777285775146759,maize,0.4930401804733362
3642,764.5009,-2.0371475178435734,-8.011168535210334,Rural_Kilimani,16.276041,651.7,-3.8,30.1,13.15,0.59,Sandy,5.370605002367023,0.0185188632741058,0.9,0.5858151302371286,potato,0.6509057002634762
3643,869.17267,-1.9290108802202963,-2.0200312681994657,Rural_Kilimani,3.320783,1281.7,-2.2,27.6,12.7,0.6,Volcanic,5.711260484118703,0.1492900023981833,5.4,3.202794530087371,tea,0.5931100981643279
3644,768.6372,-8.02521382623248,-0.7632438264731254,Rural_Sokoto,21.64812,1651.9,-2.8,30.7,13.95,0.68,Volcanic,4.676460013718047,0.2541245286480284,1.3,0.9759343422727882,tea,0.7507187248252216
3645,485.06024,-9.399450262694948,-4.114677004410033,Rural_Hawassa,9.387333,1411.4,-5.6,34.1,14.25,0.63,Silt,6.066801057622666,0.007498017813009,2.7,1.2228942449369127,banana,0.4529237944210788
3646,541.915,-0.9467697551422064,-4.560633838570992,Rural_Kilimani,6.1102705,414.2,-6.0,29.8,11.9,0.54,Loamy,6.389193636974691,0.0138574610420424,2.2,1.5918533314778198,wheat,0.7235696961262816
3647,675.31274,-9.07504034982512,0.1061467694164219,Rural_Sokoto,2.8255284,1872.0,-3.5,30.9,13.7,0.64,Volcanic,5.347620951568048,0.1627583198498036,10.2,5.651277249093107,coffee,0.5540467891267753
3648,652.38617,-8.367646512039522,-4.105667775437084,Rural_Hawassa,4.74402,1228.7,-4.3,32.6,14.15,0.6,Volcanic,4.469534085022212,0.0285977457367731,4.5,1.860812161998515,cassava,0.4135138137774478
3649,703.7758,-8.737113357252383,-5.213802939109772,Rural_Hawassa,10.971981,1373.3,-3.6,29.4,12.9,0.63,Volcanic,4.801889337811297,0.2044792969364094,5.0,1.9573118765289255,cassava,0.3914623753057851
3650,466.03015,-9.268785158900156,-6.781408780402841,Rural_Akatsi,4.305148,1350.4,-5.8,29.9,12.05,0.61,Peaty,4.685074326701892,0.0442610488886742,2.4,0.9527681957325194,cassava,0.39698674822188307
3651,365.4722,-9.84551389289096,-3.8173724483027263,Rural_Hawassa,6.6736674,1440.1,-6.7,33.2,13.250000000000002,0.62,Silt,6.4433052968361055,0.0316106837863718,3.3,1.3182643132419776,banana,0.3994740343157508
3652,329.04474,-1.2576625883091257,-5.186775252190925,Rural_Kilimani,55.43189,110.1,-8.2,33.9,12.85,0.67,Loamy,4.772234776505096,0.0601774390565094,1.1,0.6125899523944087,potato,0.5568999567221897
3653,934.8621,-8.09279922474703,-0.3488192937174859,Rural_Sokoto,28.569738,1860.0,-1.3000000000000007,31.7,15.2,0.72,Volcanic,4.492926025153648,0.2127833001224699,1.3,0.956294868296262,tea,0.7356114371509708
3654,640.09607,-6.326567476900188,-7.042676420618352,Rural_Amanzi,13.988512,670.6,-4.6,30.6,13.0,0.59,Sandy,5.971356110599883,0.4050352218713049,1.0,0.4942390845356103,wheat,0.4942390845356103
3655,639.9764,-3.0419171090931787,-6.6462703458086105,Rural_Kilimani,15.021072,397.5,-5.1,30.4,12.65,0.57,Sandy,5.248047705158031,0.2161335300871767,1.1,0.47987896082737297,wheat,0.4362536007521572
3656,719.8108,-6.114799894887939,-5.826430509270281,Rural_Amanzi,5.042141,629.7,-3.9,31.5,13.8,0.56,Sandy,6.121408618733152,0.2635827584894015,3.3,1.867872902932713,wheat,0.5660220917977918
3657,506.67746,-0.8431388107532332,-4.875956852624196,Rural_Kilimani,13.171097,329.4,-6.4,32.8,13.2,0.56,Loamy,5.662262704692645,0.0152980486082426,1.3,0.7371741920362217,maize,0.5670570707970936
3658,183.6416,-12.657066471096137,-6.150762752296433,Rural_Hawassa,8.918255,1567.4,-8.2,32.5,12.15,0.64,Silt,7.128423663939857,1.335037922218905e-05,4.2,1.861768732208518,rice,0.4432782695734566
3659,802.7575,-7.006927155279966,-7.421064037482197,Rural_Akatsi,3.3081207,1016.8,-3.1,28.6,12.75,0.58,Sandy,6.115980612030282,0.1904554158898113,14.4,7.786103960264597,wheat,0.5407016639072637
3660,788.0546,-3.312258703151368,-2.583108079008758,Rural_Kilimani,4.6506524,971.3,-3.3,29.7,13.2,0.58,Sandy,5.55073510807008,0.4072267322028989,2.6,1.4965373699628972,cassava,0.5755912961395758
3661,743.63477,-8.083787838278422,-5.123710649380285,Rural_Hawassa,15.130408,1174.0,-3.5,29.7,13.1,0.63,Sandy,6.312960193171483,0.2715012975066102,0.8,0.42164362136748396,cassava,0.5270545267093549
3662,382.95087,-10.84127209767196,-6.4750949953225865,Rural_Hawassa,1.8988881,1692.9,-6.3,32.2,12.95,0.63,Silt,7.094014238127858,0.1201721162932522,13.3,6.260676738938532,wheat,0.47072757435628054
3663,563.5637,-2.75805843533208,-6.421039621484893,Rural_Kilimani,49.966213,311.3,-5.9,31.8,12.95,0.67,Loamy,6.159146082190803,0.2934923173725539,1.3,0.8512525366423004,wheat,0.6548096435710002
3664,703.62384,-4.65044959373941,-7.63278091834649,Rural_Kilimani,20.544079,578.0,-4.4,26.5,11.05,0.6,Sandy,6.04895742947307,0.3764514034586707,0.6,0.31746973333963974,wheat,0.5291162222327329
3665,646.77325,-9.16064852127688,-1.2632560344717765,Rural_Sokoto,7.554304,1761.8,-3.8,30.3,13.25,0.65,Volcanic,4.203306161110387,0.0656293751505776,3.5,2.8541182587809093,tea,0.8154623596516883
3666,783.6375,-5.605656559411681,-7.493137869265786,Rural_Amanzi,8.581484,722.6,-3.5,32.0,14.25,0.57,Sandy,5.49036969307973,0.4374890188608578,2.1,0.9077326951518337,maize,0.43225366435801604
3667,763.03613,-4.249442895886428,-5.749852063000217,Rural_Kilimani,19.369192,495.2,-3.9,31.0,13.55,0.59,Sandy,4.729863264563614,0.2598148346158399,0.9,0.48944453337113947,potato,0.5438272593012661
3668,695.4833,-8.57941409405177,-0.5290038731764597,Rural_Sokoto,6.420776,1733.4,-3.4000000000000004,30.2,13.4,0.64,Volcanic,4.987164687588731,0.119635382717035,3.5,1.3915890037487897,cassava,0.3975968582139399
3669,832.98193,-4.177351804137578,-6.078688920512844,Rural_Kilimani,12.898693,571.6,-3.2,31.7,14.25,0.58,Sandy,5.177741776080338,0.2492192444912696,0.9,0.4330509444712219,wheat,0.48116771607913544
3670,893.8609,-3.9520671424224174,-2.078591256523632,Rural_Kilimani,8.856232,1160.5,-2.1,29.4,13.65,0.61,Rocky,5.246722966338302,0.500637810324267,2.5,1.142265754676479,cassava,0.45690630187059156
3671,724.8483,-9.521103980021133,-0.3172869923121657,Rural_Sokoto,9.1581545,2001.0,-2.9000000000000004,31.2,14.15,0.67,Volcanic,5.588072852141373,0.251588698044643,3.5,2.102278516522415,coffee,0.60065100472069
3672,835.0663,-3.780850799518898,-5.389482904082271,Rural_Kilimani,17.647259,583.8,-3.2,28.3,12.55,0.59,Sandy,5.220271620429862,0.2208277003595317,1.8,0.8333892673575525,maize,0.4629940374208625
3673,480.25378,-10.178935192229396,-5.578676712514192,Rural_Hawassa,17.623985,1619.5,-5.4,30.9,12.75,0.67,Silt,5.276440847679167,0.2041835823140128,1.7,0.7001510713075162,cassava,0.41185357135736245
3674,242.18129,-11.553171628691862,-7.042676420618352,Rural_Hawassa,6.329745,1655.3,-7.6,35.2,13.8,0.64,Silt,7.404932989864389,0.0121636804107561,2.9,1.2322440630431808,wheat,0.4249117458769589
3675,746.0797,-4.172846110903274,-0.9164007190132526,Rural_Kilimani,8.198614,1223.7,-3.4000000000000004,29.4,13.0,0.61,Volcanic,5.969195694650165,0.7664878223886793,3.0,1.0880586556881933,wheat,0.3626862185627311
3676,645.98914,-8.255004181181942,0.745802026495778,Rural_Sokoto,6.605375,1678.4,-3.9,32.1,14.1,0.64,Volcanic,4.837816299827194,0.1118031313377167,2.3,1.0069301218176234,banana,0.4377957051380972
3677,703.54626,-3.0013658699844505,-6.803931852835212,Rural_Kilimani,4.8386154,473.4,-4.5,27.8,11.65,0.54,Sandy,6.218655492331343,0.1921786377811459,4.2,2.19825037440404,maize,0.5233929462866762
3678,298.2821,-12.539918447004254,-7.943599317913219,Rural_Akatsi,10.454109,1718.7,-7.0,33.8,13.4,0.65,Silt,6.8507404926152144,0.019384983249711,2.7,1.0514812053753735,banana,0.3894374834723605
3679,196.11563,-12.711134789907774,-6.394011934566048,Rural_Hawassa,18.849796,1575.4,-8.1,32.2,12.05,0.67,Silt,6.788720931392981,1.0405083135523838e-05,1.1,0.5557727365907763,rice,0.5052479423552512
3680,865.3364,-3.591611683678165,-1.9930035812806195,Rural_Kilimani,3.8627183,1167.3,-2.4000000000000004,27.0,12.3,0.59,Rocky,5.316454319034464,0.478965004947928,11.0,4.668334945934831,tea,0.4243940859940755
3681,927.7516,-4.335051067338188,-3.5651140370601637,Rural_Kilimani,10.090539,878.0,-2.1,30.2,14.05,0.59,Rocky,4.611117370868636,0.2146148649962343,2.8,1.243316758011126,tea,0.44404169928968784
3682,866.8885,-7.137592259074758,-7.439082495428095,Rural_Akatsi,34.27441,1122.1,-2.4000000000000004,29.8,13.7,0.68,Sandy,5.932987820174969,0.1461796117466272,1.2,0.48324409857496453,coffee,0.40270341547913713
3683,897.8323,-3.226650531699608,-2.488511174792797,Rural_Kilimani,8.135728,1111.5,-2.1,29.2,13.55,0.6,Rocky,5.935516637361119,0.4107383273289908,3.6,1.0453449749244574,coffee,0.2903736041456826
3684,718.9597,-8.827227221938445,-7.308448675320338,Rural_Akatsi,10.394751,1487.1,-3.5,27.6,12.05,0.64,Volcanic,5.085315254385127,0.0456909522820514,3.2,2.428137562533995,tea,0.7587929882918734
3685,686.37256,-5.529059774428527,-2.155169702793696,Rural_Hawassa,14.121704,921.5,-4.2,30.9,13.35,0.61,Sandy,5.4708234403933,0.6631294102630619,1.0,0.5004463597353213,potato,0.5004463597353213
3686,736.73376,-0.906218516033478,-1.5245236746872883,Rural_Kilimani,7.0031376,1355.7,-3.4000000000000004,30.2,13.4,0.62,Volcanic,4.5104757845828525,0.0190250774463685,2.1,0.9114557127782595,cassava,0.43402652989440926
3687,824.79553,-4.785620390768505,-4.839919936732401,Rural_Kilimani,30.328917,603.3,-3.3,28.9,12.8,0.63,Sandy,5.811602029517548,0.2730558672163591,0.7,0.367933218717662,maize,0.5256188838823743
3688,665.9768,-8.119833384152848,-2.7858157309001035,Rural_Hawassa,4.998999,1304.6,-4.1,28.9,12.4,0.61,Volcanic,5.594210237969313,0.1080382459519046,2.5,1.2295070767798368,wheat,0.4918028307119347
3689,829.8882,-1.9965962787348437,-8.326491549263539,Rural_Kilimani,9.3957205,761.6,-3.1,27.7,12.3,0.58,Sandy,5.457362991154175,0.0091104673742263,3.1,2.0113085452808166,potato,0.6488092081551021
3690,503.42697,-0.8927014363305688,-4.628203055868108,Rural_Kilimani,6.6871567,362.9,-6.4,31.0,12.3,0.54,Loamy,5.2410892087365575,0.0129443391767206,3.5,2.282174648725486,potato,0.6520498996358532
3691,695.07245,-5.101018917169727,-1.092080683985752,Rural_Kilimani,8.825689,1118.2,-4.0,34.0,15.0,0.6,Sandy,6.34034665779341,0.892451929327922,2.5,0.9020507070263815,wheat,0.36082028281055256
3692,657.5587,-8.255004181181942,1.2052727041161604,Rural_Sokoto,6.958562,1698.4,-3.8,32.6,14.4,0.64,Volcanic,4.113404193357783,0.0701002068577854,2.0,1.5405902964274767,tea,0.7702951482137383
3693,496.77432,-0.1267335864990304,-3.574123266033112,Rural_Kilimani,11.753072,565.5,-6.3,31.3,12.5,0.57,Loamy,5.339342142240759,0.0021940803855576,3.5,2.405348537647225,potato,0.6872424393277786
3694,706.8016,-7.295291522275368,-3.182221805709845,Rural_Hawassa,2.3058224,1055.8,-3.9,29.6,12.85,0.58,Sandy,5.745688407577311,0.1664801676714505,10.8,6.389670483118931,cassava,0.5916361558443455
3695,612.6569,-9.683308936456047,-7.7318824370489265,Rural_Akatsi,5.843853,1704.0,-4.2,32.6,14.2,0.64,Silt,7.40275187465802,0.0770266807866302,2.5,1.011096170339762,banana,0.40443846813590484
3696,839.1881,-9.37241610328913,0.0701098535246274,Rural_Sokoto,10.192416,2115.5,-1.6999999999999993,27.7,13.0,0.68,Volcanic,4.268043442842676,0.2352646194407754,4.9,3.210239552095489,tea,0.6551509289990793
3697,738.7814,-5.037939211889482,-1.0875760694992775,Rural_Kilimani,13.707886,1164.2,-3.5,29.2,12.85,0.62,Sandy,4.931090027146838,0.887801799230128,1.7,0.6349922682168629,tea,0.3735248636569782
3698,680.7312,-4.605392661396378,-0.5425177166358826,Rural_Kilimani,7.450552,1195.8,-4.0,30.2,13.1,0.61,Sandy,5.344075037644565,0.799961095319305,4.3,1.095338295557119,wheat,0.2547298361760742
3699,794.751,-2.176824008106971,-7.63278091834649,Rural_Kilimani,20.677671,640.2,-3.5,28.9,12.7,0.6,Sandy,5.019149720079211,0.0487518814092907,2.0,1.2498650304668006,potato,0.6249325152334003
3700,318.14334,-11.454046377537193,-4.758836875975863,Rural_Hawassa,20.254782,1719.1,-6.8,33.6,13.4,0.68,Silt,5.931179907947579,0.0166995791631661,1.7,1.0100804381034663,rice,0.5941649635902743
3701,701.38995,-5.957100631687329,0.439488241415523,Rural_Sokoto,8.912187,1341.7,-3.7,30.4,13.35,0.62,Volcanic,4.145981333511443,0.8806959586597607,2.9,1.2906348042124087,tea,0.44504648421117543
3702,262.37576,-13.97272889551266,-7.416559422995722,Rural_Hawassa,2.8457818,1349.3,-7.7,34.4,13.35,0.6,Peaty,4.431825054569595,5.17929868297703e-08,6.8,2.2265853512707827,banana,0.32743902224570337
3703,375.81244,-13.68436452851726,-6.9841164322941856,Rural_Hawassa,18.311113,1558.1,-6.5,30.3,11.9,0.67,Silt,6.006931313757227,1.5899038985243985e-07,1.9,0.8590262241295827,banana,0.45211906533135937
3704,795.7764,-8.543368548177346,0.2502944329836007,Rural_Sokoto,1.394487,1882.1,-2.4000000000000004,29.6,13.6,0.64,Volcanic,5.013772573957372,0.1160946099028707,9.5,4.576303225495141,coffee,0.48171612899948857
3705,686.6178,-8.43523191055407,-3.7092617006273434,Rural_Hawassa,30.590773,1321.4,-3.9,31.4,13.75,0.69,Volcanic,5.535993528178103,0.0237435041486067,1.9,0.9419488696304826,banana,0.4957625629634119
3706,132.28368,-12.350679331163525,-6.659784189268033,Rural_Hawassa,8.872981,1547.2,-8.7,33.7,12.500000000000002,0.64,Silt,6.278608198810229,0.0002082920445083,3.7,1.965457566958897,wheat,0.5312047478267289
3707,644.9307,-5.596645172943076,-0.5244992586899853,Rural_Kilimani,13.768752,1168.2,-4.4,30.4,13.0,0.62,Sandy,5.0966070466604645,0.9279090037776944,1.4,0.5948837839626125,cassava,0.42491698854472326
3708,491.28302,-10.661044368299834,-9.218405217585456,Rural_Akatsi,10.825295,1908.7,-5.1,30.8,12.85,0.67,Silt,6.578689239369906,0.0565219747798943,3.2,1.7236939379304677,coffee,0.5386543556032711
3709,676.46313,-7.953122734483631,-2.66869575425177,Rural_Hawassa,20.33546,1295.5,-3.9,29.2,12.65,0.65,Volcanic,5.542496109200089,0.1647517370349563,0.8,0.36839066092968276,wheat,0.46048832616210345
3710,767.6792,-6.123811281356545,-8.056214680075078,Rural_Amanzi,5.99013,869.5,-3.5,27.6,12.05,0.58,Sandy,5.788826007025888,0.2415497077112961,4.6,2.673258264308545,potato,0.5811431009366402
3711,549.00037,-5.835446914361143,-1.4524498429036987,Rural_Hawassa,28.995338,935.5,-5.5,33.1,13.8,0.65,Loamy,4.548907635765676,0.895838744706052,1.4,0.5116286154748995,wheat,0.36544901105349964
3712,675.3024,-7.660252674253925,-5.249839855001566,Rural_Hawassa,13.333352,956.4,-4.3,30.2,12.95,0.61,Sandy,6.151732839572383,0.22176010866387,1.7,0.8926349206447242,wheat,0.5250793650851319
3713,662.20825,-6.191396679871092,-2.592117307981707,Rural_Hawassa,8.996532,879.8,-4.5,30.2,12.85,0.59,Sandy,4.930591991795015,0.498610699455194,4.1,1.8912138402149425,cassava,0.46127166834510797
3714,259.44385,-13.103130101292152,-7.66431321975181,Rural_Hawassa,10.471388,1559.0,-7.7,32.3,12.3,0.64,Silt,7.375537671273437,0.0003208818849296,4.9,2.1440554468380912,wheat,0.4375623360894063
3715,292.33844,-11.634274106909318,-7.1507871682937365,Rural_Hawassa,8.4932575,1719.8,-7.1,30.1,11.5,0.65,Silt,6.220336751904711,0.0179994071383095,4.7,2.7247716797881445,rice,0.5797386552740733
3716,405.39972,-11.485586230177312,-8.785962226883921,Rural_Akatsi,15.033791,1882.6,-5.9,31.8,12.95,0.68,Silt,6.880844631787604,0.1650142212710163,1.2,0.537870290401928,banana,0.44822524200160674
3717,632.7049,-10.061787168137514,-1.3623575531742125,Rural_Sokoto,2.6633697,1951.4,-3.8,30.1,13.15,0.65,Silt,7.25981669779105,0.1295569047971753,6.3,2.963637365999976,wheat,0.47041862952380575
3718,552.3113,-6.295027624260065,-3.988547798788751,Rural_Hawassa,8.209876,557.7,-5.8,31.7,12.95,0.56,Loamy,5.161613280072946,0.193180552853265,3.8,2.500726627902306,potato,0.6580859547111332
3719,717.33417,-7.376394000492826,-3.096634130466833,Rural_Hawassa,17.227404,1100.8,-3.8,30.4,13.3,0.63,Sandy,6.291972682483692,0.1730570545446566,1.2,0.6414986456270922,wheat,0.5345822046892436
3720,461.77496,-9.940133450811327,-3.155194118790999,Rural_Hawassa,1.1813345,1609.8,-5.6,32.1,13.25,0.62,Silt,6.260984587991912,0.0113148267199964,5.9,2.7897703530268614,banana,0.4728424327164172
3721,744.624,-3.771839413050293,-0.8127945858243428,Rural_Kilimani,1.3996748,1261.3,-3.4000000000000004,29.5,13.05,0.59,Volcanic,5.8357385025992725,0.6279478815624582,5.5,2.086420054072435,coffee,0.3793491007404427
3722,1004.41437,-4.4386820117271615,-4.26783389695016,Rural_Kilimani,15.907107,848.1,-1.4000000000000004,27.1,12.85,0.61,Rocky,5.86948639307104,0.2221991061898457,0.5,0.18963933518283882,coffee,0.37927867036567764
3723,786.2498,-2.064181677249392,-6.8219503107811095,Rural_Kilimani,33.3162,561.0,-3.6,31.2,13.8,0.64,Sandy,6.260482278177702,0.2076092659501612,1.0,0.5667369586302804,potato,0.5667369586302804
3724,805.57587,-3.0058715632187543,-3.3083510113311263,Rural_Kilimani,5.5854263,849.8,-3.2,30.4,13.6,0.57,Sandy,6.717621622485097,0.3176346899473249,4.2,2.3079157639650507,wheat,0.549503753325012
3725,638.34033,-2.2489150998558216,-6.921051829483546,Rural_Kilimani,28.843243,413.2,-5.1,30.4,12.65,0.61,Sandy,6.059829850866403,0.1941111036851262,0.5,0.26840182350259123,wheat,0.5368036470051825
3726,739.10046,-4.434176318492858,-2.303821980847349,Rural_Kilimani,25.464031,931.1,-3.7,31.1,13.7,0.64,Sandy,5.431659538499368,0.4500861155028433,1.4,0.5520845511512696,wheat,0.39434610796519265
3727,653.8228,-6.646471696535713,-0.1371024128531921,Rural_Sokoto,3.4417405,1324.9,-4.2,32.4,14.1,0.6,Volcanic,5.7187461360914265,0.8675723559004553,9.0,2.6313776828479236,banana,0.29237529809421375
3728,653.3374,-8.345118045868006,-6.033642775648101,Rural_Hawassa,10.409615,1180.1,-4.3,27.0,11.35,0.61,Sandy,5.781892017660946,0.2427348896920178,2.7,1.2075728135645518,wheat,0.4472491902090932
3729,821.20056,-2.924769085001296,-6.95708874537534,Rural_Kilimani,4.0919538,608.0,-3.3,32.8,14.749999999999998,0.55,Sandy,6.213096747480147,0.1665245808002607,14.8,8.649656672198786,maize,0.584436261635053
3730,687.53546,-7.133086565840455,0.0881283114705246,Rural_Sokoto,15.76949,1458.2,-3.7,31.9,14.1,0.65,Volcanic,4.779537855651475,0.6091233905219888,1.3,0.4808998532934166,cassava,0.36992296407185893
3731,832.6733,-4.578358501990559,-5.740842834027268,Rural_Kilimani,4.7198014,570.8,-3.2,30.8,13.8,0.55,Sandy,5.428025800497674,0.2867437237191516,3.0,1.8907088912224939,potato,0.6302362970741646
3732,554.2751,-7.349359841087007,-1.92092974949703,Rural_Sokoto,17.774015,1107.6,-5.3,29.6,12.15,0.63,Loamy,5.0078053030222245,0.576223056218768,1.6,0.8252955582869697,potato,0.515809723929356
3733,354.60507,-11.697353812189563,-8.592263803965524,Rural_Akatsi,5.535848,1830.3,-6.4,33.0,13.3,0.65,Silt,6.583494808778823,0.2171024757532617,4.3,2.086376069361941,wheat,0.4852037370609166
3734,247.34174,-12.526401367301348,-8.074233138020976,Rural_Akatsi,1.9241964,1666.6,-7.6,32.3,12.349999999999998,0.62,Silt,5.5724121232715005,0.0236084795457222,15.0,6.2737190163426435,banana,0.4182479344228429
3735,657.97455,-1.865931174940052,-3.713766315113817,Rural_Kilimani,42.176388,670.2,-4.7,30.0,12.65,0.67,Sandy,5.8551949767747065,0.1007280887689425,1.4,0.7348462386113286,maize,0.5248901704366633
3736,707.4762,-7.489036331350404,-3.411957144520036,Rural_Hawassa,46.72075,1078.3,-3.9,31.8,13.95,0.72,Sandy,4.580162452952632,0.1032076169345511,0.9,0.4322921474946804,cassava,0.4803246083274227
3737,777.8517,-8.268521260884853,-7.659808605265337,Rural_Akatsi,2.8249118,1409.7,-2.9000000000000004,32.4,14.75,0.61,Volcanic,4.617078621288524,0.0566670020662214,14.6,10.290355579283004,tea,0.7048188752933564
3738,586.547,-6.71405709505026,-2.5200434761981167,Rural_Hawassa,23.453684,908.4,-5.1,30.8,12.85,0.63,Loamy,6.217166874622626,0.4978679364574198,1.8,1.088769079924853,wheat,0.6048717110693628
3739,667.2167,-6.673505855941532,0.4169651689831513,Rural_Sokoto,20.800554,1385.0,-4.0,30.5,13.25,0.66,Volcanic,4.370879298925125,0.752762203512679,1.3,0.6811760324136898,tea,0.523981563395146
3740,730.82947,-8.768653209892504,0.745802026495778,Rural_Sokoto,11.164247,1883.5,-2.9000000000000004,29.3,13.2,0.67,Volcanic,5.856790641101111,0.0817324163207742,3.7,2.4123291232373743,banana,0.6519808441182092
3741,661.81146,-7.876525949500477,-6.903033371537648,Rural_Akatsi,17.221422,1079.7,-4.3,30.5,13.1,0.63,Sandy,5.805912926688398,0.1590151094034621,0.6,0.28671800613513065,wheat,0.4778633435585511
3742,787.60095,-2.0596759840150884,-0.6641423077706896,Rural_Kilimani,8.516185,1469.5,-2.8,29.8,13.5,0.63,Volcanic,4.331989567380346,0.1008076397943279,3.7,2.5103050704011713,tea,0.6784608298381544
3743,831.76337,-10.913363189420812,0.610663591901548,Rural_Sokoto,2.8600986,2358.2,-1.5999999999999996,30.6,14.5,0.68,Volcanic,5.202856268371626,0.2185739382701599,12.0,6.734362318624427,coffee,0.5611968598853689
3744,637.4922,-7.200671964355002,-5.375969060622848,Rural_Hawassa,13.308123,772.0,-4.8,30.6,12.9,0.59,Sandy,5.661566290851111,0.2411027112653451,1.9,0.8549959080136076,maize,0.44999784632295137
3745,782.6227,-4.0782265529829065,-4.8894706960836185,Rural_Kilimani,14.798917,554.8,-3.7,28.2,12.25,0.58,Sandy,4.562639663061212,0.2283838202132876,2.0,1.0793657935195138,potato,0.5396828967597569
3746,475.343,-9.593195071769983,-3.0155510697102947,Rural_Hawassa,25.120325,1536.3,-5.6,31.8,13.1,0.69,Silt,5.2723116821313685,0.0065702833757107,0.7,0.4623331550669293,rice,0.660475935809899
3747,519.9088,-1.0504006995311794,-5.952559714891563,Rural_Kilimani,21.501263,257.6,-6.3,33.7,13.7,0.58,Loamy,5.8293528961809535,0.0774740781115254,1.2,0.766868869263818,wheat,0.6390573910531817
3748,901.6976,-8.327095272930794,-0.7542345975001765,Rural_Sokoto,51.676796,1865.9,-1.4000000000000004,28.7,13.65,0.79,Volcanic,5.304615242821657,0.1619956625595413,2.0,1.5409547872627416,tea,0.7704773936313708
3749,780.60345,-5.515542694725617,-4.538110766138621,Rural_Kilimani,0.73141825,627.1,-3.6,27.9,12.15,0.54,Sandy,5.1380541292342645,0.2514707715219801,11.8,7.193388153257953,potato,0.609609165530335
3750,634.3286,-3.947561449188117,-0.2587270039879994,Rural_Kilimani,2.7414184,1215.4,-4.4,31.0,13.3,0.59,Peaty,4.164942106599885,0.6043605355982378,7.7,2.8487683590889774,tea,0.36996991676480223
3751,602.351,-5.930066472281508,0.038577552119307,Rural_Sokoto,8.194577,1207.9,-4.7,34.0,14.65,0.61,Peaty,5.240271325108349,0.9883440562223856,2.8,1.1186726128773283,cassava,0.39952593317047447
3752,786.71783,-5.19113278185579,-5.592190555973616,Rural_Kilimani,2.0969808,550.8,-3.7,29.6,12.95,0.54,Sandy,5.976749988965459,0.3105139217436481,7.9,4.084619081896445,maize,0.517040390113474
3753,447.29108,-10.818743631500446,-8.164325427750462,Rural_Akatsi,15.534354,1870.6,-5.2,29.6,12.2,0.68,Silt,6.115481999421466,0.1246534623239074,0.7,0.37838545474202356,banana,0.5405506496314623
3754,457.56143,-14.306150194851096,-7.042676420618352,Rural_Hawassa,11.235891,1417.6,-6.0,33.6,13.8,0.63,Silt,6.944739065165317,5.0675371907039995e-09,3.4,1.825476671244541,wheat,0.536904903307218
3755,642.4105,-5.794895675252414,-2.074086642037157,Rural_Hawassa,17.666594,934.6,-4.4,31.2,13.4,0.62,Sandy,5.504636127363229,0.7231170513899443,1.9,0.5902700155624705,wheat,0.31066842924340554
3756,711.50104,-7.4214509328358576,-3.767821688951509,Rural_Hawassa,7.7532783,1019.4,-3.9,31.3,13.7,0.59,Sandy,6.779348196700433,0.084476107372838,4.2,1.7232818381305153,coffee,0.4103051995548846
3757,566.1875,-1.7172432982080483,-6.011119703215729,Rural_Kilimani,7.0580072,311.9,-5.9,34.1,14.1,0.54,Loamy,5.7681153657635305,0.2491257885148966,3.1,1.7312237570040125,maize,0.5584592764529073
3758,488.64987,-5.114535996872636,0.2322759750377034,Rural_Kilimani,6.409376,1073.2,-5.9,28.8,11.45,0.59,Loamy,5.115234629231857,0.7695027436372576,3.1,1.1737273946567413,wheat,0.378621740211852
3759,735.7146,-11.11161369173015,-0.5695454035547287,Rural_Sokoto,3.5641847,2248.8,-2.6,30.4,13.9,0.67,Volcanic,5.86940975387725,0.3319701715833885,5.2,3.6376927054510997,coffee,0.6995562895098268
3760,624.9772,-5.6867590376291375,-0.5199946442035108,Rural_Sokoto,1.3358955,1152.9,-4.6,30.1,12.75,0.58,Loamy,5.529593128305208,0.938871415968934,5.3,2.892824058673559,cassava,0.5458158601270866
3761,857.4868,-2.010113358437753,-6.916547214997071,Rural_Kilimani,7.2760897,640.9,-2.9000000000000004,30.7,13.9,0.56,Rocky,5.98097520393612,0.1768863759573107,2.5,1.495500777661286,potato,0.5982003110645144
3762,570.22955,-1.4333846244469477,-3.839895520735098,Rural_Kilimani,25.649225,570.0,-5.6,32.2,13.3,0.61,Loamy,6.220445012587144,0.045038359837044,2.0,1.273464036698586,potato,0.636732018349293
3763,675.59375,-2.9157576985326905,-6.574196514025021,Rural_Kilimani,3.246976,431.5,-4.8,29.3,12.25,0.53,Sandy,5.660694783122963,0.2443117912001905,8.6,5.055034342034599,potato,0.5877946909342557
3764,657.3523,-9.72836586879908,-9.506700544719816,Rural_Akatsi,8.1689005,1919.7,-3.6,32.2,14.3,0.66,Volcanic,4.933420543527946,0.1873774924394125,4.4,3.8182695469026733,tea,0.8677885333869712
3765,745.938,-5.569611013537255,-7.29943944634739,Rural_Amanzi,15.262896,653.5,-3.9,32.2,14.150000000000002,0.59,Sandy,6.215464029423663,0.4397981194742305,0.9,0.46762957853203785,maize,0.5195884205911532
3766,723.0279,-8.200935862370304,-2.66869575425177,Rural_Hawassa,25.198954,1358.4,-3.9,27.8,11.95,0.67,Volcanic,3.8773267159946734,0.1107173195534488,1.9,1.1600650985591827,tea,0.6105605781890435
3767,668.6411,-14.495389310691827,-6.592214971970919,Rural_Hawassa,12.72276,1584.2,-3.8,31.4,13.8,0.65,Volcanic,4.680572371223636,2.9968586773824753e-09,1.1,0.44113989131873144,cassava,0.4010362648352104
3768,555.09955,-4.99288227954645,-0.0019639782589619,Rural_Kilimani,11.12823,1122.1,-5.2,28.4,11.6,0.61,Loamy,6.432438080973695,0.7834231555604153,3.1,1.586603580463461,wheat,0.5118076066011165
3769,579.17303,-1.811862856128414,-4.997581443759003,Rural_Kilimani,23.968866,386.2,-5.7,30.2,12.25,0.6,Loamy,5.565522760031,0.1036305258384812,1.8,1.1311808091990168,wheat,0.6284337828883426
3770,669.24005,-8.588425480520378,-4.37144003013907,Rural_Hawassa,6.0756855,1325.1,-3.9,29.3,12.7,0.61,Volcanic,5.889441082096653,0.0285958186280009,4.3,2.438919773869603,coffee,0.5671906450859542
3771,779.3292,-7.872020256266174,-1.2857791069041482,Rural_Sokoto,4.2191606,1562.8,-2.8,30.1,13.65,0.62,Volcanic,5.006032083943599,0.360005833922825,2.6,1.149395554726609,banana,0.4420752133563881
3772,890.01294,-1.4333846244469477,-1.8083143873351717,Rural_Kilimani,6.813654,1398.6,-1.9000000000000004,30.3,14.2,0.62,Volcanic,4.3440562179669095,0.0612909166368144,2.2,1.3599779553373446,tea,0.6181717978806112
3773,872.0723,-3.8754703574392657,-1.7272313265786334,Rural_Kilimani,4.844081,1216.1,-2.3,28.3,13.0,0.6,Volcanic,5.764601640408791,0.5854289160281451,2.6,1.1215705614013762,wheat,0.43137329284668313
3774,698.1695,-8.42171483085116,-3.785840146897407,Rural_Hawassa,19.206686,1321.8,-3.8,29.7,12.95,0.65,Volcanic,4.429928847447001,0.0240971410821744,1.1,0.7831265294955517,tea,0.7119332086323197
3775,516.5612,-9.011960644544876,-3.686738628194971,Rural_Hawassa,1.5797112,1340.2,-5.4,30.6,12.6,0.6,Peaty,4.10188552214948,0.0090475590006585,6.2,2.2552629463254457,cassava,0.3637520881170073
3776,603.2354,-5.610162252645985,-8.155316198777513,Rural_Amanzi,22.910194,633.2,-5.2,30.7,12.75,0.61,Loamy,5.017304606603189,0.2447402363576915,1.6,0.9408889636681274,wheat,0.5880556022925796
3777,744.05475,-7.538598956927739,-5.97057817283746,Rural_Hawassa,1.7855574,995.5,-3.6,27.4,11.9,0.57,Sandy,6.41420466977537,0.374609656328687,12.1,6.198654947073413,wheat,0.5122855328159845
3778,283.98285,-13.062578862183422,-7.218356385590851,Rural_Hawassa,8.352811,1622.8,-7.2,31.8,12.3,0.64,Silt,6.059402089839464,8.007631256814747e-05,3.7,1.8190448840463582,wheat,0.49163375244496166
3779,246.449,-14.008774441387088,-7.718368593589504,Rural_Hawassa,1.5714144,1320.7,-7.8,34.3,13.249999999999998,0.6,Peaty,4.193485196267438,7.101283273914586e-08,8.9,3.0314222664791375,wheat,0.3406092434246222
3780,1004.82745,-4.632426820802197,-4.092153931977661,Rural_Kilimani,5.8664637,871.8,-1.4000000000000004,29.7,14.15,0.58,Rocky,5.629916213674292,0.2170084539437711,3.8,2.070567327335696,cassava,0.5448861387725515
3781,622.6001,-8.957892325733237,-1.1191083709045977,Rural_Sokoto,24.326262,1698.2,-4.1,33.5,14.7,0.7,Silt,5.454224104676802,0.0761760540691539,0.7,0.2861090532977224,coffee,0.40872721899674636
3782,514.1504,-0.9332526754392968,-3.7948493758703545,Rural_Kilimani,22.742554,533.6,-6.1,30.9,12.4,0.6,Loamy,5.364675086235367,0.0164336802402832,0.7,0.39959338149857954,maize,0.5708476878551136
3783,771.13055,-4.271971362057943,-2.3849050416038877,Rural_Kilimani,20.267006,952.6,-3.4000000000000004,32.7,14.650000000000002,0.63,Sandy,5.634409377915731,0.4155202249546217,1.4,0.6027302727080789,wheat,0.43052162336291355
3784,726.48706,-9.926616371108418,-9.439131327422698,Rural_Akatsi,23.791458,2031.5,-2.8,31.0,14.1,0.72,Volcanic,5.678291382670727,0.1630857950995248,1.9,1.2100152281490872,coffee,0.636850120078467
3785,320.58383,-11.584711481331984,-6.916547214997071,Rural_Hawassa,22.928768,1740.4,-6.8,30.9,12.05,0.69,Silt,6.743696981015309,0.0080651902548651,1.4,0.756199306648963,rice,0.5401423618921164
3786,557.91406,-6.119305588122241,-1.9524620509023505,Rural_Hawassa,9.425292,881.6,-5.4,30.6,12.6,0.59,Loamy,6.531209559540987,0.7692916440382092,3.9,2.1232500471865685,wheat,0.544423089022197
3787,424.8874,-11.77845629040702,-5.3939875185687445,Rural_Hawassa,22.52339,1843.6,-5.8,34.6,14.4,0.7,Silt,7.046707681458321,0.0022590652881712,0.7,0.3414749288374236,coffee,0.48782132691060515
3788,862.8127,-3.141042360247848,-7.339980976725658,Rural_Kilimani,42.01625,687.2,-2.8,30.4,13.8,0.67,Sandy,4.960583344631485,0.10050573535534,1.9,0.9300523532931244,tea,0.4895012385753287
3789,553.2245,-8.971409405436146,-4.069630859545289,Rural_Hawassa,8.405079,1336.7,-5.1,29.3,12.1,0.62,Silt,5.849265613670895,0.0111290650851606,2.1,0.9586571938649451,banana,0.4565034256499738
3790,749.43036,-4.46571617113298,-2.1146281724154266,Rural_Kilimani,21.05563,981.1,-3.6,28.2,12.3,0.63,Sandy,5.40805747365113,0.5314288023600152,0.7,0.3676678005455139,potato,0.5252397150650199
3791,823.2889,-3.8619532777363546,-1.5515513616061345,Rural_Kilimani,8.51545,1201.9,-2.7,30.2,13.75,0.61,Sandy,6.185961909661565,0.62153040223501,5.0,2.0850426174044356,wheat,0.4170085234808871
3792,707.68915,-6.777136800330505,-6.916547214997071,Rural_Amanzi,13.432196,800.4,-4.1,29.9,12.9,0.59,Sandy,6.454431305442911,0.2614750673337144,1.5,0.8398630633590819,wheat,0.5599087089060546
3793,511.50323,-8.674033651972138,-2.94798185241318,Rural_Hawassa,8.79247,1295.8,-5.5,29.9,12.2,0.62,Silt,7.4033814442735215,0.0290242139346784,2.8,1.3900081555918782,wheat,0.4964314841399565
3794,628.8577,-1.6226237402876809,-5.903008955540345,Rural_Kilimani,14.868189,379.6,-5.2,31.4,13.1,0.57,Loamy,4.853866957236312,0.2158564210151717,1.5,0.9085786949909429,potato,0.6057191299939619
3795,786.4806,-2.050664597546483,-3.713766315113817,Rural_Kilimani,5.250149,796.0,-3.4000000000000004,32.5,14.55,0.57,Sandy,6.728914768232347,0.1273419655641703,3.9,1.5569131634103444,coffee,0.39920850343854986
3796,201.71033,-11.868570155093083,-7.164301011753159,Rural_Hawassa,6.9932675,1634.7,-8.0,33.3,12.65,0.64,Silt,7.223937927391178,0.0139041182046673,3.7,1.2168855811066346,banana,0.32888799489368503
3797,441.2765,-10.760169619454503,-5.312904457812206,Rural_Hawassa,11.344168,1728.6,-5.7,31.8,13.05,0.66,Silt,6.749147899880974,0.073081915087959,2.7,1.4037040753842984,wheat,0.5198903982904809
3798,453.6967,-14.617043028018015,-7.024657962672456,Rural_Hawassa,3.6632032,1313.8,-5.9,34.3,14.2,0.6,Peaty,4.093760738262525,8.533467825241417e-10,6.9,2.48816275430974,cassava,0.36060329772604927
3799,957.82654,-4.3530738402754,-5.673273616730154,Rural_Kilimani,20.082766,699.6,-2.0,29.7,13.85,0.61,Rocky,5.099405686781093,0.2690225216555638,1.8,0.7171545635311045,tea,0.3984192019617247
3800,461.5352,-9.273290852134458,-3.754307845492086,Rural_Hawassa,22.83772,1364.5,-5.9,32.7,13.400000000000002,0.67,Silt,5.763845561269005,0.0064165773611603,0.7,0.30316620700192315,banana,0.4330945814313188
3801,612.3776,-4.587369888459165,-7.488633254779311,Rural_Kilimani,30.100298,460.9,-5.3,33.3,13.999999999999998,0.62,Loamy,6.291706824833533,0.3724303236717143,0.9,0.5127315267025381,potato,0.5697016963361534
3802,851.8002,-4.064709473279997,-3.141680275331576,Rural_Kilimani,13.111897,886.7,-2.8,28.7,12.95,0.6,Rocky,5.133960901038862,0.2712485208603928,1.6,0.7299386195165732,tea,0.45621163719785823
3803,500.45013,-11.706365198658167,-9.403094411530905,Rural_Akatsi,10.088058,2009.6,-4.9,32.0,13.55,0.67,Silt,6.915591998106333,0.0145315745213741,2.9,1.4539189227399982,wheat,0.5013513526689649
3804,674.0151,-7.944111348015024,-2.0515635696047863,Rural_Sokoto,11.15842,1364.8,-3.9,29.3,12.7,0.63,Volcanic,4.451311644426454,0.2970483488813649,3.4,2.3781343511210635,tea,0.6994512797414894
3805,780.72314,-4.799137470471415,-1.7857913149027995,Rural_Kilimani,21.656906,1075.8,-3.2,31.6,14.2,0.64,Sandy,4.676116958468319,0.7264032768891434,0.9,0.23757095448204818,wheat,0.26396772720227574
3806,674.5495,-2.3435346577761877,-6.763390322456943,Rural_Kilimani,3.2152352,441.6,-4.8,30.1,12.65,0.54,Sandy,4.957850303641659,0.2412869355867969,12.1,5.347246383949899,cassava,0.44192118875618996
3807,643.6124,-10.359162921601522,0.0430821666057812,Rural_Sokoto,6.213329,2087.6,-3.6,30.0,13.2,0.67,Volcanic,5.738141881942794,0.3837889750996267,4.1,2.280675947431744,banana,0.5562624262028645
3808,818.5931,-3.695242628067138,-5.416510591001116,Rural_Kilimani,17.2241,566.8,-3.3,31.7,14.2,0.59,Sandy,4.753084390470928,0.2168311985233763,1.2,0.68795550380655,potato,0.5732962531721251
3809,664.9121,-8.09279922474703,-2.447969644414528,Rural_Hawassa,21.883507,1341.2,-4.0,32.0,14.0,0.66,Volcanic,4.211955733195593,0.171783634358934,1.7,1.1678134590530185,tea,0.6869490935605991
3810,866.1403,-4.591875581693468,-5.317409072298681,Rural_Kilimani,26.273476,614.5,-2.9000000000000004,28.0,12.55,0.62,Sandy,6.1111697274759225,0.283956893948418,1.0,0.5912555589701448,potato,0.5912555589701448
3811,340.47687,-11.427012218131374,-5.781384364405538,Rural_Hawassa,2.418677,1712.8,-6.8,31.7,12.45,0.63,Silt,7.410373857402471,0.02180568780466,12.5,4.305582056694703,banana,0.34444656453557626
3812,702.3265,-9.340876250649009,-1.916425135010556,Rural_Sokoto,4.9591603,1816.1,-3.2,31.7,14.25,0.64,Volcanic,5.398871668798879,0.1143755417404427,3.9,2.2017790392671377,banana,0.5645587280172149
3813,655.1012,-1.2666739747777314,-3.195735649169268,Rural_Kilimani,6.5287023,811.4,-4.6,29.1,12.25,0.57,Sandy,6.55947319530593,0.0521242381075347,2.6,1.313145785714643,potato,0.5050560714287088
3814,660.1242,-10.63851590212832,-1.2497421910123536,Rural_Sokoto,4.1412153,2089.6,-3.4000000000000004,31.8,14.2,0.66,Volcanic,5.313327564410264,0.1945481025658699,4.4,2.563277003876629,banana,0.5825629554265066
3815,963.83936,-1.6541635929278034,-2.087600485496581,Rural_Kilimani,8.201262,1387.5,-1.3000000000000007,29.7,14.2,0.62,Volcanic,4.60524654845453,0.1032580665980043,4.7,2.175829346861577,cassava,0.46294241422586746
3816,686.8054,-10.791709472094627,-0.7812622844190227,Rural_Sokoto,7.919374,2156.4,-3.1,30.0,13.45,0.68,Volcanic,5.0918232494665085,0.2993689920071705,3.2,2.413509652233368,tea,0.7542217663229275
3817,683.6987,-7.281774442572459,-0.5290038731764597,Rural_Sokoto,15.70014,1424.4,-3.8,29.4,12.8,0.65,Volcanic,4.524712741911865,0.5644019537289227,0.9,0.29569692764191857,cassava,0.32855214182435394
3818,738.3816,-6.813182346204929,-7.204842542131428,Rural_Amanzi,25.833302,891.8,-3.6,30.9,13.65,0.64,Sandy,5.29702261027446,0.2762573622928751,1.2,0.6579611919226301,cassava,0.5483009932688585
3819,676.29004,-8.44874899025698,-2.321840438793246,Rural_Hawassa,7.848795,1496.0,-3.6,31.6,14.0,0.63,Volcanic,4.244311012930499,0.0998010824719505,4.2,3.043593068813459,tea,0.7246650163841568
3820,561.9027,-5.970617711390238,-0.5740500180412031,Rural_Sokoto,6.34722,1110.5,-5.1,31.0,12.95,0.6,Loamy,6.25837269594658,0.947838656215692,3.2,0.9271385912610287,coffee,0.28973080976907145
3821,623.42633,-7.205177657589306,-6.065175077053421,Rural_Hawassa,16.342014,769.8,-4.9,29.0,12.05,0.6,Loamy,4.6256661280795335,0.3191699121359074,1.4,0.7919112239212922,potato,0.5656508742294944
3822,284.64545,-13.959211815809752,-7.448091724401043,Rural_Hawassa,4.456543,1377.2,-7.5,34.2,13.35,0.61,Peaty,4.539393307353211,6.405008643169243e-08,4.5,2.375902163751957,rice,0.527978258611546
3823,880.5224,-5.155087235981364,-5.817421280297332,Rural_Kilimani,10.7963705,646.7,-2.7,28.9,13.1,0.57,Rocky,5.006795625736729,0.3106472742267787,3.9,1.988011366288563,wheat,0.5097465041765546
3824,645.7383,-5.263223873604641,-7.056190264077775,Rural_Amanzi,20.922956,508.4,-4.8,31.2,13.2,0.6,Sandy,5.872661309436787,0.4153760379073191,1.8,0.9887334349368582,potato,0.549296352742699
3825,328.52054,-11.418000831662766,-6.362479633160727,Rural_Hawassa,26.837734,1722.1,-6.7,33.6,13.45,0.71,Silt,5.6174685007400695,0.0226974791615736,1.4,0.6381225869675766,banana,0.4558018478339833
3826,582.1102,-4.5242901831789215,-7.691340906670658,Rural_Kilimani,14.776154,454.1,-5.6,30.6,12.5,0.57,Loamy,5.070263558847407,0.3343656218127355,1.1,0.6776182866501209,potato,0.6160166242273826
3827,764.9016,-1.6361408199905902,-1.001988394256265,Rural_Kilimani,13.04367,1430.5,-3.0,28.3,12.65,0.64,Volcanic,5.223985756654478,0.0588679155074947,1.0,0.48281272714907975,cassava,0.48281272714907975
3828,531.47253,-6.87175635825087,-3.920978581491636,Rural_Hawassa,6.827913,666.7,-5.9,31.5,12.8,0.56,Loamy,6.41168138371044,0.1357138142877382,3.2,2.3223953678124514,wheat,0.725748552441391
3829,407.45773,-9.696826016158957,-6.857987226672905,Rural_Akatsi,9.51514,1434.1,-6.3,32.8,13.249999999999998,0.63,Silt,6.575189548358948,0.0706982760484349,4.0,2.1883811209551505,wheat,0.5470952802387876
3830,950.28644,-4.90727410809469,-3.929987810464585,Rural_Kilimani,8.913128,842.0,-1.9000000000000004,30.1,14.1,0.58,Rocky,6.261537755413976,0.2090871376187017,2.0,0.7799565745570848,coffee,0.3899782872785424
3831,713.19305,-8.295555420290672,-7.77692858191367,Rural_Akatsi,17.017866,1364.4,-3.6,28.3,12.35,0.65,Volcanic,5.637248389780155,0.0630948640984497,0.6,0.2821695288861702,wheat,0.47028254814361703
3832,725.6728,-10.24201489750964,-1.1371268288504954,Rural_Sokoto,10.461841,2096.1,-2.8,32.2,14.7,0.68,Volcanic,5.7666018434344295,0.1801978746258868,4.2,3.0186438572751744,tea,0.7187247279226605
3833,1023.56885,-4.425164932024252,-3.984043184302277,Rural_Kilimani,4.117464,907.9,-1.1999999999999993,28.0,13.4,0.57,Rocky,4.889019185175572,0.2110667943506472,3.8,2.1625128640968403,potato,0.5690823326570633
3834,722.14056,-8.696562118143653,-7.362504049158031,Rural_Akatsi,17.383602,1466.3,-3.4000000000000004,31.9,14.25,0.66,Volcanic,4.6348654206207405,0.0496575213192944,1.9,1.4158615300468744,tea,0.7451902789720392
3835,860.4339,-7.998179666826663,-0.3848562096092809,Rural_Sokoto,4.507829,1779.1,-1.9000000000000004,28.3,13.2,0.64,Volcanic,4.997154204535518,0.2445337098901064,2.4,1.8210128228456877,tea,0.7587553428523699
3836,712.19073,-5.303775112713369,-6.943574901915917,Rural_Amanzi,27.68667,548.6,-4.3,32.2,13.95,0.62,Sandy,5.410661524718052,0.3958299066920807,1.2,0.7059634040661452,potato,0.5883028367217877
3837,640.2021,-6.538335058912436,-4.258824667977212,Rural_Hawassa,4.044627,667.2,-4.9,31.3,13.2,0.56,Sandy,6.035029490742606,0.1649732935419579,10.6,5.641333198843041,maize,0.5322012451738718
3838,719.5375,-3.465452273117677,-0.3082777633392168,Rural_Kilimani,14.883494,1325.6,-3.6,28.6,12.5,0.64,Volcanic,3.828416141116806,0.44926050487461,1.8,0.926207263955963,tea,0.5145595910866461
3839,548.15814,-12.494861514661224,-9.177863687207187,Rural_Akatsi,13.996549,2002.4,-4.5,30.8,13.15,0.69,Silt,6.9882720762729695,0.0042136343237728,0.7,0.35470155712577084,coffee,0.5067165101796727
3840,770.2392,-2.523762387148315,-0.5605361745817798,Rural_Kilimani,8.982712,1427.1,-2.9000000000000004,29.6,13.35,0.63,Volcanic,5.039029205642772,0.1792685630944889,4.8,3.408028829367985,tea,0.7100060061183302
3841,612.2179,-2.429142829227949,-4.092153931977661,Rural_Kilimani,3.445165,527.1,-5.3,33.1,13.9,0.54,Loamy,6.54397977951801,0.1321268920204348,10.6,7.837501546947785,wheat,0.7393869383913005
3842,837.60864,-7.813446244220232,-8.083242366993924,Rural_Akatsi,19.19555,1377.2,-2.4000000000000004,31.6,14.6,0.66,Volcanic,4.327609302436261,0.0774127118060546,0.9,0.5727320546472872,tea,0.6363689496080969
3843,284.5197,-12.87333974634269,-6.24085504202592,Rural_Hawassa,2.470028,1638.8,-7.3,32.2,12.45,0.62,Silt,7.402021703557378,2.958103479898536e-06,6.9,3.1094627860617208,rice,0.45064678058865515
3844,496.60492,-10.255531977212549,-4.623698441381633,Rural_Hawassa,6.619059,1662.9,-5.3,33.7,14.2,0.64,Silt,6.492695855272968,0.0643808206078601,2.2,1.1969993786974702,wheat,0.5440906266806682
3845,804.26636,-5.27674095330755,-7.77692858191367,Rural_Amanzi,32.234,746.9,-3.3,30.3,13.5,0.65,Sandy,5.629230033771986,0.4008170574474601,1.2,0.7044973266758713,potato,0.5870811055632261
3846,274.43542,-13.05807316894912,-7.367008663644504,Rural_Hawassa,2.5439582,1596.2,-7.4,33.0,12.8,0.62,Silt,6.730784946318738,0.0001566511392538,11.7,6.42303907891351,rice,0.5489776990524368
3847,752.7499,-4.244937202652125,-1.092080683985752,Rural_Kilimani,5.4132175,1196.7,-3.4000000000000004,30.1,13.35,0.6,Sandy,6.0092291945083245,0.7863724423718959,2.1,0.7335854687059354,wheat,0.3493264136694931
3848,504.3922,-14.080865533135938,-6.903033371537648,Rural_Hawassa,8.361164,1549.6,-5.4,32.9,13.75,0.63,Silt,5.706771756264374,1.4455173974305253e-08,2.0,1.4349568890930522,rice,0.7174784445465261
3849,438.1196,-9.282302238603066,-3.574123266033112,Rural_Hawassa,12.212514,1345.9,-6.2,31.2,12.5,0.63,Silt,5.2112464882786105,0.0059640709531926,1.3,0.5757690400329466,wheat,0.44289926156380505
3850,600.76666,-1.5370155688359208,-3.3083510113311263,Rural_Kilimani,14.372801,714.8,-5.2,30.2,12.5,0.59,Loamy,5.5777434986692285,0.0819712843356193,1.5,0.9749957629894338,wheat,0.6499971753262892
3851,811.4883,-4.38010799968122,-5.276867541920412,Rural_Kilimani,2.3911793,557.4,-3.4000000000000004,27.4,12.0,0.54,Sandy,5.491357581220977,0.2669554689461658,6.8,4.275146143047145,potato,0.6286979622128155
3852,711.1937,-10.55290773067656,-0.929914562472676,Rural_Sokoto,5.8082876,2147.4,-2.9000000000000004,30.5,13.8,0.67,Volcanic,5.028386127877045,0.2553743133939143,2.4,1.8123395286400146,tea,0.7551414702666728
3853,326.2338,-12.67508924403335,-8.065223909048026,Rural_Akatsi,10.06498,1732.7,-6.8,35.0,14.1,0.65,Silt,6.522143855970445,0.011148548857927,2.0,1.1511842325065476,rice,0.5755921162532738
3854,786.2697,-3.208627758762397,-0.3893608240957553,Rural_Kilimani,15.338952,1403.3,-2.9000000000000004,29.8,13.45,0.65,Volcanic,4.187160781978234,0.3672665538760281,1.9,1.119341598351764,tea,0.5891271570272443
3855,825.44934,-3.141042360247848,-2.5425665486304885,Rural_Kilimani,9.131198,1024.0,-2.9000000000000004,28.8,12.95,0.6,Sandy,4.845867175740107,0.4051060786984091,4.7,2.138602658061797,tea,0.4550218421408079
3856,651.7667,-2.667944570646016,-3.8849416655998414,Rural_Kilimani,22.516052,594.1,-4.8,28.8,12.0,0.61,Sandy,5.404812589312062,0.1845874379139804,1.7,0.7574717106617792,maize,0.44557159450692896
3857,778.48157,-6.042708803139089,-7.583230158995273,Rural_Amanzi,10.141306,796.3,-3.5,27.4,11.95,0.58,Sandy,5.611691309674447,0.4502828850872902,3.8,1.6689514070717308,wheat,0.4391977387030871
3858,401.95126,-9.51659828678683,-7.128264095861366,Rural_Akatsi,3.4222767,1379.2,-6.5,31.0,12.25,0.61,Peaty,4.921855473441815,0.0386967901757486,11.3,4.480711820932684,wheat,0.3965231699940428
3859,781.1025,-10.264543363681156,-1.839846688740492,Rural_Sokoto,23.194458,2115.1,-2.3,31.3,14.5,0.72,Volcanic,4.744235287403645,0.1356056093278292,1.9,1.4143768110724246,tea,0.7444088479328551
3860,255.39671,-13.139175647166576,-7.601248616941171,Rural_Hawassa,3.4692364,1573.1,-7.5,33.3,12.9,0.62,Silt,7.120842437636028,0.0002101594915183,8.2,3.845068877491443,wheat,0.4689108387184687
3861,754.67114,-2.987848790281541,-3.7092617006273434,Rural_Kilimani,2.6136658,719.5,-3.8,29.1,12.65,0.55,Sandy,5.35255057269131,0.2412021104687612,11.4,5.153070326176141,maize,0.4520237128224685
3862,838.7075,-3.5105092054607088,-1.9659758943617736,Rural_Kilimani,9.16647,1149.5,-2.6,31.6,14.5,0.61,Rocky,5.135959972440301,0.470011274797429,3.8,1.6691074994844821,cassava,0.4392388156538111
3863,773.00946,-7.872020256266174,-1.267760648958251,Rural_Sokoto,24.419569,1558.6,-2.9000000000000004,31.4,14.25,0.69,Volcanic,4.955623745387601,0.3586163257883151,1.3,0.90702413927511,tea,0.6977108763654692
3864,872.1399,-3.789862185987504,-2.9705049248455517,Rural_Kilimani,12.04314,954.0,-2.5,30.3,13.9,0.6,Rocky,4.123887435658129,0.3265301421409833,0.5,0.1911415253949436,cassava,0.3822830507898872
3865,488.6979,-1.9965962787348437,-5.173261408731502,Rural_Kilimani,24.329279,271.2,-6.6,30.4,11.9,0.59,Loamy,4.609192547299129,0.1565679100323605,1.8,0.9562446665301303,wheat,0.5312470369611835
3866,779.13556,-1.8524140952371424,-8.294959247858218,Rural_Kilimani,37.992004,700.9,-3.6,30.9,13.65,0.66,Sandy,5.002342541122055,0.0081742871555081,1.9,1.032222193254445,tea,0.5432748385549712
3867,443.7686,-10.084315634309029,-4.560633838570992,Rural_Hawassa,22.393242,1561.1,-5.8,30.0,12.1,0.68,Silt,6.6122184910861135,0.0464512779272347,1.4,0.6854308234812366,coffee,0.4895934453437405
3868,522.0647,-8.53435716170874,-6.267882728944766,Rural_Hawassa,36.90964,1142.9,-5.3,34.1,14.4,0.69,Loamy,5.423301563220486,0.164476772662921,1.6,0.8868173088372666,wheat,0.5542608180232916
3869,655.7445,-6.10128281518503,-6.722848792078675,Rural_Amanzi,15.638261,538.0,-5.2,32.9,13.85,0.58,Sandy,5.781838009773831,0.3247573402321794,0.7,0.3189874719232116,maize,0.45569638846173083
3870,603.9783,-6.394152875414735,-2.069582027550683,Rural_Hawassa,13.582623,936.6,-5.0,28.2,11.6,0.61,Loamy,5.175407915909968,0.7140532580418087,1.4,0.7536783272913715,potato,0.5383416623509797
3871,416.2298,-11.823513222750051,-9.249937518990777,Rural_Akatsi,1.3007541,1915.6,-5.8,33.6,13.9,0.64,Silt,6.5586872353545385,0.0253701063272997,7.2,4.0428195774104605,coffee,0.5615027190847862
3872,541.8199,-6.889779131188083,-3.173212576736896,Rural_Hawassa,14.4148655,784.4,-5.7,30.0,12.15,0.6,Loamy,6.169531890190781,0.2817902631695592,0.8,0.5351014808015359,wheat,0.6688768510019197
3873,526.7345,-9.97167330345145,-5.047132203110221,Rural_Hawassa,3.0797067,1604.6,-5.1,31.5,13.2,0.62,Silt,6.893907883311849,0.0498417953289606,9.2,4.9039060297582315,wheat,0.5330332641041556
3874,551.3124,-10.426748320116069,-6.790418009375789,Rural_Akatsi,15.19442,1792.0,-4.6,31.8,13.6,0.67,Silt,5.261801511681536,0.1173036878081813,1.5,0.7167725087925383,banana,0.47784833919502556
3875,373.7124,-12.102866203276848,-8.461629983857769,Rural_Akatsi,3.7113721,1826.1,-6.4,33.2,13.400000000000002,0.64,Silt,5.995919970050476,0.1179207709773554,13.3,6.782368711497879,banana,0.5099525346990886
3876,809.68445,-1.9470336531575096,-7.245384072509698,Rural_Kilimani,13.752219,614.8,-3.4000000000000004,29.9,13.25,0.58,Sandy,6.103649289298994,0.0963359471709215,1.1,0.67127036004551,potato,0.6102457818595545
3877,697.7468,-8.381163591742432,-4.411981560517339,Rural_Hawassa,5.354033,1259.8,-3.8,32.7,14.45,0.6,Volcanic,5.409853089964299,0.0420746537997281,4.6,2.1914435636481704,banana,0.4764007747061241
3878,561.07776,-13.0310390095433,-8.749925310992126,Rural_Akatsi,35.64604,1924.5,-4.4,31.1,13.35,0.75,Silt,6.489042276691245,0.0007385927590105,0.9,0.4879605143624808,wheat,0.5421783492916453
3879,890.25085,-7.926088575077812,0.2457898184971265,Rural_Sokoto,10.628357,1840.4,-1.5,29.0,13.75,0.66,Volcanic,4.684316070314298,0.2342093875868761,2.4,1.843184904401763,tea,0.7679937101674013
3880,924.8772,-2.429142829227949,-8.330996163750012,Rural_Kilimani,56.112896,869.9,-2.1,29.6,13.75,0.73,Sandy,5.231026685279278,0.0141340224950501,1.7,1.085557531012554,potato,0.6385632535367965
3881,698.09906,-2.5688193194913467,-7.2363748435367485,Rural_Kilimani,0.8988626,502.1,-4.5,30.4,12.95,0.53,Sandy,6.031780741291262,0.1193090693995256,9.0,5.108530735350764,wheat,0.5676145261500849
3882,578.00464,-5.695770424097745,-1.664166723767993,Rural_Hawassa,2.4185112,915.6,-5.2,31.5,13.15,0.57,Loamy,5.415888803118076,0.8682361814707993,14.0,7.648892133829726,cassava,0.5463494381306947
3883,732.9696,-5.258718180370337,-4.056117016085866,Rural_Kilimani,3.9923358,612.2,-4.1,29.9,12.9,0.55,Sandy,6.6363609001457045,0.2160019176583023,5.7,2.9465743808348903,potato,0.5169428738306825
3884,812.36035,-10.634010208894017,0.4665159283343691,Rural_Sokoto,12.831541,2310.7,-1.8000000000000007,29.1,13.65,0.71,Volcanic,5.2252840874152335,0.2857394861042249,1.4,0.9252126904481948,tea,0.6608662074629963
3885,419.46683,-9.70133170939326,-6.799427238348739,Rural_Akatsi,2.2503364,1444.9,-6.2,35.2,14.500000000000002,0.61,Peaty,4.292709450908562,0.0806274840396241,14.7,5.388981265331883,cassava,0.3665973649885635
3886,718.4179,-7.781906391580111,-4.051612401599392,Rural_Hawassa,10.655237,1107.0,-3.8,32.6,14.4,0.61,Sandy,5.170957206582198,0.0575746884883409,4.4,2.521347358338789,tea,0.5730334905315428
3887,693.0484,-10.751158232985896,-0.5380131021494081,Rural_Sokoto,16.284595,2198.2,-2.8,31.8,14.5,0.71,Volcanic,4.939213505578645,0.3374617120856381,1.9,1.0569747649458203,coffee,0.5563025078662213
3888,803.39905,-10.778192392391716,-0.1776439432314611,Rural_Sokoto,10.696354,2301.7,-1.9000000000000004,29.7,13.9,0.7,Volcanic,4.566589898945244,0.3600722907716903,3.2,2.0297208562148397,tea,0.6342877675671373
3889,1024.2644,-4.285488441760853,-4.024584714680546,Rural_Kilimani,4.0588813,904.8,-1.1999999999999993,28.0,13.4,0.57,Rocky,4.994861123750764,0.2115015287745204,11.0,6.337641582617626,potato,0.5761492347834205
3890,809.48193,-6.335578863368793,-7.979636233805015,Rural_Amanzi,9.124014,942.2,-3.1,29.1,13.0,0.59,Sandy,5.591112321527163,0.2546893118494463,3.1,1.8216907772922766,potato,0.587642186223315
3891,594.25653,-8.81821583546984,-1.3533483242012634,Rural_Sokoto,1.7259622,1608.2,-4.4,30.8,13.2,0.62,Silt,6.112466528214134,0.0757251401373687,7.7,4.17024889448622,wheat,0.5415907655176909
3892,586.32837,-4.641438207270804,-7.416559422995722,Rural_Kilimani,25.53494,426.6,-5.6,30.3,12.35,0.6,Loamy,5.478255381934888,0.3887927055778676,1.6,0.8273121358884501,maize,0.5170700849302813
3893,471.7928,-6.105788508419332,-1.2992929503635715,Rural_Sokoto,31.608515,908.1,-6.2,31.8,12.8,0.66,Loamy,5.339164177543982,0.8821198996068692,1.1,0.5808367942313097,cassava,0.5280334493011907
3894,920.55664,-8.00719105329527,-0.2587270039879994,Rural_Sokoto,19.206413,1855.0,-1.1999999999999993,29.7,14.25,0.69,Volcanic,5.523793085990755,0.2366331549740245,1.1,0.5714518471569717,coffee,0.5195016792336106
3895,506.16302,-0.4601548858374649,-3.155194118790999,Rural_Kilimani,2.3999279,689.3,-6.1,31.3,12.6,0.55,Loamy,5.501898949946906,0.0072467470002989,11.3,6.809874502883254,maize,0.6026437613171021
3896,731.8535,-7.79542347128302,-5.49308903727118,Rural_Hawassa,8.240794,1058.9,-3.7,30.8,13.55,0.6,Sandy,5.943642030457183,0.2899482134403028,2.6,1.4972510814208393,cassava,0.5758658005464766
3897,371.17136,-13.193243965978214,-6.245359656512394,Rural_Hawassa,10.43127,1676.2,-6.4,34.2,13.900000000000002,0.65,Silt,6.987160856775795,5.702680495567991e-07,2.3,1.2293521975265513,rice,0.5345009554463267
3898,770.13934,-6.10128281518503,-7.790442425373093,Rural_Amanzi,4.789135,832.2,-3.5,29.2,12.85,0.57,Sandy,6.755296907067062,0.3707636444251064,4.9,2.4008158121910834,maize,0.48996241065124146
3899,769.59863,-6.777136800330505,0.0611006245516787,Rural_Sokoto,11.312683,1482.8,-3.0,32.8,14.9,0.64,Volcanic,5.818637182939712,0.796349596437417,3.9,1.3548460224106578,coffee,0.34739641600273274
3900,718.2821,-8.15137323679297,-6.164276595755856,Rural_Hawassa,10.952356,1184.3,-3.7,29.7,13.0,0.62,Sandy,6.560774071268864,0.298919718254128,2.9,1.4688402167467303,wheat,0.5064966264643898
3901,614.8136,-9.029983417482088,-4.8083876353270805,Rural_Hawassa,10.530714,1386.0,-4.5,32.7,14.1,0.63,Silt,5.847361622213196,0.0300060210660553,4.6,2.192231492412513,banana,0.47657206356793763
3902,680.93604,-8.570402707583165,-7.123759481374891,Rural_Akatsi,2.1561477,1358.0,-3.9,32.0,14.05,0.6,Volcanic,4.964235411869141,0.0570819861529867,12.6,9.462410586590556,tea,0.7509849671897267
3903,678.2782,-5.866986767001265,-3.506554048735997,Rural_Hawassa,14.00716,692.9,-4.5,29.7,12.6,0.59,Sandy,5.382308557994247,0.2702077840208637,1.4,0.61180858493065,maize,0.4370061320933215
3904,773.8524,-4.528795876413224,-2.587612693495232,Rural_Kilimani,20.453716,913.1,-3.4000000000000004,32.1,14.35,0.62,Sandy,5.326649442249408,0.3523304964035567,1.9,0.7968743260167971,wheat,0.4194075400088406
3905,709.73785,-5.502025615022708,-7.186824084185532,Rural_Amanzi,10.486929,593.9,-4.3,27.7,11.7,0.57,Sandy,6.65781929325555,0.4287193597654318,3.4,1.6884021157939568,maize,0.4965888575864579
3906,643.69885,-5.952594938453025,-6.880510299105276,Rural_Amanzi,2.5245597,555.7,-4.9,31.3,13.2,0.54,Sandy,5.650430452413349,0.3731142342894807,6.9,4.001723129806724,potato,0.5799598738850323
3907,617.6001,-5.97512340462454,-6.96609797434829,Rural_Amanzi,3.2718997,540.8,-5.2,33.8,14.3,0.54,Loamy,6.511026135062869,0.3986567397808967,12.9,7.106223110303545,potato,0.5508700085506624
3908,765.3775,-9.60220645823859,-0.3398100647445374,Rural_Sokoto,3.2743,2061.9,-2.5,32.4,14.95,0.66,Volcanic,5.067506572131412,0.2690493095946912,13.0,7.340726075915157,banana,0.5646712366088582
3909,481.969,-9.940133450811327,-7.488633254779311,Rural_Akatsi,2.13584,1623.6,-5.4,32.4,13.5,0.62,Silt,6.384157928000631,0.0416774339441676,12.8,6.338927386904361,coffee,0.4952287021019032
3910,786.71375,-5.339820658587794,-4.637212284841056,Rural_Kilimani,23.635487,608.8,-3.6,28.6,12.5,0.61,Sandy,5.037739095049806,0.264395775388996,0.8,0.3718530875681274,wheat,0.4648163594601592
3911,537.2899,-5.745333049675079,-0.9073914900403042,Rural_Sokoto,4.919898,1008.8,-5.5,29.4,11.95,0.58,Loamy,5.529203955680708,0.91493502334435,2.2,0.8992446887143093,wheat,0.4087475857792315
3912,777.2815,-3.771839413050293,-5.1327198783532335,Rural_Kilimani,4.9043818,537.2,-3.7,29.6,12.95,0.55,Sandy,5.654809538630105,0.2116928564986737,5.0,2.6137079441940743,wheat,0.5227415888388148
3913,658.03296,-4.8487000960487485,-0.2452131605285763,Rural_Kilimani,8.3838825,1205.0,-4.2,32.3,14.05,0.61,Volcanic,4.1643469994600775,0.7905053990584247,3.6,1.0332907260556297,cassava,0.28702520168211937
3914,133.61195,-12.323645171757704,-7.155291782780211,Rural_Hawassa,3.9476414,1560.1,-8.6,32.9,12.15,0.62,Silt,6.349507895142308,0.0035933552079893,8.6,4.704821189806824,rice,0.5470722313728866
3915,804.3174,-3.8619532777363546,-1.4209175414983786,Rural_Kilimani,5.3974485,1208.2,-2.9000000000000004,30.5,13.8,0.6,Volcanic,4.767065680246064,0.6448333622424405,4.1,2.0110311473776497,tea,0.49049540179942674
3916,580.6854,-6.35810732954031,-7.0742087220236725,Rural_Amanzi,7.888825,586.6,-5.5,30.7,12.6,0.56,Loamy,5.914453396212844,0.4105327017365097,2.4,1.4975712596524635,potato,0.6239880248551931
3917,843.3423,-7.948617041249328,1.367438825629237,Rural_Sokoto,2.1058338,1828.3,-2.0,27.4,12.7,0.64,Volcanic,4.336406489426688,0.0885602699493456,7.7,5.914466469421917,tea,0.7681125284963529
3918,441.2257,-10.800720858563231,-5.5561536400818206,Rural_Hawassa,3.5743825,1730.3,-5.7,32.9,13.6,0.63,Silt,6.97751810691426,0.1124782686181703,14.2,5.7289463165194325,banana,0.4034469236985516
3919,870.1648,-3.546554751335133,-4.168732378247725,Rural_Kilimani,3.6795301,743.4,-2.7,31.2,14.25,0.56,Rocky,5.676382556311095,0.1969098119530521,8.2,4.828340523331769,potato,0.5888220150404597
3920,689.4935,-2.284960645730246,-3.493040205276574,Rural_Kilimani,9.203077,727.6,-4.4,32.6,14.1,0.58,Sandy,5.420556694047421,0.1945578913833129,2.7,1.2154329788793814,maize,0.450160362547919
3921,719.3825,-3.1996163722937894,-2.2948127518744004,Rural_Kilimani,5.09877,969.4,-3.9,29.1,12.6,0.58,Sandy,6.730155098015104,0.4138661379755466,3.3,1.6291209428063116,wheat,0.4936730129716096
3922,450.6215,-1.0278722333596626,-6.04265200462105,Rural_Kilimani,25.442991,182.3,-7.0,32.2,12.6,0.59,Loamy,4.647946057811021,0.0747541211954527,1.0,0.5440427894588521,potato,0.5440427894588521
3923,696.2776,-14.576491788909289,-6.065175077053421,Rural_Hawassa,4.961376,1576.6,-3.6,30.7,13.55,0.63,Volcanic,5.240786591375418,6.545264671638153e-09,3.1,1.6148046317566551,banana,0.5209047199215017
3924,440.30243,-10.323117375727096,-4.830910707759452,Rural_Hawassa,17.849705,1618.0,-5.8,30.6,12.4,0.67,Silt,5.369892224257993,0.0506988653152939,1.6,1.0197463212942492,rice,0.6373414508089058
3925,694.7025,-3.5555661378037406,-6.186799668188228,Rural_Kilimani,11.754119,433.2,-4.6,29.9,12.65,0.56,Sandy,6.002481268547623,0.2186466676884499,4.7,2.5270538325152123,wheat,0.537671028194726
3926,709.6432,-6.394152875414735,-0.2046716301503073,Rural_Sokoto,2.7476678,1343.0,-3.6,30.3,13.35,0.6,Volcanic,5.475653516946959,0.9505155790900348,6.1,3.0032202690689926,tea,0.4923311916506546
3927,717.88135,-2.194846781044184,-6.876005684618803,Rural_Kilimani,11.841463,493.3,-4.3,33.7,14.7,0.57,Sandy,6.196598939225147,0.2037725155585303,1.0,0.5730096770145758,wheat,0.5730096770145758
3928,434.8911,-12.10737189651115,-9.308497507314945,Rural_Akatsi,2.6194952,1925.7,-5.6,33.2,13.8,0.65,Silt,6.173817710057008,0.0102249471079224,14.3,8.073847271265349,coffee,0.5646047042842901
3929,652.4691,-9.557149525895555,-2.1821973897125417,Rural_Hawassa,5.807368,1784.9,-3.7,31.3,13.8,0.64,Volcanic,4.699828737267734,0.2149133833258041,2.7,1.3106996339755064,banana,0.48544430887981715
3930,154.54663,-12.58948107258159,-6.677802647213931,Rural_Hawassa,9.133955,1548.1,-8.5,33.4,12.45,0.64,Silt,7.463511742311271,6.774265766412635e-05,4.3,1.7349136344940177,rice,0.403468287091632
3931,647.0724,-9.624734924410106,-2.4344558009551047,Rural_Hawassa,2.0450778,1774.8,-3.8,30.5,13.35,0.63,Volcanic,5.212923838081904,0.1173839398900733,5.7,2.443745300303095,cassava,0.42872724566720966
3932,729.4817,-8.273026954119157,-4.13269546235593,Rural_Hawassa,18.794073,1275.3,-3.5,29.6,13.05,0.65,Volcanic,4.722876965886113,0.0328347559050189,1.6,1.138832678676365,tea,0.7117704241727281
3933,557.99536,-1.1269974845143338,-5.884990497594448,Rural_Kilimani,26.491785,301.3,-6.0,31.3,12.65,0.6,Loamy,5.80644184027866,0.0901210946013037,1.0,0.6399570208997418,potato,0.6399570208997418
3934,375.211,-11.990223872419268,-8.731906853046228,Rural_Akatsi,4.9338555,1854.1,-6.2,35.9,14.85,0.65,Silt,6.752155604477441,0.1045303050187566,2.8,1.389414818741342,wheat,0.49621957812190787
3935,953.2239,-4.231420122949215,-3.2678094809528577,Rural_Kilimani,3.273606,962.4,-1.8000000000000007,29.1,13.65,0.57,Rocky,5.074000496368709,0.241064266596392,11.6,5.719045876660548,cassava,0.49302119626384033
3936,694.9141,-7.849491790094658,-2.826357261278372,Rural_Hawassa,3.1620698,1249.0,-3.8,30.2,13.2,0.6,Volcanic,4.890040277368386,0.1526589124536385,10.2,4.360801756948107,cassava,0.42752958401452035
3937,607.71686,-5.263223873604641,-0.2992685343662684,Rural_Kilimani,10.903821,1146.4,-4.7,30.7,13.0,0.61,Loamy,5.027931398448773,0.8731326548088487,2.9,1.0659380473602194,wheat,0.36756484391731703
3938,338.32925,-12.733663256079293,-8.326491549263539,Rural_Akatsi,3.340282,1740.2,-6.6,31.5,12.45,0.63,Silt,6.890427691731419,0.0086844653164657,9.8,3.928666534472547,banana,0.4008843402523007
3939,772.4373,-3.785356492753202,-0.6326100063653695,Rural_Kilimani,8.320374,1318.0,-3.1,29.6,13.25,0.62,Volcanic,5.723544187084769,0.612650423028606,3.7,1.3746498859678593,coffee,0.37152699620752955
3940,613.9158,-9.30483070477458,-0.1506162563126152,Rural_Sokoto,1.5175853,1846.4,-4.0,32.7,14.35,0.64,Silt,6.822656180966959,0.2127014295374749,13.3,6.062068195745211,coffee,0.45579460118385046
3941,707.7536,-8.656010879034925,-7.587734773481748,Rural_Akatsi,24.843927,1459.3,-3.5,29.7,13.1,0.68,Volcanic,4.406406320860307,0.062426225182594,1.0,0.38360215194555314,cassava,0.38360215194555314
3942,841.28735,-4.8261716298772335,-1.839846688740492,Rural_Kilimani,8.083165,1128.0,-2.6,29.9,13.65,0.6,Rocky,4.998687490366814,0.7084849367289587,3.5,1.3877870113359134,cassava,0.3965105746674038
3943,363.20233,-10.706101300642866,-5.240830626028617,Rural_Hawassa,13.039545,1627.8,-6.5,31.0,12.25,0.66,Silt,5.907900997366468,0.0684898414959825,1.9,1.1969194356883126,rice,0.6299575977306908
3944,927.40814,-4.064709473279997,-3.898455509059264,Rural_Kilimani,13.096768,828.4,-2.1,32.1,15.0,0.6,Rocky,4.332119028376812,0.2138372391922209,1.8,0.7117600742678497,cassava,0.3954222634821387
3945,610.01904,-5.574116706771559,-8.074233138020976,Rural_Amanzi,6.9807973,622.7,-5.2,29.5,12.15,0.56,Loamy,5.1817814885196105,0.2780489526907702,2.6,1.446741047575864,maize,0.5564388644522553
3946,669.5472,-5.560599627068649,-7.610257845914119,Rural_Amanzi,9.544343,613.6,-4.7,29.8,12.55,0.57,Sandy,6.258954193682215,0.4207243958295255,2.3,1.1498301591005466,maize,0.4999261561306725
3947,619.8836,-5.709287503800654,-7.722873208075977,Rural_Amanzi,8.927916,597.4,-5.1,32.2,13.55,0.57,Loamy,5.227661290470878,0.3924415746427312,2.6,1.3848443965754433,maize,0.5326324602213244
3948,631.0593,-7.277268749338156,-1.9299389784699783,Rural_Sokoto,12.516187,1169.7,-4.5,31.1,13.3,0.62,Loamy,5.442151469708534,0.6005046317010765,1.1,0.6327596547571934,cassava,0.5752360497792667
3949,742.44965,-6.28601623779146,0.2322759750377034,Rural_Sokoto,12.812525,1403.3,-3.3,29.0,12.85,0.64,Volcanic,5.571275806966219,0.934198957715782,1.1,0.33148402575558694,coffee,0.30134911432326084
3950,755.4697,-9.859030972593873,0.4845343862802664,Rural_Sokoto,0.9049398,2133.2,-2.5,29.7,13.6,0.66,Volcanic,4.616662675748678,0.2851214358564214,11.6,8.375912805418663,tea,0.7220614487429883
3951,724.3002,-3.059939882030392,-2.8533849481972178,Rural_Kilimani,1.5487591,860.4,-3.9,29.1,12.6,0.56,Sandy,6.007190276971077,0.3835518215531682,12.7,6.243501041470296,wheat,0.4916142552338816
3952,475.20605,-7.498047717819011,-1.6101113499303008,Rural_Sokoto,4.6537123,1108.2,-6.0,31.9,12.95,0.59,Loamy,6.721041470639004,0.5499345077143882,2.1,1.1588314863703149,wheat,0.5518245173191976
3953,537.8606,-9.106580202465242,-6.943574901915917,Rural_Akatsi,14.893793,1380.6,-5.2,34.0,14.4,0.64,Silt,5.938007596690327,0.0364709270774441,2.0,0.9189478662568347,banana,0.45947393312841733
3954,383.07767,-1.1990885762631844,-4.907489154029516,Rural_Kilimani,8.537143,198.1,-7.6,32.7,12.55,0.53,Loamy,5.550890960915931,0.0355018880141427,4.9,2.833713837255973,wheat,0.57830894637877
3955,606.23535,-7.308808601978278,-3.484030976303625,Rural_Hawassa,10.708251,912.6,-5.0,31.5,13.25,0.59,Loamy,6.556812137421643,0.1151326084155888,5.0,3.2512774207758577,maize,0.6502554841551715
3956,629.52826,-3.010377256453056,-6.294910415863613,Rural_Kilimani,25.987959,372.0,-5.2,30.3,12.55,0.6,Loamy,4.91085524771604,0.2689053230537602,0.7,0.38811205409540084,wheat,0.5544457915648584
3957,662.8316,-6.664494469472926,-2.002012810253568,Rural_Hawassa,9.686894,1073.8,-4.2,30.7,13.25,0.6,Sandy,6.721774003338313,0.7165038914237161,3.1,1.0715733349177634,maize,0.34566881771540753
3958,493.02084,-9.67429754998744,-2.745274200521834,Rural_Hawassa,11.600922,1600.5,-5.4,33.3,13.95,0.65,Silt,6.704098652896424,0.0234600778447046,2.7,1.474968167866408,wheat,0.5462845066171881
3959,754.8342,-3.249178997871125,-1.371366782147161,Rural_Kilimani,4.6959786,1201.2,-3.3,31.2,13.95,0.6,Sandy,5.711684178556713,0.4314286573506829,2.8,1.5343586034334111,cassava,0.5479852155119326
3960,544.2909,-8.926352473093115,-6.839968768727007,Rural_Akatsi,18.440928,1317.6,-5.2,31.7,13.25,0.65,Silt,6.553860857332242,0.0463123412479825,1.9,0.783037878995097,banana,0.4121251994711037
3961,508.62308,-7.119569486137545,-0.9479330204185732,Rural_Sokoto,10.743872,1157.5,-5.6,30.3,12.35,0.61,Loamy,6.214000345170391,0.6573319349616806,2.2,1.1377777811616905,wheat,0.5171717187098592
3962,627.3573,-7.899054415671993,-3.754307845492086,Rural_Hawassa,18.909597,1078.4,-4.6,29.4,12.4,0.63,Loamy,5.1621077793063375,0.0501070710889006,1.8,1.13678097279313,potato,0.6315449848850722
3963,725.4462,-8.11082199768424,-1.7452497845245307,Rural_Sokoto,16.544674,1506.6,-3.3,30.2,13.45,0.66,Volcanic,4.801750083771774,0.2593367268732124,0.6,0.2410137635093987,cassava,0.4016896058489979
3964,294.4871,-13.38698877505325,-7.565211701049376,Rural_Hawassa,5.170437,1555.2,-7.2,30.7,11.75,0.63,Silt,7.377662831320621,2.356408771482568e-05,2.2,0.9753626873486035,wheat,0.443346676067547
3965,783.94366,-8.728101970783776,-2.1146281724154266,Rural_Hawassa,13.599078,1694.7,-2.6,32.1,14.75,0.66,Volcanic,4.975176609302913,0.0646071222659916,0.8,0.627801096481146,tea,0.7847513706014324
3966,423.34418,-10.80973224503184,-5.344436759217527,Rural_Hawassa,6.4565444,1712.9,-5.9,31.4,12.75,0.64,Silt,7.189817400381672,0.0720499491727267,3.5,1.6424051127343082,wheat,0.4692586036383738
3967,642.4394,-2.37507451041631,-6.164276595755856,Rural_Kilimani,46.561733,388.4,-5.1,30.2,12.55,0.67,Sandy,6.226402030225516,0.3547934015557909,1.3,0.5993092158267447,maize,0.4610070890974959
3968,823.5654,-10.26904905691546,-0.0199824362048595,Rural_Sokoto,6.8948317,2260.4,-1.8000000000000007,29.1,13.65,0.68,Volcanic,4.772145235814262,0.3884632791854701,4.2,2.6552456506637965,tea,0.632201345396142
3969,515.6921,-7.1871548846520925,-0.8218038147972917,Rural_Sokoto,1.1261456,1194.8,-5.5,29.9,12.2,0.59,Loamy,4.894225182472182,0.6210411260264733,6.1,2.9557670775503575,cassava,0.4845519799262882
3970,771.73883,-2.330017578073278,-7.790442425373093,Rural_Kilimani,6.2881937,636.3,-3.7,26.6,11.45,0.56,Sandy,5.560836044032844,0.0374646313160981,2.9,1.5615595999013108,wheat,0.5384688275521762
3971,855.3401,-7.142097952309061,-7.114750252401941,Rural_Akatsi,2.5129943,1074.8,-2.5,30.0,13.75,0.58,Rocky,5.880626641975705,0.1732803656367143,8.8,3.217649432524845,coffee,0.36564198096873235
3972,628.71216,-8.854261381344266,0.1376790708217423,Rural_Sokoto,6.002287,1774.1,-4.0,30.0,13.0,0.64,Silt,6.0180260428342365,0.129028531294439,4.0,2.9003077288962613,rice,0.7250769322240653
3973,765.46606,-6.209419452808305,-8.101260824939821,Rural_Amanzi,31.320803,890.2,-3.5,28.6,12.55,0.66,Sandy,5.589007619108664,0.213583289684611,1.9,0.912955960965348,wheat,0.4805031373501832
3974,327.1552,-13.053567475714816,-6.709334948619252,Rural_Hawassa,2.2257893,1660.1,-6.8,31.0,12.1,0.62,Silt,6.812068957202908,4.732067344857253e-06,8.5,4.653334534375859,rice,0.5474511216912775
3975,836.6142,-4.226914429714912,-5.574172098027718,Rural_Kilimani,1.8380165,574.3,-3.2,31.3,14.05,0.54,Sandy,6.064896720493462,0.2582146070472347,6.7,3.9848249088528718,potato,0.594749986395951
3976,715.384,-3.3888554881345225,-0.9569422493915216,Rural_Kilimani,8.446288,1228.8,-3.7,31.3,13.8,0.61,Volcanic,5.421621252820705,0.4794029651037641,2.2,0.8219574999796511,wheat,0.3736170454452959
3977,790.10156,-7.59717296897368,-0.5965730904735749,Rural_Sokoto,6.664999,1594.0,-2.7,29.8,13.55,0.63,Volcanic,4.228927944331826,0.4196994026460023,3.4,2.102276167539351,tea,0.6183165198645151
3978,477.88275,-10.886329030014991,-8.583254574992575,Rural_Akatsi,48.375797,1848.3,-5.7,32.0,13.15,0.78,Silt,6.870337131640206,0.1276956988136386,1.0,0.4949156137058067,coffee,0.4949156137058067
3979,590.1707,-6.831205119142142,-1.934443592956453,Rural_Hawassa,12.220342,1031.6,-5.0,32.5,13.75,0.61,Loamy,4.735661682239907,0.7134016805442233,1.4,0.5545689706661955,wheat,0.39612069333299676
3980,718.28906,-8.944375246030328,-0.5109854152305624,Rural_Sokoto,39.09361,1847.8,-3.1,29.4,13.15,0.75,Volcanic,4.41379138312544,0.120748518321877,0.7,0.5926995325681438,tea,0.8467136179544912
3981,539.3403,-10.278060443384064,-6.0606704625669465,Rural_Hawassa,4.3970895,1713.1,-4.8,32.7,13.95,0.63,Silt,5.994936293149999,0.307302744401719,2.2,0.9948312094852163,coffee,0.4521960043114619
3982,626.73474,-8.02521382623248,-6.880510299105276,Rural_Akatsi,13.780923,1091.4,-4.6,29.3,12.35,0.62,Loamy,4.826743787682733,0.1510800696692084,1.7,0.9183610376396076,wheat,0.5402123750821222
3983,770.3814,-2.582336399194256,-0.758739211986651,Rural_Kilimani,4.0586557,1381.9,-3.0,29.8,13.4,0.61,Volcanic,4.62537667403637,0.1980989353926154,11.4,7.874964431921454,tea,0.6907863536773204
3984,905.18555,-3.208627758762397,-2.4704927168468998,Rural_Kilimani,26.318426,1124.2,-2.1,26.1,12.0,0.66,Sandy,6.037766981847557,0.4106120028819179,1.2,0.389806405794095,coffee,0.32483867149507917
3985,698.63556,-9.741882948501988,-1.8083143873351717,Rural_Sokoto,11.9157295,1913.6,-3.2,27.4,12.1,0.67,Volcanic,4.379346607188921,0.2617566073193644,0.8,0.643685331019092,tea,0.8046066637738649
3986,563.5647,-13.747444233797504,-6.398516549052522,Rural_Hawassa,22.492208,1734.7,-4.6,30.2,12.8,0.69,Silt,6.285922467381415,6.806706983717754e-08,0.6,0.29679687567468926,coffee,0.4946614594578155
3987,381.34464,-13.184232579509608,-5.479575193811757,Rural_Hawassa,34.763153,1730.8,-5.9,31.8,12.95,0.73,Silt,6.4645676516806745,1.949984534874353e-06,0.5,0.23186356280170262,banana,0.46372712560340523
3988,653.68384,-5.871492460235569,-0.1911577866908842,Rural_Sokoto,13.08559,1242.0,-4.2,30.2,13.0,0.63,Volcanic,4.932694450607935,0.9889643267201116,0.9,0.4662691366730134,tea,0.5180768185255704
3989,541.92694,-9.73287156203338,-7.466110182346941,Rural_Akatsi,5.813138,1624.7,-4.9,33.6,14.35,0.63,Silt,6.6031062696531775,0.0466016960993709,2.6,1.2327982026280806,coffee,0.47415315485695403
3990,749.43427,-5.326303578884884,-7.997654691750912,Rural_Amanzi,9.568828,728.0,-3.8,31.1,13.65,0.58,Sandy,6.098061756073079,0.3307371231529829,2.7,1.404141885807768,maize,0.5200525502991733
3991,141.17593,-12.116383282979758,-7.096731794456045,Rural_Hawassa,6.9736443,1569.9,-8.6,32.7,12.05,0.63,Silt,6.87677289604716,0.0053871041508919,3.3,1.5578915364887647,rice,0.47208834439053476
3992,654.44965,-2.1002272231238166,-5.619218242892462,Rural_Kilimani,11.06805,413.6,-5.0,32.0,13.5,0.56,Sandy,6.639128131725627,0.2749966285960266,3.5,1.6844354040562155,maize,0.48126725830177586
3993,480.3238,-7.295291522275368,-1.5830836630114546,Rural_Sokoto,13.6244545,1071.1,-6.0,29.9,11.95,0.62,Loamy,5.093661819668828,0.6360694655926522,1.3,0.529469342529617,wheat,0.40728410963816686
3994,903.4748,-7.876525949500477,0.0611006245516787,Rural_Sokoto,27.379894,1831.9,-1.4000000000000004,31.0,14.8,0.72,Volcanic,4.885921589072837,0.2655684215782255,1.7,1.2849738325849775,tea,0.7558669603441045
3995,814.1858,-4.961342426906327,-5.439033663433488,Rural_Kilimani,8.835046,567.9,-3.4000000000000004,29.5,13.05,0.56,Sandy,6.645270507646098,0.3051435968796738,2.7,1.4709403629134399,maize,0.5447927270049777
3996,477.28992,-7.110558099668939,-0.7001792236624846,Rural_Sokoto,16.429592,1155.2,-5.9,33.8,13.95,0.63,Loamy,4.63851977505059,0.6477969865278072,0.8,0.2312326365861598,banana,0.28904079573269975
3997,582.85284,-6.295027624260065,-1.3758713966336351,Rural_Sokoto,21.416594,1033.9,-5.1,30.7,12.8,0.64,Loamy,5.740133085057735,0.858394182253839,0.6,0.3049364679923118,potato,0.508227446653853
3998,565.36456,-5.245201100667428,-0.056019352096654,Rural_Kilimani,9.4078045,1128.7,-5.1,29.8,12.35,0.61,Loamy,5.881535001643368,0.8509160327936668,3.5,1.5860118924841067,wheat,0.4531462549954591
3999,694.08374,-9.205705453619911,-0.7091884526354331,Rural_Sokoto,11.425979,1870.3,-3.3,30.9,13.8,0.67,Volcanic,4.374811855658749,0.1298684320828439,4.7,3.967469947862797,tea,0.8441425420984674
4000,450.77695,-9.944639144045633,-3.1461848898180502,Rural_Hawassa,3.1484349,1600.1,-5.7,33.4,13.85,0.62,Silt,6.523727758761723,0.0112716938156161,7.0,3.0891673715111088,banana,0.44130962450158695
4001,701.5543,-8.565897014348861,-3.988547798788751,Rural_Hawassa,6.656881,1357.5,-3.7,29.2,12.75,0.62,Volcanic,5.930752187596054,0.0202454613237566,3.5,1.8300772855664444,banana,0.5228792244475555
4002,515.80756,-1.0504006995311794,-3.583132495006061,Rural_Kilimani,6.7994986,581.0,-6.1,30.8,12.35,0.56,Loamy,6.4517317305294215,0.0254389776378062,2.1,1.2651208706608978,potato,0.6024385098385228
4003,591.00165,-7.489036331350404,-2.745274200521834,Rural_Hawassa,6.315562,1051.1,-5.0,29.9,12.45,0.59,Loamy,6.188939326418945,0.2539584648191544,2.6,1.5530034267614758,maize,0.5973090102928753
4004,714.5076,-5.758850129377988,-7.506651712725209,Rural_Amanzi,14.742137,673.2,-4.2,28.5,12.15,0.59,Sandy,4.924472466593443,0.4434876338474102,0.7,0.37436945108938885,potato,0.5348135015562698
4005,831.16473,-3.3573156354944,-2.94798185241318,Rural_Kilimani,5.992774,935.0,-2.9000000000000004,31.4,14.25,0.58,Sandy,6.249797829502184,0.370122479196422,4.0,2.0027047372320865,maize,0.5006761843080216
4006,513.4353,-7.434968012538767,-1.7542590134974796,Rural_Sokoto,3.021611,1111.2,-5.6,29.5,11.95,0.59,Loamy,5.604543846186538,0.568437311781314,13.9,7.5277014400424,potato,0.5415612546793094
4007,602.49225,-6.916813290593902,-0.3578285226904347,Rural_Sokoto,10.664734,1291.1,-4.7,29.4,12.35,0.62,Silt,7.134814902768436,0.7397438468740279,3.1,1.1883441168731301,wheat,0.3833368118945581
4008,400.03107,-0.2213531444193961,-3.72728015857324,Rural_Kilimani,5.82242,428.0,-7.3,33.2,12.95,0.54,Loamy,5.696806589370902,0.0026499944783858,3.3,2.024279966195867,maize,0.6134181715745051
4009,602.6963,-3.2807188505112475,-6.538159598133226,Rural_Kilimani,17.655258,355.4,-5.5,31.9,13.2,0.57,Loamy,6.496021321554204,0.2084565789317373,1.1,0.6105257242929827,potato,0.5550233857208933
4010,689.3808,-7.26825736286955,-3.4660125183577284,Rural_Hawassa,5.7975926,991.0,-4.1,29.1,12.5,0.58,Sandy,6.629425276458883,0.1224172495763172,4.2,2.091225519166657,maize,0.497910837896823
4011,668.2057,-7.853997483328961,-7.326467133266235,Rural_Akatsi,22.632421,1120.6,-4.2,31.3,13.55,0.65,Sandy,6.038046874290648,0.0760960924027279,0.7,0.3144933462399059,coffee,0.44927620891415126
4012,313.23312,-13.846569484952171,-7.308448675320338,Rural_Hawassa,12.334332,1439.2,-7.2,33.1,12.95,0.64,Silt,5.809445965052944,1.2145879961128273e-07,1.1,0.686737294278167,rice,0.6243066311619699
4013,494.707,-9.669791856753138,-3.2047448781422165,Rural_Hawassa,8.631051,1564.0,-5.4,32.2,13.400000000000002,0.64,Silt,7.162593270047198,0.0061106155471021,4.0,2.3643443302833886,rice,0.5910860825708472
4014,570.92487,-0.888195743096265,-4.330898499760801,Rural_Kilimani,26.568453,484.2,-5.7,32.2,13.250000000000002,0.61,Loamy,5.007004488312336,0.0111772121328369,1.1,0.7226387968620546,potato,0.6569443607836859
4015,773.2421,-4.578358501990559,-2.2227389200908103,Rural_Kilimani,8.288967,998.7,-3.2,29.5,13.15,0.59,Sandy,5.316711805618817,0.4974388531306565,4.7,2.567712814470538,cassava,0.5463218754192634
4016,246.74524,-12.436287502615285,-8.137297740831615,Rural_Akatsi,5.614541,1673.0,-7.6,32.9,12.65,0.64,Silt,6.33064867991085,0.0374124112558843,4.4,2.469332897834402,rice,0.5612120222350914
4017,720.5088,-4.90727410809469,-7.475119411319889,Rural_Kilimani,19.611593,588.0,-4.2,28.6,12.2,0.6,Sandy,4.925844281547242,0.437452012187266,1.9,0.7667056235452487,wheat,0.40352927555013096
4018,547.81354,-10.41323124041316,-6.713839563105727,Rural_Akatsi,21.191801,1754.7,-4.9,32.6,13.85,0.69,Silt,5.984339885065315,0.1395573821888132,1.9,0.9278231998638843,coffee,0.4883279999283602
4019,767.4587,-5.407406057102342,-5.110196805920862,Rural_Kilimani,11.664247,562.0,-3.8,30.4,13.3,0.57,Sandy,5.416389165813025,0.2953063911838964,3.2,1.4326883937158412,maize,0.44771512303620037
4020,660.10785,-1.9245051869859928,-6.213827355107075,Rural_Kilimani,34.402977,409.3,-4.9,31.6,13.35,0.63,Sandy,6.407455255456087,0.3009800349755132,0.8,0.3881376618852858,maize,0.4851720773566072
4021,275.44778,-13.851075178186475,-7.727377822562452,Rural_Hawassa,14.637811,1381.5,-7.7,34.5,13.4,0.64,Silt,6.724348728382299,3.9435185928114405e-07,0.7,0.382087438273288,rice,0.5458391975332686
4022,515.76105,-8.917341086624509,-6.704830334132777,Rural_Akatsi,7.6927423,1275.6,-5.5,33.5,14.0,0.61,Peaty,4.100741668609745,0.0545153842315791,3.2,1.1531138477126373,cassava,0.36034807741019914
4023,491.46613,-12.138911749151273,-9.493186701260392,Rural_Akatsi,17.501177,1987.2,-5.0,30.8,12.9,0.7,Silt,6.193890382047679,0.0035793605329196,0.8,0.48529100203089187,banana,0.6066137525386148
4024,796.5081,-5.515542694725617,-5.9795874018104085,Rural_Kilimani,22.194609,595.3,-3.5,27.5,12.0,0.61,Sandy,5.724564359955027,0.302260674667512,1.7,0.8919575435654585,wheat,0.5246809079796815
4025,701.3135,-0.906218516033478,-1.348843709714789,Rural_Kilimani,6.224742,1362.3,-3.7,31.4,13.85,0.61,Volcanic,5.694235566991267,0.0180063162762477,3.3,1.721699564637915,banana,0.5217271407993682
4026,801.112,-11.11161369173015,-0.1280931838802435,Rural_Sokoto,7.1379757,2329.6,-1.9000000000000004,30.5,14.3,0.69,Volcanic,5.40929861484107,0.3313020753109616,3.1,1.9892201390417434,tea,0.6416839158199172
4027,686.7138,-1.618118047053379,-4.096658546464136,Rural_Kilimani,16.43488,635.5,-4.5,30.5,13.0,0.59,Sandy,4.743184617600599,0.0503334970663934,1.4,0.6091334452508574,maize,0.4350953180363268
4028,577.5205,-7.200671964355002,-3.8849416655998414,Rural_Hawassa,2.583802,803.9,-5.3,30.7,12.7,0.56,Loamy,5.857048125196469,0.1008252521364973,10.9,7.082123400197491,potato,0.6497360917612377
4029,609.4416,-6.623943230364196,-0.7136930671219075,Rural_Sokoto,20.809683,1209.0,-4.7,31.4,13.35,0.65,Silt,5.648942837559847,0.8253603340493636,1.7,0.5923170999834516,wheat,0.34842182351967743
4030,865.0017,-1.2982138274178538,-2.695723441170617,Rural_Kilimani,3.9676557,1155.5,-2.4000000000000004,28.6,13.1,0.59,Rocky,4.344375771045486,0.063175988052352,12.5,5.723808266501769,tea,0.4579046613201415
4031,719.12134,-8.480288842897101,-3.835390906248624,Rural_Hawassa,3.3043218,1359.2,-3.5,27.5,12.0,0.6,Volcanic,5.566316438055488,0.0221063375734838,12.7,6.641311199388372,coffee,0.5229378897156199
4032,758.4412,-9.949144837279936,-0.7947761278784455,Rural_Sokoto,23.267744,2116.0,-2.3,29.4,13.55,0.72,Volcanic,5.451209325073924,0.2311106655041403,1.9,1.1606477531253814,coffee,0.6108672384870428
4033,925.2636,-11.15216493083888,0.3223682647671901,Rural_Sokoto,14.838008,2470.9,-0.5999999999999996,30.1,14.75,0.72,Volcanic,5.467878366224045,0.2613360108384026,0.7,0.3852710168635732,coffee,0.5503871669479617
4034,266.51785,-11.945166940076238,-6.4750949953225865,Rural_Hawassa,5.779738,1683.8,-7.4,33.1,12.85,0.64,Silt,6.011699584551661,0.001443921558984,2.6,1.1780300574031257,banana,0.4530884836165868
4035,924.5107,-3.6276572295525913,-4.10116316095061,Rural_Kilimani,8.780148,807.8,-2.2,30.1,13.95,0.58,Rocky,5.716970092483598,0.2036129453155485,3.8,2.189461403344565,maize,0.5761740535117277
4036,772.2293,-9.029983417482088,-7.952608546886169,Rural_Akatsi,7.510301,1687.6,-2.7,30.7,14.0,0.64,Volcanic,5.973119773681336,0.1327214464643615,3.6,2.0762848502275033,coffee,0.576745791729862
4037,787.05273,-10.35465722836722,-1.799305158362223,Rural_Sokoto,2.7509027,2143.0,-2.2,28.4,13.1,0.66,Volcanic,4.848784669812483,0.1140635403875019,5.1,3.7631350833897623,tea,0.7378696241940711
4038,728.70654,-5.939077858750116,-4.893975310570093,Rural_Hawassa,9.949145,598.1,-4.1,28.4,12.15,0.57,Sandy,6.041274730870338,0.255114119536092,4.4,2.3358591615036004,maize,0.5308770821599091
4039,778.35443,-3.9070102100793855,-1.0650529970669058,Rural_Kilimani,21.959846,1245.7,-3.1,29.3,13.1,0.65,Volcanic,3.8837076974192817,0.6895763083913395,0.9,0.34246654745607796,tea,0.3805183860623088
4040,292.07138,-13.432045707396282,-7.362504049158031,Rural_Hawassa,7.261754,1538.6,-7.3,31.2,11.95,0.63,Silt,6.683059478504725,7.494753477205467e-06,5.0,2.890038746457477,rice,0.5780077492914953
4041,831.5066,-1.7307603779109575,-1.010997623229214,Rural_Kilimani,8.777281,1487.9,-2.4000000000000004,27.7,12.65,0.63,Volcanic,4.119745117391029,0.0680464729402261,4.2,2.6326356096222034,tea,0.6268180022910008
4042,684.7526,-5.7723672090808975,-3.506554048735997,Rural_Hawassa,8.231699,688.5,-4.5,30.4,12.95,0.57,Sandy,6.693620136217334,0.242872858418007,3.1,1.769025703270592,wheat,0.5706534526679329
4043,768.8641,-3.3888554881345225,-1.1686591302558156,Rural_Kilimani,1.1005367,1246.3,-3.2,32.5,14.65,0.59,Volcanic,5.480116850712332,0.4848941877936085,15.0,7.3782342604500055,cassava,0.49188228403000034
4044,646.94244,-6.353601636306006,-2.560585006576386,Rural_Hawassa,19.141796,894.2,-4.6,32.1,13.75,0.62,Sandy,5.6250253318592325,0.5114116189184813,1.5,0.5822500696467646,wheat,0.38816671309784306
4045,867.9955,-3.947561449188117,-4.308375427328429,Rural_Kilimani,3.986789,709.7,-2.8,29.5,13.35,0.56,Rocky,4.642639596611769,0.2057802998489418,13.5,7.130604343112857,potato,0.5281929143046561
4046,762.6136,-4.39362507938413,-0.7362161395542792,Rural_Kilimani,1.271544,1260.2,-3.2,27.8,12.3,0.59,Volcanic,5.576790550406861,0.796280982023831,6.3,1.9044857150000702,coffee,0.302299319841281
4047,692.01,-2.67245026388032,-3.781335532410932,Rural_Kilimani,4.2100663,654.7,-4.4,30.8,13.2,0.55,Sandy,5.993882098260404,0.2022013371686771,4.2,2.3333996992237793,wheat,0.5555713569580427
4048,753.67505,-10.061787168137514,0.371919024118408,Rural_Sokoto,1.9299575,2164.6,-2.5,31.8,14.65,0.66,Volcanic,4.793896018575913,0.3318868565193759,5.2,3.6857492320152314,tea,0.7087979292336983
4049,452.0755,-0.888195743096265,-3.5561048080872157,Rural_Kilimani,6.5687,524.4,-6.7,31.0,12.15,0.55,Loamy,6.023989149246999,0.017753833921787,3.1,1.980983979272632,potato,0.6390270900879458
4050,673.7884,-9.093063122762333,-0.6145915484194722,Rural_Sokoto,5.9810476,1829.2,-3.5,28.7,12.6,0.65,Volcanic,5.880705169535235,0.1269296791607453,4.8,2.986201276728676,coffee,0.6221252659851408
4051,836.71814,-4.299005521463762,-6.173285824728805,Rural_Kilimani,1.8855658,578.5,-3.2,27.4,12.1,0.54,Sandy,6.353773840779723,0.2595368252285706,13.9,7.927806474043068,maize,0.5703457894995013
4052,680.64056,-7.9396056547807214,-0.8578407306890863,Rural_Sokoto,3.4684234,1528.8,-3.7,29.3,12.8,0.62,Volcanic,5.893548007143155,0.2936048370892929,7.8,4.259463380833761,coffee,0.5460850488248412
4053,583.91705,-8.354129432336613,-5.362455217163425,Rural_Hawassa,0.71934515,1100.0,-5.0,29.8,12.4,0.58,Loamy,5.132748232089205,0.3492926468597437,9.7,5.554340054680054,cassava,0.5726123767711396
4054,710.03217,-10.647527288596926,-0.4659392703658189,Rural_Sokoto,10.273335,2181.8,-2.8,32.0,14.6,0.69,Volcanic,5.870931114663142,0.3477429692110741,3.5,2.350565314527169,coffee,0.6715900898649055
4055,637.4396,-5.511037001491314,-1.8083143873351717,Rural_Hawassa,13.589726,937.9,-4.7,32.1,13.7,0.61,Sandy,6.48518364232195,0.8201230173826074,1.1,0.4259607275004307,wheat,0.3872370250003915
4056,699.0407,-3.618645843083984,-0.8127945858243428,Rural_Kilimani,21.801577,1222.4,-3.8,29.2,12.7,0.65,Volcanic,5.067819379181225,0.5666632704931422,0.5,0.21905914025482187,cassava,0.43811828050964374
4057,800.28613,-4.938813960734812,-5.583181327000667,Rural_Kilimani,2.567094,549.8,-3.5,31.4,13.95,0.54,Sandy,5.819336379652271,0.3061022951174105,7.4,4.473000918653325,potato,0.6044595836018006
4058,716.64703,-1.2396398153719126,-2.866898791656641,Rural_Kilimani,3.6713803,959.6,-3.9,32.4,14.25,0.58,Sandy,6.053421858392377,0.0550870692601142,11.1,6.055193689284423,wheat,0.5455129449805787
4059,831.5703,-3.6501856957241055,-1.2497421910123536,Rural_Kilimani,22.719494,1281.5,-2.6,28.8,13.1,0.66,Volcanic,3.731030100784973,0.5877790640173081,0.6,0.22656646832553498,tea,0.3776107805425583
4060,589.9339,-1.3703049191667045,-5.794898207864961,Rural_Kilimani,9.090106,341.2,-5.6,30.0,12.2,0.55,Loamy,6.737190978470862,0.1396822401307059,4.8,3.3620404425033468,wheat,0.7004250921881973
4061,718.25885,-8.69205642490935,0.7638204844416754,Rural_Sokoto,1.213796,1853.4,-3.1,30.1,13.5,0.64,Volcanic,4.141037596837302,0.079132740499919,11.7,9.418837550288062,tea,0.8050288504519711
4062,762.59357,-3.785356492753202,-5.988596630783357,Rural_Kilimani,10.501765,498.8,-3.9,29.8,12.95,0.56,Sandy,6.107260040522119,0.2252224812468793,2.4,1.3704794703609686,potato,0.5710331126504036
4063,803.8697,-3.578094603975256,-3.375920228628241,Rural_Kilimani,1.2177876,809.5,-3.3,29.1,12.9,0.56,Sandy,4.890701227412774,0.2911907164464862,11.0,6.0694261949753985,potato,0.5517660177250362
4064,461.33395,-11.83703030245296,-9.146331385801869,Rural_Akatsi,14.510023,1959.5,-5.3,30.9,12.8,0.68,Silt,5.817231928544758,0.0386022710568728,1.2,0.6638942015103958,coffee,0.5532451679253299
4065,275.5069,-12.751686029016504,-7.619267074887067,Rural_Akatsi,5.181621,1657.5,-7.3,34.2,13.45,0.63,Silt,6.968184603416994,0.0029467183726714,3.3,1.6320313858166846,rice,0.49455496539899535
4066,406.14792,-11.67933103925235,-8.979660649802318,Rural_Akatsi,5.407358,1896.5,-5.9,32.7,13.400000000000002,0.65,Silt,7.311265916217016,0.0869814025660868,4.6,2.128706752144215,rice,0.4627623374226555
4067,740.85724,-5.488508535319799,-4.290356969382532,Rural_Kilimani,23.218296,608.9,-4.0,30.8,13.4,0.61,Sandy,5.769626057752448,0.2307643606452209,2.0,1.23453065620134,potato,0.61726532810067
4068,835.9614,-7.655746981019622,-0.4839577283117162,Rural_Sokoto,17.208403,1666.6,-2.2,33.3,15.55,0.67,Volcanic,3.872331259406689,0.3862304251521289,2.0,1.142311352986352,tea,0.571155676493176
4069,846.53656,-1.2126056559660938,-1.1821729737152384,Rural_Kilimani,12.460382,1523.4,-2.2,33.7,15.750000000000002,0.65,Volcanic,5.570436255521986,0.0307614828653465,1.0,0.5142890084949352,cassava,0.5142890084949352
4070,898.9072,-2.2714435660273367,-1.677680567227416,Rural_Kilimani,11.967961,1362.3,-1.9000000000000004,29.9,14.0,0.63,Volcanic,5.136077767741556,0.187419477036188,1.0,0.3901108120017829,coffee,0.3901108120017829
4071,764.915,-4.767597617831292,-1.384880625606584,Rural_Kilimani,12.890582,1138.7,-3.3,32.7,14.7,0.62,Sandy,4.511513842713361,0.8397947614374512,1.7,0.5569405237351819,tea,0.3276120727854011
4072,340.18655,-11.476574843708708,-6.997630275753608,Rural_Hawassa,8.54306,1743.9,-6.7,34.4,13.85,0.65,Silt,6.214864725804857,0.0119152694514281,3.1,1.4862589560817823,banana,0.47943837292960717
4073,609.064,-12.913890985451417,-8.898577589045779,Rural_Akatsi,15.938272,1999.3,-3.9,33.3,14.7,0.69,Silt,6.271547446629534,0.001118476855631,0.6,0.38152649813898326,banana,0.6358774968983054
4074,951.6372,-4.39362507938413,-3.785840146897407,Rural_Kilimani,3.8455176,864.2,-1.9000000000000004,28.6,13.35,0.57,Rocky,4.844930117517618,0.208657759624501,9.8,4.431767401269813,cassava,0.45222116339487883
4075,780.54675,-10.69708991417426,0.5340851456314841,Rural_Sokoto,8.143222,2285.6,-2.1,30.2,14.05,0.69,Volcanic,5.823076327512192,0.261641939246527,2.3,1.5828273173031941,coffee,0.6881857901318236
4076,803.7905,-2.014619051672057,-3.429975602465934,Rural_Kilimani,24.292137,874.9,-3.2,30.6,13.7,0.63,Sandy,5.831963433180319,0.153242644110203,1.7,1.0124564290794045,potato,0.5955626053408262
4077,542.98846,-1.1945828830288807,-3.785840146897407,Rural_Kilimani,3.1667917,560.1,-5.9,33.5,13.8,0.54,Loamy,5.812885760415658,0.029533390585848,11.2,7.700246267865725,wheat,0.6875219882022969
4078,789.961,-2.298477725433157,-7.335476362239185,Rural_Kilimani,2.4811091,605.7,-3.6,31.0,13.7,0.55,Sandy,5.808687280102219,0.0963602382702726,6.3,3.5996089681257004,wheat,0.5713665028770953
4079,881.91077,-3.361821328728704,-4.20476929413952,Rural_Kilimani,15.846015,756.4,-2.6,30.9,14.15,0.6,Rocky,4.941932429682479,0.1875124885512047,1.8,0.8259074152363011,tea,0.45883745290905614
4080,785.6721,-1.8794482546429627,-3.2678094809528577,Rural_Kilimani,28.229462,899.3,-3.3,30.4,13.55,0.65,Sandy,5.8844717389708245,0.1429004352316657,0.9,0.47936358350117103,wheat,0.53262620389019
4081,805.2875,-4.285488441760853,-1.880388219118761,Rural_Kilimani,19.509314,1095.0,-3.0,28.9,12.95,0.64,Sandy,6.433786930383824,0.6070672517017193,0.8,0.3547837504218708,wheat,0.4434796880273385
4082,524.59094,-2.415625749525038,-6.159771981269382,Rural_Kilimani,29.933693,264.8,-6.3,32.2,12.95,0.61,Loamy,5.7239677756452965,0.3542625501919017,1.0,0.596362190094464,potato,0.596362190094464
4083,851.9265,-4.506267410241708,-2.916449551007859,Rural_Kilimani,41.812027,919.3,-2.7,28.8,13.05,0.69,Sandy,4.557712696625924,0.2680258535889382,1.1,0.5319733565352225,cassava,0.4836121423047477
4084,425.11072,-10.260037670446852,-5.35795060267695,Rural_Hawassa,4.4102235,1580.5,-6.0,32.0,13.0,0.63,Silt,7.434832254761011,0.1305120772190109,2.2,0.9704257441523196,wheat,0.4411026109783271
4085,788.62103,-5.132558769809849,-4.430000018463237,Rural_Kilimani,11.768921,617.5,-3.6,30.2,13.3,0.58,Sandy,6.05058672324267,0.248061870768482,1.5,0.8873862762014648,potato,0.5915908508009765
4086,722.346,-6.231947918979822,-7.7363870515354,Rural_Amanzi,7.3366523,787.5,-4.1,33.0,14.45,0.57,Sandy,5.250039486752406,0.3867569667637633,4.1,2.311276700436091,potato,0.5637260244966076
4087,664.04834,-8.09279922474703,-6.502122682241432,Rural_Akatsi,4.6953115,1125.4,-4.2,29.2,12.5,0.59,Sandy,5.02765636019922,0.2472384400243097,3.1,1.5592104108930984,cassava,0.5029711002880962
4088,474.39792,-5.353337738290703,0.4980482297396895,Rural_Kilimani,21.281292,1079.4,-6.0,29.4,11.7,0.64,Loamy,6.2472426547060405,0.7545687200975754,1.3,0.4344249176785678,coffee,0.3341730135988983
4089,694.7256,-10.088821327543332,-0.1371024128531921,Rural_Sokoto,40.337124,2090.7,-3.1,30.4,13.65,0.78,Volcanic,4.117410357503585,0.3784683464573638,1.8,1.199217617007141,tea,0.6662320094484115
4090,392.48022,-10.647527288596926,-5.371464446136373,Rural_Hawassa,8.719063,1649.3,-6.2,31.1,12.45,0.64,Silt,6.5769221063927645,0.1000825394538787,3.1,1.58505276003211,coffee,0.5113073419458419
4091,865.6429,-8.42171483085116,-8.083242366993924,Rural_Akatsi,8.507211,1601.4,-2.0,28.4,13.2,0.64,Volcanic,5.685968910944284,0.1026127077182475,3.6,1.882141602944174,coffee,0.5228171119289372
4092,417.85904,-10.79621516532893,-6.596719586457392,Rural_Hawassa,4.172052,1728.0,-5.9,34.3,14.2,0.64,Silt,7.198762684573882,0.1088549145062501,3.3,1.5232819361199486,wheat,0.46160058670301474
4093,227.37833,-11.67933103925235,-6.912042600510596,Rural_Hawassa,5.910511,1649.0,-7.7,32.2,12.250000000000002,0.63,Silt,5.505850945505892,0.0063922176993058,3.9,1.6292079958827135,wheat,0.41774563996992653
4094,525.8007,-1.5370155688359208,-3.6326832543572793,Rural_Kilimani,7.51509,563.4,-6.0,32.4,13.2,0.56,Loamy,5.4193729061557,0.064767556669423,2.4,1.3936442048695887,maize,0.5806850853623287
4095,862.9123,-5.2361897141988205,-5.966073558350986,Rural_Kilimani,13.558989,637.3,-2.9000000000000004,29.2,13.15,0.58,Rocky,4.299068832690896,0.310406996714487,1.0,0.4900076933311942,potato,0.4900076933311942
4096,604.4553,-8.872284154281477,-4.10116316095061,Rural_Hawassa,4.2113376,1354.0,-4.6,29.8,12.6,0.61,Peaty,4.836370526209864,0.0132937080941943,4.8,3.048520295066582,tea,0.6351083948055379
4097,458.53793,-13.022027623074694,-8.538208430127831,Rural_Akatsi,21.051497,1817.2,-5.5,31.2,12.85,0.69,Silt,5.911132900547804,0.0011489085147662,1.4,0.7519152392033267,banana,0.5370823137166619
4098,611.50726,-9.241750999494336,-1.4119083125254297,Rural_Sokoto,19.863173,1731.7,-4.2,31.6,13.7,0.68,Silt,6.308735723054288,0.0594787411592973,0.7,0.37209473379671154,banana,0.5315639054238737
4099,842.6027,-8.282038340587762,-0.7722530554460738,Rural_Sokoto,21.88962,1791.1,-2.0,27.0,12.5,0.7,Volcanic,5.033145964867697,0.1738162877880957,1.9,1.488605059313194,tea,0.7834763470069442
4100,448.15195,-9.124602975402452,-5.781384364405538,Rural_Hawassa,4.2410564,1240.2,-6.1,30.0,11.95,0.6,Peaty,4.226747030977275,0.0694483094810896,2.2,0.8522391873591042,wheat,0.3873814487995928
4101,779.6082,-5.2046498615587,-5.574172098027718,Rural_Kilimani,2.274583,544.5,-3.7,29.5,12.9,0.54,Sandy,5.351868574039873,0.3103974118885026,14.3,8.7394856040974,potato,0.6111528394473706
4102,714.889,-3.068951268498997,-2.4389604154415787,Rural_Kilimani,4.6748857,937.6,-4.0,31.8,13.9,0.58,Sandy,5.250103178730591,0.4015802104465236,4.3,2.2840779600711967,cassava,0.5311809209467899
4103,204.46739,-12.657066471096137,-6.95708874537534,Rural_Hawassa,9.51463,1595.2,-8.0,31.2,11.6,0.64,Silt,5.853613825738778,0.000259947236613,3.3,1.552039475596311,wheat,0.47031499260494275
4104,127.072945,-12.156934522088486,-6.222836584080023,Rural_Hawassa,4.291003,1542.7,-8.7,32.6,11.95,0.62,Silt,5.988698597751236,0.0004683166512099,4.0,2.2431721618319527,rice,0.5607930404579882
4105,657.5039,-8.340612352633704,0.3899374820643053,Rural_Sokoto,8.478437,1697.3,-3.8,33.4,14.8,0.65,Volcanic,4.866191843552238,0.1277932917893453,3.3,2.780677737252336,tea,0.8426296173491927
4106,726.5114,-4.920791187797599,-7.416559422995722,Rural_Kilimani,2.6753478,587.6,-4.2,30.2,13.0,0.54,Sandy,6.33729007255371,0.4399981750771683,11.7,5.919351503670182,maize,0.5059274789461694
4107,548.87335,-10.917868882655114,-9.713912811097634,Rural_Akatsi,19.978725,2031.3,-4.5,33.7,14.6,0.71,Silt,5.654712767775094,0.0166669650485534,1.2,0.7197626765599577,banana,0.5998022304666315
4108,409.58667,-14.360218513662735,-7.033667191645404,Rural_Hawassa,4.9465623,1375.9,-6.2,31.0,12.4,0.61,Peaty,5.815858935717735,3.85343624961785e-09,2.1,1.5431912849000013,rice,0.7348529928095244
4109,720.4365,-2.302983418667459,-3.1371756608451014,Rural_Kilimani,5.6558595,835.5,-4.0,30.4,13.2,0.57,Sandy,5.302995906971088,0.2447524803603682,2.5,1.4597790421241057,potato,0.5839116168496423
4110,820.7167,-4.488244637304495,-3.335378698249972,Rural_Kilimani,14.126306,805.0,-3.1,30.5,13.7,0.6,Sandy,6.230392867610482,0.2176412938389117,1.3,0.4680479479948017,coffee,0.36003688307292436
4111,839.2661,-1.6721863658650165,-1.4344313849578014,Rural_Kilimani,4.1608567,1411.6,-2.4000000000000004,32.4,15.0,0.61,Volcanic,4.980151298265813,0.0740659476313765,3.2,2.1843116989462517,tea,0.6825974059207036
4112,575.008,-7.98015689388945,-4.749827647002914,Rural_Hawassa,2.534044,974.4,-5.2,31.8,13.3,0.57,Loamy,6.669695460340678,0.1111069756940214,8.2,5.668699066969854,wheat,0.6913047642646164
4113,537.936,-5.339820658587794,0.1061467694164219,Rural_Kilimani,4.400891,1117.2,-5.4,34.9,14.75,0.59,Loamy,5.640907606969617,0.853586922568472,4.8,2.007115574839995,wheat,0.4181490780916656
4114,683.3963,-8.00719105329527,1.2413096200079552,Rural_Sokoto,18.484755,1671.4,-3.6,29.4,12.9,0.68,Volcanic,4.216326936715178,0.09577185715839,1.0,0.7653382310169867,tea,0.7653382310169867
4115,239.38506,-11.59372286780059,-8.00666392072386,Rural_Akatsi,1.910388,1686.8,-7.6,32.7,12.55,0.63,Silt,6.089436667457656,0.2595052279120178,8.0,3.335160531345057,banana,0.4168950664181321
4116,656.28357,-8.75063043695529,-1.2902837213906226,Rural_Sokoto,14.069237,1661.9,-3.8,28.0,12.1,0.66,Volcanic,4.241267686944588,0.0853540990385725,1.2,0.9366251759479483,tea,0.7805209799566236
4117,780.1263,-3.988112688296845,-2.9434772379267047,Rural_Kilimani,7.337037,855.0,-3.4000000000000004,30.8,13.7,0.58,Sandy,5.48696900345999,0.3070610162357667,2.3,1.34978438606366,potato,0.5868627765494174
4118,380.64725,-10.715112687111471,-6.137248908837011,Rural_Hawassa,2.9129274,1656.2,-6.3,32.5,13.1,0.63,Silt,7.231992246650394,0.2036150237250137,5.1,1.6881940486262539,banana,0.33101844090710864
4119,522.8882,-10.264543363681156,-7.867020871643157,Rural_Akatsi,3.3785577,1775.8,-4.9,32.4,13.75,0.64,Silt,6.164329788500703,0.0535458685344965,9.2,4.679582156510557,coffee,0.5086502344033215
4120,658.2317,-7.718826686299867,-1.1191083709045977,Rural_Sokoto,3.1784775,1420.9,-4.0,28.8,12.4,0.61,Volcanic,5.016694457694306,0.4153001926073136,6.0,2.3460152201295275,cassava,0.3910025366882546
4121,575.12506,-1.2261227356690032,-6.182295053701754,Rural_Kilimani,46.252945,314.8,-5.8,32.5,13.35,0.66,Loamy,4.621971390970933,0.1155428105833208,1.2,0.6684160473457239,wheat,0.5570133727881033
4122,488.64484,-0.113216506796121,-3.5516001936007404,Rural_Kilimani,8.026031,562.5,-6.3,31.8,12.75,0.56,Loamy,4.928125034366258,0.0021338634386621,3.0,1.7956359666263766,wheat,0.5985453222087922
4123,188.01357,-11.868570155093083,-6.155267366782908,Rural_Hawassa,9.500229,1604.2,-8.1,34.3,13.099999999999998,0.64,Silt,6.771970733225613,0.0028367262014674,4.4,2.1904704192488857,rice,0.4978341861929285
4124,348.9449,-12.256059773243155,-8.25441771747995,Rural_Akatsi,5.3818283,1802.5,-6.5,32.9,13.2,0.64,Silt,7.205590154396892,0.0806093859126626,4.7,2.1694073673319796,rice,0.4615760356025488
4125,695.456,-7.754872232174292,1.106171185413725,Rural_Sokoto,5.7019,1629.1,-3.5,31.4,13.95,0.63,Volcanic,5.07240659319888,0.1575344535162176,3.8,1.6268824812900398,cassava,0.4281269687605368
4126,650.93524,-6.745596947690382,-0.2046716301503073,Rural_Sokoto,4.988417,1330.0,-4.2,30.4,13.1,0.61,Volcanic,5.325614917228105,0.8239169862073354,4.6,1.777440665945491,cassava,0.38640014477075896
4127,476.12823,-7.205177657589306,-0.8488315017161374,Rural_Sokoto,31.238379,1153.5,-5.9,29.6,11.85,0.68,Loamy,5.487135599305201,0.6153766666881154,1.2,0.6743175248751606,cassava,0.5619312707293005
4128,486.5893,-1.041389313062572,-4.326393885274327,Rural_Kilimani,6.27871,396.3,-6.5,33.8,13.65,0.54,Loamy,5.000564186585238,0.0156771378819868,2.6,1.6368067379043605,potato,0.6295410530401386
4129,588.40454,-7.029455621451481,-1.0200068522021624,Rural_Sokoto,24.032827,1213.6,-4.8,32.0,13.6,0.66,Silt,5.612920928146672,0.6955704405236491,0.6,0.21965695763681206,wheat,0.3660949293946868
4130,397.7325,-11.215244636119124,-8.885063745586356,Rural_Akatsi,14.190599,1860.2,-6.0,31.6,12.8,0.68,Silt,5.772249505835843,0.1129207308311951,1.0,0.5203699718912876,banana,0.5203699718912876
4131,516.66833,-7.106052406434635,-1.4119083125254297,Rural_Sokoto,22.390823,1095.4,-5.6,32.6,13.5,0.64,Loamy,6.286629902063576,0.7001855693506001,1.2,0.572358084898878,maize,0.476965070749065
4132,823.0869,-4.186363190606183,-2.988523382791448,Rural_Kilimani,16.863358,883.1,-3.0,28.7,12.85,0.61,Sandy,5.3123025910998285,0.2789932216147744,0.9,0.5305159650350911,potato,0.5894621833723235
4133,525.43884,-9.066028963356512,-3.236277179547537,Rural_Hawassa,3.1260478,1406.5,-5.2,32.5,13.65,0.61,Peaty,4.631790029227584,0.0091383008499776,13.2,4.753417087145369,cassava,0.3601073550867704
4134,405.153,-11.746916437766895,-8.907586818018727,Rural_Akatsi,8.905137,1893.7,-5.9,32.5,13.3,0.66,Silt,6.039752149434551,0.1015196156836152,4.0,2.395473102782178,rice,0.5988682756955445
4135,638.46826,-2.2489150998558216,-4.074135474031764,Rural_Kilimani,2.0179746,565.1,-5.0,28.9,11.95,0.54,Sandy,5.276412372773488,0.1145125797783302,8.2,3.550507953330648,maize,0.4329887747964205
4136,806.12286,-7.218694737292215,-8.056214680075078,Rural_Akatsi,3.2325597,1164.5,-2.9000000000000004,28.4,12.75,0.59,Sandy,5.384309727439191,0.1076134259115525,6.4,2.8709184513397563,wheat,0.44858100802183687
4137,753.99097,-3.4699579663519806,-0.7272069105813304,Rural_Kilimani,4.7273865,1302.6,-3.3,31.9,14.3,0.61,Volcanic,4.635884724927828,0.4979067641025358,3.4,1.350037105445391,cassava,0.39706973689570324
4138,907.3775,-3.75381664011308,-3.8624185931674697,Rural_Kilimani,20.080126,823.5,-2.3,29.6,13.65,0.62,Sandy,6.217163666663888,0.2221946861122176,1.5,0.5218610123282805,coffee,0.34790734155218705
4139,515.35736,-6.267993464854246,-1.8668743756593376,Rural_Hawassa,5.6665473,872.3,-5.8,30.8,12.5,0.58,Loamy,6.720964590776927,0.7894075086041435,4.5,2.3746120656576712,wheat,0.5276915701461492
4140,743.5268,-2.906746312064083,-0.8758591886349836,Rural_Kilimani,2.336537,1306.1,-3.4000000000000004,31.4,14.0,0.6,Volcanic,4.546427661396951,0.2933505419235707,11.2,4.4271003015698405,cassava,0.39527681264016434
4141,404.62216,-9.908593598171205,-7.511156327211684,Rural_Akatsi,8.008636,1535.3,-6.2,33.4,13.6,0.63,Silt,5.857235023672271,0.0438942578565802,3.1,2.0835158778262826,rice,0.6721018960729943
4142,760.4479,-8.66502226550353,-0.2767454619338967,Rural_Sokoto,28.857374,1841.9,-2.7,31.1,14.2,0.72,Volcanic,4.998235134398227,0.1198980710984877,1.7,0.9659292846022306,banana,0.5681936968248416
4143,517.1121,-10.719618380345777,-9.529223617152184,Rural_Akatsi,9.16555,1963.3,-4.8,33.1,14.15,0.67,Silt,7.161318145145814,0.0353781076537572,4.8,2.3599133871597315,banana,0.49164862232494405
4144,845.8162,-0.7890704919415956,-2.6461726818193982,Rural_Kilimani,12.836225,1177.4,-2.5,33.3,15.4,0.62,Sandy,6.210247000591107,0.0198198283212282,1.2,0.47461608911058195,coffee,0.39551340759215164
4145,391.97858,-0.5998313761008625,-4.2993661983554805,Rural_Kilimani,13.170147,301.0,-7.5,32.4,12.45,0.56,Loamy,5.5836643523436775,0.0056237778791878,1.1,0.545277062863137,banana,0.49570642078467
4146,403.9223,-10.827755017969052,-5.632732086351885,Rural_Hawassa,0.8834895,1705.2,-6.0,33.4,13.7,0.62,Silt,5.892485136252389,0.1193677696549277,12.9,6.188166856081057,banana,0.47970285706054705
4147,557.8204,-6.790653880033414,-1.389385240093058,Rural_Sokoto,16.75948,1081.8,-5.2,31.3,13.05,0.63,Loamy,4.90780211285303,0.7818890582274265,1.4,0.6618037558064827,potato,0.47271696843320193
4148,590.2136,-2.2579264863244277,-4.569643067543941,Rural_Kilimani,22.88297,437.9,-5.5,32.0,13.25,0.6,Loamy,6.37691187619061,0.0987871405016084,0.8,0.4749943558880825,potato,0.593742944860103
4149,626.6347,-5.799401368486716,-1.803809772848697,Rural_Hawassa,8.924165,948.2,-4.7,28.5,11.9,0.59,Loamy,5.0539080045151135,0.829525443907846,3.9,1.9913275340367835,potato,0.5105968035991753
4150,353.97833,-11.616251333972103,-8.736411467532703,Rural_Akatsi,6.4439297,1832.2,-6.4,34.9,14.25,0.65,Silt,7.394642499685707,0.1775199953525955,4.8,1.9598478254498342,wheat,0.4083016303020488
4151,745.4009,-3.222144838465306,-1.3533483242012634,Rural_Kilimani,1.6751271,1196.6,-3.4000000000000004,33.8,15.2,0.59,Sandy,4.9508771589227605,0.4216196117458162,5.2,2.474488706517996,cassava,0.4758632127919223
4152,239.39554,-13.914154883466722,-7.799451654346041,Rural_Hawassa,10.252924,1348.2,-7.9,32.8,12.45,0.63,Silt,6.275637158298556,2.3353117367321715e-07,2.3,1.222054684428754,wheat,0.5313281236646757
4153,296.4645,-0.5953256828665587,-3.4660125183577284,Rural_Kilimani,8.064415,387.8,-8.3,31.0,11.35,0.55,Loamy,6.547473506562094,0.0089122910979381,4.1,2.7958447102434634,wheat,0.6819133439618204
4154,555.8948,-5.407406057102342,0.6737281947121887,Rural_Kilimani,5.368562,1179.2,-5.1,31.8,13.35,0.6,Loamy,5.489491207010452,0.6969800554299628,3.2,1.3644393062191065,wheat,0.42638728319347075
4155,650.3974,-3.7132654010043513,-5.772375135432589,Rural_Kilimani,10.567872,381.9,-5.0,29.9,12.45,0.55,Sandy,6.325565648108775,0.2248948898253654,4.3,2.1832441382544467,potato,0.5077311949428946
4156,744.67255,-10.350151535132916,-0.0650285810696027,Rural_Sokoto,14.573233,2188.4,-2.5,29.5,13.5,0.7,Volcanic,4.830868975870639,0.38796060532809,1.4,0.9633005741694127,tea,0.6880718386924377
4157,592.14777,-8.038730905935392,-2.258775835982606,Rural_Sokoto,4.9671154,1278.1,-4.7,31.8,13.55,0.6,Peaty,4.138111744944263,0.2223532218627764,2.4,0.806927818931565,cassava,0.33621992455481875
4158,437.19568,-13.864592257889386,-6.830959539754059,Rural_Hawassa,4.914462,1566.7,-5.9,30.2,12.15,0.63,Silt,7.395474925947667,3.8223125983866535e-08,3.0,1.0107511137106644,banana,0.33691703790355476
4159,801.72235,-3.8754703574392657,-1.6146159644167752,Rural_Kilimani,4.1848564,1165.8,-3.0,28.6,12.8,0.59,Sandy,5.486248773999757,0.6118480737642773,3.1,1.639586337177279,cassava,0.5288988184442835
4160,462.43173,-12.58948107258159,-8.425593067965973,Rural_Akatsi,23.303616,1891.5,-5.4,33.8,14.2,0.71,Silt,6.497387017543906,0.0179947584265917,0.9,0.4923810622120302,coffee,0.547090069124478
4161,882.82166,-3.159065133185061,-2.6912188266841417,Rural_Kilimani,7.917485,1070.4,-2.2,27.2,12.5,0.6,Rocky,5.318551123076851,0.3988981509199198,2.8,1.4606261336584907,potato,0.5216521905923182
4162,734.1671,-1.6947148320365315,-0.7722530554460738,Rural_Kilimani,13.914267,1436.2,-3.3,29.1,12.9,0.64,Volcanic,5.418725785730429,0.0612930255094928,1.6,0.7972066464726272,coffee,0.498254154045392
4163,758.30206,-4.154823337966061,-0.4569300413928701,Rural_Kilimani,10.431459,1307.9,-3.2,28.5,12.65,0.62,Volcanic,4.525894874661302,0.6999406431933598,3.4,1.689090876842542,tea,0.4967914343654536
4164,688.9605,-7.142097952309061,-3.177717191223371,Rural_Hawassa,9.628634,998.3,-4.1,32.2,14.05,0.6,Sandy,5.811943488552011,0.1964580217131934,3.9,1.8969390788444893,wheat,0.4863946356011511
4165,427.92392,-11.548665935457558,-4.677753815219325,Rural_Hawassa,5.021097,1833.5,-5.7,31.7,13.0,0.65,Silt,6.926905824857398,0.0151966786664311,2.4,1.2105037929494515,coffee,0.5043765803956048
4166,636.2264,-2.5598079330227392,-4.939021455434837,Rural_Kilimani,12.950918,434.0,-5.1,32.1,13.5,0.57,Loamy,4.6841265935079415,0.1504514298427731,0.7,0.421115503384526,potato,0.6015935762636087
4167,589.0059,-7.160120725246274,-4.596670754462787,Rural_Hawassa,5.479974,739.8,-5.3,28.5,11.6,0.57,Loamy,5.479404506969778,0.1294702342023763,4.9,3.308360101501868,potato,0.6751755309187486
4168,675.3694,-7.912571495374903,1.1422081013055196,Rural_Sokoto,29.976816,1641.7,-3.7,30.5,13.4,0.71,Volcanic,3.775078689320904,0.1226031298720889,0.5,0.34355278584665055,tea,0.6871055716933011
4169,530.0347,-6.988904382342753,-3.317360240304075,Rural_Hawassa,2.0878334,773.7,-5.8,31.1,12.65,0.56,Loamy,5.251126050464275,0.2094285288174089,14.2,9.091862965345635,potato,0.6402720398130729
4170,911.6221,-3.9295386762509033,-4.695772273165223,Rural_Kilimani,5.866698,710.6,-2.4000000000000004,26.4,12.0,0.56,Rocky,4.694874353711424,0.2102534879031984,3.8,1.9651775831188312,potato,0.5171519955575872
4171,719.86426,-8.02521382623248,-6.299415030350088,Rural_Hawassa,0.9958066,1148.3,-3.7,32.4,14.35,0.58,Sandy,5.781938886374474,0.3112878595627927,14.3,8.063362335190117,cassava,0.5638714919713368
4172,790.524,-11.341404046679612,0.0115498652004608,Rural_Sokoto,10.109767,2332.8,-2.0,29.3,13.65,0.7,Volcanic,5.551847721500781,0.2993721727444596,3.2,1.996586445898088,coffee,0.6239332643431524
4173,596.3513,-6.78614818679911,-1.880388219118761,Rural_Hawassa,10.0564375,1038.9,-4.9,33.0,14.05,0.6,Loamy,5.631068483899728,0.7346870852062003,2.9,1.3253296099992478,wheat,0.45701021034456824
4174,755.3858,-10.67005575476844,-0.1506162563126152,Rural_Sokoto,5.599939,2251.5,-2.3,30.8,14.25,0.68,Volcanic,5.661922642259574,0.3683897812928849,2.7,1.7896265676860816,coffee,0.6628246546985487
4175,615.4462,-9.710343095861866,-5.46155673586586,Rural_Hawassa,30.8911,1613.0,-4.2,31.9,13.85,0.71,Silt,5.968239309813869,0.1058825859213401,1.1,0.4985173929413312,coffee,0.4531976299466647
4176,733.92444,-4.18185749737188,-1.303797564850046,Rural_Kilimani,8.640013,1140.8,-3.6,30.5,13.45,0.61,Sandy,5.8735486022788015,0.7526812004777325,3.5,1.7959003527193333,cassava,0.5131143864912381
4177,453.81738,-10.652032981831228,-8.975156035315843,Rural_Akatsi,21.801645,1852.9,-5.5,30.4,12.45,0.7,Silt,6.990447426457794,0.0717979658078355,1.9,0.9275530747984485,coffee,0.4881858288412887
4178,595.85254,-9.80045696054793,-2.569594235549335,Rural_Hawassa,20.654346,1757.0,-4.3,27.7,11.7,0.69,Silt,6.859017599327218,0.0713719066451675,1.4,0.6544759982567707,banana,0.4674828558976934
4179,646.303,-8.196430169136002,-6.799427238348739,Rural_Akatsi,6.602858,1164.3,-4.4,30.0,12.8,0.6,Sandy,6.209735455274939,0.1483786040413983,2.7,1.1671150264983066,coffee,0.4322648246290024
4180,505.16827,-10.278060443384064,-7.993150077264437,Rural_Akatsi,12.688102,1768.7,-5.1,34.3,14.599999999999998,0.66,Silt,6.739726716677756,0.06475178622213,0.5,0.26448584872217684,wheat,0.5289716974443537
4181,693.041,-7.853997483328961,-4.065126245058815,Rural_Hawassa,13.158227,1102.4,-4.0,30.2,13.1,0.62,Sandy,4.954365870515717,0.0533668802805697,1.1,0.5741659919523955,cassava,0.5219690835930868
4182,557.48895,-5.533565467662831,0.5340851456314841,Rural_Kilimani,18.096972,1173.8,-5.2,31.5,13.15,0.64,Loamy,6.032539411387871,0.7806295788239378,0.9,0.42983770647785563,wheat,0.4775974516420618
4183,798.3965,-3.988112688296845,-5.231821397055668,Rural_Kilimani,50.53683,549.5,-3.5,29.7,13.1,0.69,Sandy,5.177393187226223,0.232145276465526,1.4,0.8618573071946367,potato,0.6156123622818834
4184,486.6155,-11.044028293215604,-9.276965205909622,Rural_Akatsi,15.16768,1955.9,-5.1,32.0,13.45,0.69,Silt,5.886312983769587,0.0334592011132899,0.8,0.4409472312598811,coffee,0.5511840390748514
4185,553.2136,-6.961870222936934,-1.4749729153360704,Rural_Sokoto,4.241006,1095.0,-5.3,32.3,13.499999999999998,0.59,Loamy,6.6738144475951815,0.7435661188338978,4.6,2.385562621292086,wheat,0.5186005698461057
4186,770.156,-9.895076518468295,-0.2001670156638328,Rural_Sokoto,19.323088,2148.9,-2.2,30.6,14.2,0.71,Volcanic,5.3721674145573335,0.3490792430713996,2.0,1.1518408976381873,coffee,0.5759204488190937
4187,358.4658,-10.971937201466751,-6.556178056079124,Rural_Hawassa,3.5622883,1693.8,-6.5,32.5,13.0,0.63,Silt,6.523888820929853,0.0778565435644934,14.7,7.609090598417596,wheat,0.5176252107767072
4188,499.9004,-10.138383953120666,-4.353421572193173,Rural_Hawassa,4.6231837,1641.6,-5.3,31.2,12.95,0.63,Silt,6.481687655490516,0.0826215119011667,2.0,1.0883440420290356,wheat,0.5441720210145178
4189,677.217,-9.241750999494336,-0.7181976816083819,Rural_Sokoto,10.32578,1860.5,-3.5,29.2,12.85,0.66,Volcanic,4.827427286201549,0.1335545049038759,4.2,3.7341768342184034,tea,0.8890897224329531
4190,778.2221,-3.3032473166827625,-3.3128556258176003,Rural_Kilimani,9.842653,806.6,-3.5,28.4,12.45,0.58,Sandy,4.820236968743511,0.3178423367887534,3.6,1.734795645846933,tea,0.4818876794019258
4191,746.0196,-2.348040351010491,-7.858011642670207,Rural_Kilimani,45.870274,617.9,-4.0,31.4,13.7,0.68,Sandy,5.821101806413241,0.0327818870702233,1.9,1.0406230039765383,maize,0.5476963178823886
4192,396.96332,-6.096777121950726,-1.7362405555515823,Rural_Hawassa,13.099644,750.9,-7.0,33.5,13.25,0.59,Loamy,5.966697782102539,0.8347949355145007,1.2,0.5836735959585235,wheat,0.4863946632987696
4193,481.1299,-11.314369887273791,-9.195882145153083,Rural_Akatsi,25.295517,1968.8,-5.1,31.9,13.4,0.72,Silt,5.847790421819043,0.0438023039705002,0.5,0.31475657245162914,rice,0.6295131449032583
4194,738.676,-3.888987437142175,-2.94798185241318,Rural_Kilimani,13.317369,814.8,-3.8,29.6,12.9,0.6,Sandy,5.1222589683343145,0.3180005005689971,0.5,0.2816262322441194,potato,0.5632524644882388
4195,60.09902,-12.10737189651115,-6.848977997699955,Rural_Hawassa,9.704466,1500.9,-9.2,35.5,13.15,0.64,Silt,5.710567400812646,0.0014409743615236,2.8,1.2455066880413321,banana,0.44482381715761865
4196,573.4644,-5.790389982018111,-4.119181618896508,Rural_Hawassa,29.691816,486.7,-5.6,31.2,12.8,0.62,Loamy,5.257207159808066,0.2078613098993705,0.8,0.43057759132623163,maize,0.5382219891577895
4197,409.7503,-12.643549391393227,-8.50667612872251,Rural_Akatsi,24.031214,1830.4,-5.9,34.7,14.400000000000002,0.7,Silt,5.237430356642572,0.0125642119232756,0.7,0.39499225681463135,rice,0.5642746525923306
4198,599.60376,-6.754608334158988,-3.8849416655998414,Rural_Hawassa,8.18987,714.6,-5.2,35.1,14.95,0.57,Loamy,5.275878393829813,0.1559932204898485,4.5,2.7381978644630016,wheat,0.6084884143251115
4199,596.5701,-2.113744302826726,-5.903008955540345,Rural_Kilimani,21.274605,344.0,-5.6,32.1,13.25,0.58,Loamy,6.235263784190966,0.3272756585486885,1.7,0.9624590918866662,potato,0.5661524069921566
4200,832.9359,-3.465452273117677,-4.839919936732401,Rural_Kilimani,2.6541166,625.4,-3.2,29.3,13.05,0.55,Sandy,5.839186844120063,0.1802444629309411,7.4,4.671507045392406,potato,0.6312847358638387
4201,476.65396,-9.381427489757735,-5.704805918135474,Rural_Hawassa,5.297533,1359.1,-5.7,29.5,11.9,0.61,Peaty,4.283681087342934,0.0849654347740717,4.4,1.656057999634329,cassava,0.3763768180987111
4202,918.5875,-8.43523191055407,-0.9659514783644704,Rural_Sokoto,7.4463067,1888.8,-1.1999999999999993,28.6,13.7,0.66,Volcanic,5.718098961881513,0.1416308925075402,3.3,2.3457370195298703,tea,0.7108293998575366
4203,312.8353,-11.643285493377924,-8.30847309131764,Rural_Akatsi,17.718699,1775.6,-6.8,35.0,14.1,0.68,Silt,5.733733706633859,0.2920423062582886,1.1,0.5911840980450782,rice,0.5374400891318892
4204,762.53955,-5.434440216508161,-5.916522798999768,Rural_Kilimani,11.762594,549.4,-3.9,31.3,13.7,0.57,Sandy,4.721305077197394,0.3058981427621678,1.8,0.8508844800202742,tea,0.4727136000112634
4205,792.7913,-2.609370558600075,-1.2452375765258792,Rural_Kilimani,8.354928,1313.3,-2.9000000000000004,28.9,13.0,0.62,Volcanic,5.955309519456448,0.226746629256991,3.2,1.654399855637302,coffee,0.5169999548866568
4206,262.12143,-13.30138060360149,-7.452596338887518,Rural_Hawassa,10.904317,1549.0,-7.4,32.4,12.5,0.64,Silt,5.5738243055588335,3.322258054012453e-05,2.3,1.3605620164022845,rice,0.5915487027836019
4207,543.03735,-11.58020578809768,-5.375969060622848,Rural_Hawassa,5.0293074,1954.5,-4.6,32.0,13.7,0.66,Silt,7.118356484611053,0.00579175910478,4.9,2.312023267668976,coffee,0.4718414831977501
4208,704.411,-4.713529299019655,-7.533679399644055,Rural_Kilimani,0.2587591,568.3,-4.4,30.5,13.05,0.54,Sandy,6.39906514990829,0.4012241329755318,14.3,7.23510935504029,maize,0.5059517031496706
4209,718.5922,-7.209683350823608,-3.5470955791142664,Rural_Hawassa,26.43283,995.1,-3.9,31.4,13.75,0.65,Sandy,5.726766884797005,0.1208422041043834,2.0,1.2122519304280037,cassava,0.6061259652140019
4210,683.89624,-8.538862854943043,-3.9615201118699055,Rural_Hawassa,2.413139,1331.9,-3.9,30.8,13.45,0.6,Volcanic,5.811751317064942,0.0208671266418906,5.3,2.9636223562252577,coffee,0.5591740294764638
4211,450.88907,-9.295819318305975,-5.65975977327073,Rural_Hawassa,6.6875744,1301.7,-6.0,30.8,12.4,0.61,Peaty,5.907780820768412,0.0706385549271604,3.8,2.794700824169103,rice,0.7354475853076587
4212,605.6514,-6.4347041145234645,-3.1011387449533068,Rural_Hawassa,12.42145,772.7,-5.1,30.5,12.7,0.59,Loamy,4.559194841745592,0.5210026152737686,2.0,0.9614930375570777,wheat,0.48074651877853886
4213,452.03543,-10.79621516532893,-5.560658254568295,Rural_Hawassa,3.0474973,1740.7,-5.6,30.3,12.35,0.63,Silt,6.736840949647736,0.1143700587593116,5.0,2.194862283706996,banana,0.4389724567413993
4214,355.6633,-10.075304247840425,-6.961593359861815,Rural_Akatsi,16.834068,1498.2,-6.7,31.0,12.15,0.66,Silt,6.200596026435438,0.0780978581546009,1.9,1.2388823727170193,rice,0.6520433540615891
4215,865.08936,-8.313578193227883,-0.961446863877996,Rural_Sokoto,8.987096,1802.5,-1.8000000000000007,28.8,13.5,0.66,Volcanic,5.980590818643125,0.171808272291275,4.0,2.2767127924549797,coffee,0.5691781981137449
4216,738.8819,-6.9934100755770565,-6.303919644836561,Rural_Akatsi,18.748241,841.8,-3.8,30.1,13.15,0.61,Sandy,4.995368638058013,0.2639109486946921,0.8,0.3370628878908065,wheat,0.4213286098635081
4217,264.63663,-12.823777120765357,-7.123759481374891,Rural_Hawassa,4.314394,1648.1,-7.3,33.2,12.95,0.63,Silt,7.013342060426556,0.000245655699538,4.3,1.4850609562616839,banana,0.34536301308411255
4218,356.41638,-13.522159572082344,-6.610233429916817,Rural_Hawassa,2.1270504,1582.7,-6.6,31.8,12.6,0.62,Silt,7.285254165941158,1.6875238101327026e-07,6.5,3.2905875612397875,rice,0.5062442401907365
4219,834.94904,-6.042708803139089,-7.619267074887067,Rural_Amanzi,4.1931214,860.3,-2.9000000000000004,32.6,14.85,0.57,Sandy,4.9985368463492845,0.4394628753237193,2.8,1.1987830771296617,tea,0.4281368132605935
4220,453.6528,-14.585503175377893,-7.29943944634739,Rural_Hawassa,11.694268,1324.2,-6.0,31.4,12.7,0.63,Silt,5.768430653366187,7.682511943010123e-10,3.7,1.8828630330165261,wheat,0.5088819008152773
4221,776.715,-5.416417443570948,-7.52917478515758,Rural_Amanzi,10.713464,697.5,-3.6,32.2,14.3,0.58,Sandy,5.369428806943475,0.4366715149135101,2.2,0.9289487869721063,maize,0.42224944862368463
4222,481.5742,-1.4288789312126458,-5.029113745164324,Rural_Kilimani,14.069583,285.7,-6.7,31.2,12.25,0.56,Loamy,6.162120719505717,0.064775674398667,1.4,0.9476710710907956,wheat,0.676907907921997
4223,530.18286,-6.092271428716423,-1.2632560344717765,Rural_Sokoto,2.8551886,973.8,-5.6,32.5,13.45,0.57,Loamy,5.146872876799409,0.8845826366366081,5.2,1.9777917804446095,wheat,0.38034457316242487
4224,657.6658,-8.061259372106907,-6.434553464944316,Rural_Akatsi,12.37043,1088.3,-4.5,32.1,13.8,0.61,Sandy,5.406092257055294,0.2731014727589116,1.3,0.7052731843426345,potato,0.5425178341097189
4225,626.2924,-2.5507965465541336,-4.303870812841955,Rural_Kilimani,5.51878,503.2,-5.2,30.1,12.45,0.55,Loamy,5.330529622060453,0.1259620189517403,2.9,1.9826233050609245,potato,0.6836632086416982
4226,413.29172,-14.409781139240067,-7.858011642670207,Rural_Hawassa,9.636285,1350.3,-6.3,32.7,13.2,0.62,Silt,5.886442208676361,1.6943290178562252e-09,2.2,1.1336561976138613,wheat,0.5152982716426642
4227,710.7283,-8.498311615834314,0.5115620731991124,Rural_Sokoto,13.412781,1793.9,-3.2,30.2,13.5,0.67,Volcanic,4.747291503056009,0.1038044627498331,1.0,0.5086221180158417,banana,0.5086221180158417
4228,600.7139,-9.850019586125264,-1.7857913149027995,Rural_Sokoto,41.381054,1839.0,-4.2,32.6,14.2,0.76,Silt,5.413599920805768,0.2545346608949652,1.3,0.6530280127467497,banana,0.5023292405744229
4229,516.38165,-10.052775781668906,-5.425519819974065,Rural_Hawassa,9.990134,1616.4,-5.1,32.3,13.599999999999998,0.65,Silt,5.52348284299026,0.1443897800473635,5.0,2.181010086760718,cassava,0.43620201735214353
4230,184.3587,-11.994729565653572,-6.682307261700406,Rural_Hawassa,23.661808,1609.5,-8.2,32.9,12.35,0.69,Silt,5.528806913291311,0.001221263795127,0.7,0.29206504813736434,banana,0.41723578305337766
4231,953.5467,-4.407142159087039,-2.90744032203491,Rural_Kilimani,26.692478,1029.5,-1.6999999999999993,30.5,14.4,0.65,Sandy,6.024890601140548,0.2746980037704771,1.1,0.6739427738210915,cassava,0.612675248928265
4232,734.42773,-10.223992124572426,0.5701220615232789,Rural_Sokoto,11.31284,2164.0,-2.8,30.1,13.65,0.69,Volcanic,5.780477977844685,0.2827293120662064,3.9,2.612526363912916,coffee,0.6698785548494657
4233,627.9532,-9.4760470476781,-2.821852646791898,Rural_Hawassa,21.707325,1678.2,-4.1,33.4,14.65,0.69,Silt,7.039679831516365,0.0119739484844552,1.6,0.7003233431148463,banana,0.4377020894467789
4234,752.66815,-5.664230571457622,-7.168805626239634,Rural_Amanzi,3.9080646,657.2,-3.9,29.5,12.8,0.55,Sandy,5.515292674278727,0.429125508131185,5.6,3.300264098819183,potato,0.5893328747891399
4235,828.1823,-8.06576506534121,-0.93441917695915,Rural_Sokoto,11.9658375,1705.0,-2.2,27.8,12.8,0.66,Volcanic,4.357811842613094,0.2508152427861449,1.1,0.7802888054108672,tea,0.7093534594644246
4236,787.94727,-3.8123906521590207,-5.047132203110221,Rural_Kilimani,9.25118,553.5,-3.6,30.3,13.35,0.56,Sandy,4.965852972818746,0.2118413944212397,2.2,1.0257004043334481,wheat,0.46622745651520364
4237,727.0016,-9.665286163518834,-0.6100869339329977,Rural_Sokoto,3.4253495,2016.8,-2.9000000000000004,30.5,13.8,0.65,Volcanic,5.007622839923688,0.229471018604512,10.6,5.476706784961925,coffee,0.5166704514115024
4238,566.6742,-5.569611013537255,-0.9884745507968422,Rural_Kilimani,7.038305,1015.9,-5.2,30.2,12.5,0.59,Loamy,6.724765785879319,0.9120748088020252,3.9,1.9474573778509505,wheat,0.4993480456028078
4239,569.8732,-7.106052406434635,-1.8984066770646584,Rural_Sokoto,7.4983,1072.7,-5.1,31.7,13.3,0.6,Loamy,6.741752558075242,0.6618038830274027,2.3,1.2392247485437604,wheat,0.5387933689320697
4240,656.49554,-5.749838742909383,-3.713766315113817,Rural_Hawassa,4.744784,624.1,-4.8,28.5,11.85,0.55,Sandy,6.160346904328943,0.2110713895522596,2.5,1.427115681027885,wheat,0.570846272411154
4241,670.61896,-9.809468347016535,-1.0965852984722264,Rural_Sokoto,1.5837094,1956.1,-3.4000000000000004,32.2,14.400000000000002,0.64,Volcanic,4.7637483315756,0.1418014877045739,12.8,7.124771214025049,banana,0.5566227510957069
4242,284.18304,-11.557677321926164,-6.493113453268482,Rural_Hawassa,23.112278,1690.6,-7.2,32.1,12.45,0.69,Silt,5.617095317860549,0.0106506382628233,1.3,0.5688035058199019,banana,0.43754115832300144
4243,883.70197,-1.4378903176812514,-1.7137174831192106,Rural_Kilimani,2.253588,1414.9,-2.0,29.8,13.9,0.61,Volcanic,5.1030872065184765,0.0586263012699277,10.0,6.6222274237788845,tea,0.6622227423778885
4244,600.55426,-2.2263866336843066,-7.06069487856425,Rural_Kilimani,7.0216613,383.6,-5.5,31.4,12.95,0.54,Loamy,4.950621776831675,0.155675271310226,4.4,2.525409143938265,wheat,0.5739566236223329
4245,704.5687,-5.511037001491314,-4.105667775437084,Rural_Kilimani,20.350212,595.4,-4.4,31.2,13.4,0.6,Sandy,4.638462592682826,0.2153593620466263,1.5,0.6049386266472004,maize,0.4032924177648003
4246,786.5131,-7.727838072768472,-7.713863979103029,Rural_Akatsi,11.320654,1249.0,-3.0,29.6,13.3,0.62,Volcanic,4.907665134419917,0.0551721214778975,4.2,1.9918364318339832,cassava,0.4742467694842817
4247,339.65042,-10.985454281169662,-6.596719586457392,Rural_Hawassa,2.636117,1676.9,-6.7,32.9,13.1,0.63,Silt,6.40441804353486,0.0705753068129334,11.4,6.103509603680118,coffee,0.5353955792701858
4248,732.6516,-7.705309606596956,-7.443587109914568,Rural_Akatsi,11.553093,1153.0,-3.6,30.9,13.65,0.62,Sandy,6.127712396142031,0.069766845892669,4.2,2.234547696871814,wheat,0.5320351659218605
4249,501.86124,-5.186627088621487,0.2998451923348186,Rural_Kilimani,3.589403,1092.6,-5.7,30.3,12.3,0.59,Loamy,6.4084893661849085,0.772045482989319,13.9,4.503575152981217,coffee,0.32399821244469185
4250,652.8111,-7.872020256266174,-6.930061058456494,Rural_Akatsi,10.7640505,1071.2,-4.4,31.3,13.45,0.61,Sandy,5.728950861524079,0.1520087488076281,2.2,1.2804069350332454,cassava,0.5820031522878388
4251,594.1389,-7.0790182470288165,-4.276843125923109,Rural_Hawassa,10.153779,748.2,-5.2,30.5,12.65,0.58,Loamy,4.85877661862754,0.1169271053367316,3.5,1.9016951720567357,cassava,0.5433414777304959
4252,623.7997,-10.048270088434602,-5.7183197615948975,Rural_Hawassa,20.052282,1729.7,-4.1,28.5,12.2,0.68,Silt,6.013942887493752,0.2366225477011224,1.9,1.355173182593935,rice,0.7132490434704921
4253,719.28876,-5.168604315684274,-3.8669232076539446,Rural_Kilimani,4.2505984,619.7,-4.2,30.8,13.3,0.55,Sandy,6.461469120877585,0.2045490517739066,2.4,1.3454587931762572,maize,0.5606078304901072
4254,897.41943,-4.578358501990559,-3.722775544086765,Rural_Kilimani,16.637129,816.0,-2.4000000000000004,27.2,12.4,0.61,Rocky,5.8325389418685605,0.2043879927497637,1.5,0.49352408713311335,coffee,0.32901605808874224
4255,272.22507,-12.828282813999657,-7.6553039907788625,Rural_Hawassa,2.4808931,1648.9,-7.3,31.5,12.1,0.62,Silt,6.9012175544466965,0.0021186859413821,14.7,7.4478671607422955,rice,0.5066576299824691
4256,887.50085,-3.591611683678165,-4.195760065166571,Rural_Kilimani,10.776388,756.2,-2.5,27.9,12.7,0.58,Rocky,5.778527299782863,0.1965749469654887,4.8,2.8450699346431603,wheat,0.5927229030506584
4257,628.1775,-7.890043029203387,-4.930012226461888,Rural_Hawassa,11.918718,992.0,-4.7,35.1,15.2,0.6,Loamy,4.585088703206895,0.1502406736679468,1.0,0.5505829770702344,cassava,0.5505829770702344
4258,359.1756,-10.931385962358023,-6.321938102782458,Rural_Hawassa,26.82825,1681.6,-6.5,35.8,14.65,0.7,Silt,5.303239775585852,0.1157360447010458,0.7,0.39768904973204705,rice,0.5681272139029244
4259,746.72253,-3.7988735724561113,-0.8172992003108173,Rural_Kilimani,6.719314,1261.2,-3.4000000000000004,33.5,15.05,0.61,Volcanic,4.396698359023128,0.6387000952316568,4.4,1.5836767633683637,cassava,0.35992653712917355
4260,783.2319,-7.718826686299867,-0.5019761862576135,Rural_Sokoto,7.8237333,1623.6,-2.7,28.8,13.05,0.64,Volcanic,4.72025137092061,0.3595097506738069,3.6,2.5463476043283957,tea,0.7073187789801099
4261,662.178,-6.659988776238622,0.4034513255237284,Rural_Sokoto,6.1281085,1377.0,-4.0,31.5,13.75,0.62,Volcanic,5.294871101419175,0.763211437224843,4.6,1.3435701450081279,banana,0.2920804663061148
4262,465.44757,-10.715112687111471,-8.96164219185642,Rural_Akatsi,7.9225416,1874.2,-5.4,32.9,13.75,0.66,Silt,6.777337437126314,0.0696812357310976,3.5,1.6958145825328295,banana,0.484518452152237
4263,593.0714,-5.646207798520409,-1.6191205789032492,Rural_Hawassa,18.412111,936.3,-5.1,31.1,13.0,0.62,Loamy,5.781849137327166,0.8778811503364097,1.9,0.9803886670830885,potato,0.5159940353068887
4264,758.77356,-8.205441555604608,-5.006590672731952,Rural_Hawassa,6.683034,1235.5,-3.3,32.4,14.55,0.61,Volcanic,4.605919899325302,0.2934389699105038,4.7,1.9698548542069478,cassava,0.41911805408658465
4265,113.07527,-11.967695406247753,-7.267907144942069,Rural_Hawassa,25.25231,1545.2,-8.9,31.3,11.2,0.69,Silt,6.692626683417515,0.0186028023108118,0.8,0.3139783078732409,banana,0.3924728848415511
4266,564.12823,-5.4704857623825855,-1.641643651335621,Rural_Hawassa,9.978724,891.3,-5.4,30.9,12.75,0.59,Loamy,5.490084778756744,0.8672485074619548,3.5,1.9138614285432292,cassava,0.5468175510123512
4267,692.1824,-9.376921796523431,-0.7001792236624846,Rural_Sokoto,7.324637,1909.4,-3.3,27.8,12.25,0.66,Volcanic,5.466021039960235,0.1574514656860423,2.4,2.025331169229978,tea,0.8438879871791575
4268,856.39966,-5.015410745717967,-5.907513570026819,Rural_Kilimani,28.394047,613.7,-3.0,29.9,13.45,0.63,Sandy,5.124319690215051,0.3087223119981283,0.8,0.3762864639582147,wheat,0.47035807994776835
4269,657.4371,-14.3106558880854,-6.574196514025021,Rural_Hawassa,4.093958,1642.5,-3.8,31.0,13.6,0.63,Volcanic,4.451195097655814,7.010091550316446e-09,9.0,3.3067393824214437,cassava,0.36741548693571596
4270,735.9919,-7.398922466664342,-3.2137541071151654,Rural_Hawassa,9.567174,1109.7,-3.6,30.5,13.45,0.61,Sandy,6.483047454865369,0.1444678828380121,5.0,2.1651826820433415,coffee,0.43303653640866835
4271,716.265,-1.8884596411115684,-3.0560926000885638,Rural_Kilimani,8.562374,874.8,-4.0,29.3,12.65,0.58,Sandy,5.127682007560091,0.1596159126663953,3.4,1.9603220246580229,potato,0.5765653013700067
4272,605.3581,-15.009038339402393,-6.24085504202592,Rural_Hawassa,25.683401,1322.4,-4.5,29.5,12.5,0.67,Silt,5.41774718491425,1.0132452836581183e-10,1.5,0.734133355276,cassava,0.48942223685066666
4273,794.40137,-7.466507865178888,-7.63278091834649,Rural_Akatsi,8.7037,1166.5,-3.0,30.2,13.6,0.61,Sandy,5.434707874078607,0.0720140339107261,3.7,2.16463420549839,cassava,0.5850362717563216
4274,587.48145,-6.389647182180433,-3.628178639870805,Rural_Hawassa,5.564661,651.5,-5.5,30.8,12.65,0.56,Loamy,6.101264524462323,0.322524904934679,2.8,1.9019447551902626,wheat,0.6792659839965224
4275,831.58075,-2.068687370483694,-8.34901462169591,Rural_Kilimani,5.9338083,768.1,-3.0,28.6,12.8,0.57,Sandy,6.693728782120943,0.0094643708880924,3.6,2.1003142371624044,maize,0.5834206214340012
4276,911.0186,-4.25394858912073,-3.3894340720876643,Rural_Kilimani,7.3185644,894.5,-2.2,29.1,13.45,0.58,Rocky,4.644481471598556,0.2291884282714051,3.7,1.5948397466363382,tea,0.43103776936117244
4277,786.92395,-5.092007530701119,-5.3939875185687445,Rural_Kilimani,10.635989,547.7,-3.7,31.9,14.1,0.57,Sandy,4.898163387451646,0.3071531976875597,2.3,1.310901931665202,potato,0.5699573615935661
4278,262.85437,-12.882351132811296,-7.542688628617005,Rural_Hawassa,4.0560784,1613.6,-7.6,34.1,13.25,0.63,Silt,6.788960951083063,0.0010329830415101,6.3,2.2968253454631893,banana,0.3645754516608237
4279,494.5162,-6.61493184389559,-3.4479940604118307,Rural_Hawassa,5.415772,633.5,-6.2,30.5,12.15,0.56,Loamy,5.6497808071741575,0.3545278551281733,3.3,2.1036033783459005,potato,0.6374555691957274
4280,768.8314,-5.371360511227916,-7.4796240258063635,Rural_Amanzi,34.143406,677.7,-3.7,30.7,13.5,0.65,Sandy,6.45448767896756,0.4424763425592438,1.6,0.8378239823855609,maize,0.5236399889909755
4281,611.1796,-6.322061783665884,-1.389385240093058,Rural_Sokoto,32.519432,1064.8,-4.8,31.4,13.3,0.67,Loamy,4.726347242029138,0.854657739426236,0.9,0.4252198671216615,cassava,0.47246651902406833
4282,737.2608,-3.050928495561786,-0.6911699946895358,Rural_Kilimani,16.999557,1319.1,-3.4000000000000004,29.2,12.9,0.64,Volcanic,4.713946783879656,0.3328943087155005,0.8,0.5361922142841541,tea,0.6702402678551926
4283,395.71167,-11.377449592554038,-8.808485299316292,Rural_Akatsi,13.657738,1889.2,-5.8,32.4,13.3,0.68,Silt,7.012147149795774,0.1533434412540596,1.0,0.46434524290972423,wheat,0.46434524290972423
4284,815.95764,-8.259509874416246,0.160202143254114,Rural_Sokoto,3.5310996,1832.9,-2.2,28.7,13.25,0.64,Volcanic,5.650236713587585,0.1539721412618365,11.9,7.535860273821934,banana,0.6332655692287339
4285,843.8331,-7.962134120952237,-8.074233138020976,Rural_Akatsi,6.0248375,1429.2,-2.3,30.5,14.1,0.62,Volcanic,5.503298653949839,0.0728545242797463,2.1,1.0180606878295098,coffee,0.484790803728338
4286,643.48193,-7.218694737292215,-5.344436759217527,Rural_Hawassa,13.858598,783.9,-4.7,29.7,12.5,0.59,Sandy,6.024645850909838,0.2358022383447852,1.1,0.5788489972790093,wheat,0.5262263611627357
4287,767.71765,-5.168604315684274,-5.529125953162975,Rural_Kilimani,13.631562,530.0,-3.8,31.7,13.95,0.57,Sandy,5.209151593105082,0.3099582702317993,1.0,0.5979666517829615,potato,0.5979666517829615
4288,711.73035,-7.872020256266174,-5.08767373348849,Rural_Hawassa,15.16612,1068.5,-3.9,28.0,12.05,0.62,Sandy,5.099158274085591,0.1903336519041416,2.0,1.0696536574855862,cassava,0.5348268287427931
4289,774.01556,-9.895076518468295,0.4665159283343691,Rural_Sokoto,0.30084625,2162.7,-2.3,29.7,13.7,0.66,Volcanic,4.758379371842262,0.2946496895854321,5.8,4.1133623515401325,tea,0.7092004054379539
4290,829.78,-1.744277457613867,-0.9839699363103678,Rural_Kilimani,6.7778926,1490.0,-2.4000000000000004,29.6,13.6,0.63,Volcanic,5.85929088920744,0.0689048356336684,2.7,1.5228898661140355,banana,0.5640332837459391
4291,485.6759,-7.110558099668939,-3.5516001936007404,Rural_Hawassa,14.123807,725.0,-6.2,33.4,13.6,0.59,Loamy,6.425525287996789,0.1357442472355838,0.8,0.5326575595881337,maize,0.665821949485167
4292,516.4204,-1.9380222666889024,-4.772350719435286,Rural_Kilimani,2.3817208,343.7,-6.3,29.7,11.7,0.53,Loamy,6.739244307950579,0.0874122187327249,14.1,8.619327935127254,maize,0.6112998535551244
4293,571.18054,-0.6854395475526225,-3.006541840737346,Rural_Kilimani,13.644432,793.6,-5.4,30.0,12.3,0.59,Loamy,5.334442385854058,0.0142520648337392,1.2,0.8096082217639705,potato,0.6746735181366421
4294,814.57336,-10.88182333678069,-0.1776439432314611,Rural_Sokoto,3.5769885,2323.9,-1.8000000000000007,29.8,14.0,0.68,Volcanic,5.0478090732975325,0.3516831448354569,10.4,6.652117812263235,tea,0.6396267127176187
4295,820.36334,-8.214452942073216,-7.758910123967772,Rural_Akatsi,2.077341,1453.0,-2.5,29.6,13.55,0.61,Volcanic,4.948463494674908,0.0590006799606726,7.9,5.538826198984945,tea,0.7011172403778412
4296,633.227,-9.011960644544876,-2.425446571982156,Rural_Hawassa,2.488698,1585.3,-4.1,29.5,12.7,0.62,Silt,6.68764035268324,0.0285076334631497,10.2,4.509334188687084,coffee,0.4420915871261847
4297,372.86642,-12.134406055916967,-8.281445404398795,Rural_Akatsi,13.310361,1835.0,-6.2,32.2,13.000000000000002,0.67,Silt,5.984903850786389,0.1195872924499092,2.0,1.0249950831016723,banana,0.5124975415508362
4298,852.2843,-2.465188375102373,-1.0380253101480597,Rural_Kilimani,17.730537,1428.6,-2.3,32.4,15.05,0.65,Volcanic,4.484499082552462,0.1817495325589626,1.8,0.7652153748266289,cassava,0.4251196526814605
4299,397.31168,-13.319403376538702,-6.700325719646302,Rural_Hawassa,3.263895,1673.1,-6.2,30.6,12.2,0.63,Silt,6.39863335360381,7.047544515834589e-07,7.3,3.8330010570606206,coffee,0.5250686379535097
4300,617.0544,-3.0914797346705143,-6.403021163538997,Rural_Kilimani,3.938289,361.9,-5.4,30.8,12.7,0.53,Loamy,5.488027983459439,0.2453584048665919,5.1,3.3118406391870816,potato,0.6493805174876631
4301,812.4929,-2.1903410878098803,-6.731858021051623,Rural_Kilimani,11.220094,580.4,-3.4000000000000004,30.8,13.7,0.57,Sandy,5.393698823558871,0.244733151517791,2.9,1.44586563357101,wheat,0.49857435640379655
4302,486.0905,-13.616779130002712,-6.029138161161627,Rural_Hawassa,7.26417,1691.3,-5.3,35.1,14.9,0.64,Silt,7.02345240155334,1.5874491614976844e-07,3.6,1.8343271920891664,wheat,0.5095353311358796
4303,768.64923,-5.200144168324396,-7.610257845914119,Rural_Amanzi,3.1642466,678.7,-3.7,30.3,13.3,0.55,Sandy,6.05261718295639,0.4368576866592097,12.4,6.378861470379345,wheat,0.5144243121273665
4304,915.107,-4.303511214698066,-4.13269546235593,Rural_Kilimani,7.501905,774.6,-2.3,29.0,13.35,0.57,Rocky,6.013575648293546,0.2138253933354547,2.7,1.5966819620808783,wheat,0.5913636896595845
4305,218.10345,-12.670583550799048,-7.592239387968221,Rural_Akatsi,3.0392725,1616.7,-7.8,33.9,13.05,0.62,Silt,6.851088427698035,0.0042982371368751,10.2,5.1074012054055995,wheat,0.500725608373098
4306,696.76965,-8.124339077387152,-4.2137785231124685,Rural_Hawassa,20.277792,1183.7,-3.9,32.6,14.35,0.64,Sandy,4.783946123190876,0.0420907045770665,1.7,0.8345350097332332,cassava,0.49090294690190195
4307,723.42804,-8.029719519466784,-5.605704399433039,Rural_Hawassa,3.9377227,1131.4,-3.7,29.0,12.65,0.59,Sandy,6.732969118835896,0.299811907469558,6.1,2.715612076935754,maize,0.4451823076943859
4308,645.91016,-2.46068268186807,-6.173285824728805,Rural_Kilimani,3.5719259,391.5,-5.1,30.3,12.6,0.53,Sandy,4.937845117299553,0.3518788830202118,12.4,4.799362307916155,wheat,0.3870453474125931
4309,756.2824,-4.028663927405573,-6.574196514025021,Rural_Kilimani,10.976875,512.7,-4.0,31.1,13.55,0.56,Sandy,6.789327732876224,0.2253993235355678,4.6,2.664569725029298,wheat,0.5792542880498475
4310,539.3221,-2.2759492592616404,-4.794873791867658,Rural_Kilimani,3.0154989,355.9,-6.1,30.6,12.25,0.53,Loamy,4.92699503643239,0.116393792121848,5.2,2.585990237580601,cassava,0.49730581491934633
4311,667.36035,-6.006663257264663,-5.889495112080922,Rural_Amanzi,17.886658,527.1,-4.8,32.1,13.65,0.59,Sandy,5.425232154067542,0.2709971820937724,2.0,1.1982949317799685,potato,0.5991474658899842
4312,646.7817,-9.64726339058162,-0.18665317220441,Rural_Sokoto,3.1322567,1953.1,-3.6,30.2,13.3,0.65,Volcanic,5.7824941121983855,0.2979702682193988,14.0,5.655067370544225,cassava,0.40393338361030184
4313,762.38025,-6.488772433335102,-7.867020871643157,Rural_Amanzi,6.1092253,908.3,-3.5,28.5,12.5,0.58,Sandy,5.512535465361402,0.2766957935396586,3.8,2.2115831976829488,potato,0.5819955783376182
4314,802.82776,-10.63851590212832,-0.375846980636332,Rural_Sokoto,13.362279,2278.2,-1.9000000000000004,28.9,13.5,0.71,Volcanic,3.968684604089633,0.3588063535672049,1.1,0.6040711662606872,tea,0.5491556056915338
4315,725.7716,-8.624471026394803,0.1421836853082168,Rural_Sokoto,8.404373,1822.3,-3.0,32.7,14.85,0.66,Volcanic,5.156026137557275,0.1177603941951726,4.0,3.4365659601126333,tea,0.8591414900281583
4316,788.0083,-3.406878261071736,-3.9795385698158015,Rural_Kilimani,11.221638,691.3,-3.5,30.3,13.4,0.58,Sandy,5.769474066583754,0.2113687020614379,3.0,1.6056479600334264,wheat,0.5352159866778088
4317,589.9207,-1.618118047053379,-5.583181327000667,Rural_Kilimani,14.378555,352.0,-5.6,30.1,12.25,0.56,Loamy,5.851921513131689,0.1742970300979821,0.9,0.5869356198028665,wheat,0.6521506886698516
4318,666.121,-9.34538194388331,-4.389458488084967,Rural_Hawassa,16.410324,1591.7,-3.6,30.4,13.4,0.66,Volcanic,5.664256430962228,0.0084001297194299,0.6,0.3402338487375903,banana,0.5670564145626505
4319,634.5373,-10.814237938266142,-9.885088161583658,Rural_Akatsi,19.315983,2115.1,-3.7,32.9,14.6,0.71,Silt,5.348867727229191,0.0162277630085278,0.8,0.547045857269097,tea,0.6838073215863713
4320,681.80176,-7.88103164273478,-6.619242658889765,Rural_Akatsi,12.4077015,1079.3,-4.1,33.1,14.5,0.61,Sandy,4.54001716913388,0.2459140088504241,1.9,0.8683946503270635,cassava,0.4570498159616124
4321,412.4749,-9.584183685301378,-7.200337927644955,Rural_Akatsi,6.9719,1425.2,-6.3,34.8,14.249999999999998,0.62,Silt,7.191915750088258,0.0391391462848586,2.5,1.2359481116702122,wheat,0.4943792446680849
4322,689.2198,-3.1500537467164555,-3.929987810464585,Rural_Kilimani,12.241814,605.5,-4.5,29.0,12.25,0.58,Sandy,6.346869141554864,0.2112250908366797,1.0,0.5922366995821119,wheat,0.5922366995821119
4323,637.86646,-5.8579753805326575,-6.979611817807712,Rural_Amanzi,19.511597,544.4,-5.0,28.3,11.65,0.59,Sandy,5.741968336493507,0.3985639244110208,1.5,0.8513261166169043,potato,0.5675507444112695
4324,661.81024,-10.075304247840425,-0.0875516535019744,Rural_Sokoto,35.10165,2055.8,-3.4000000000000004,30.9,13.75,0.76,Volcanic,5.663700782273748,0.3797247725445188,0.6,0.3468015113520984,banana,0.5780025189201641
4325,35.910797,-12.170451601791395,-6.601224200943867,Rural_Hawassa,19.279865,1451.0,-9.7,33.9,12.1,0.66,Silt,7.048349410767941,0.0004428189609347,1.1,0.5748423170675467,wheat,0.5225839246068607
4326,872.03534,-6.804170959736323,-8.191353114669308,Rural_Amanzi,8.786908,1145.3,-2.3,26.6,12.15,0.61,Rocky,5.241312909215576,0.1266942908474124,3.9,1.9156750742029751,tea,0.49119873697512184
4327,850.6293,-3.893493130376477,-1.1416314433369694,Rural_Kilimani,5.826078,1308.2,-2.4000000000000004,28.2,12.9,0.61,Volcanic,5.166609739741842,0.6831377882209116,4.2,1.8262545072298966,cassava,0.4348225017214039
4328,698.8797,-8.601942560223286,-2.50202501825222,Rural_Hawassa,9.076759,1521.6,-3.6,31.9,14.15,0.64,Volcanic,4.40702451313209,0.0600218981047511,4.0,1.4105744567463137,cassava,0.3526436141865784
4329,592.3771,-9.07504034982512,-4.677753815219325,Rural_Hawassa,1.9587754,1382.8,-4.7,29.7,12.5,0.6,Peaty,5.962462212196556,0.018780278757006,13.2,6.7626678394249105,wheat,0.5123233211685538
4330,647.2512,-1.338765066526582,-3.1912310346827937,Rural_Kilimani,24.725897,801.0,-4.7,31.5,13.4,0.63,Sandy,4.986405797702837,0.0604029357524147,1.9,0.8432615858622543,wheat,0.4438218872959233
4331,671.1324,-8.701067811377957,-1.1371268288504954,Rural_Sokoto,30.448475,1680.6,-3.7,31.4,13.85,0.71,Volcanic,4.285765997861688,0.0949228665067374,1.5,1.1793652294445773,tea,0.7862434862963849
4332,391.16443,-13.332920456241611,-8.0697285235345,Rural_Hawassa,10.834885,1643.9,-6.5,33.9,13.7,0.65,Silt,6.024238213796895,0.0001066398452046,4.5,2.132926563368898,banana,0.47398368074864405
4333,358.53488,-13.67084744881435,-6.677802647213931,Rural_Hawassa,8.9117775,1543.4,-6.6,34.3,13.849999999999998,0.64,Silt,6.934364459678597,8.892170644035272e-08,4.4,2.488647946723295,rice,0.5656018060734761
4334,637.7991,-2.8932292323611737,-4.366935415652596,Rural_Kilimani,5.0485654,493.7,-5.1,30.5,12.7,0.55,Sandy,6.1578054873841,0.1484933523720422,2.4,1.3576389015677053,wheat,0.5656828756532105
4335,830.3164,-4.65044959373941,-3.5651140370601637,Rural_Kilimani,21.87678,772.3,-3.1,28.0,12.45,0.62,Sandy,5.718218574626491,0.2025821653322148,0.6,0.3068430295137676,maize,0.5114050491896126
4336,350.89206,-11.3233812737424,-8.11027005391277,Rural_Akatsi,2.1712856,1787.9,-6.5,33.0,13.25,0.63,Silt,6.847896200864992,0.2748054142777043,11.6,5.691972417096378,rice,0.4906872773358946
4337,776.16406,-7.727838072768472,1.3899618980616084,Rural_Sokoto,9.558626,1714.3,-2.7,29.1,13.2,0.65,Volcanic,5.609975685691521,0.1157271963854659,4.2,3.1952351739628884,tea,0.7607702795149733
4338,655.3781,-7.9576284277179345,-5.443538277919963,Rural_Hawassa,4.512063,1034.3,-4.4,31.8,13.7,0.58,Sandy,6.660625494834793,0.2789269879284478,3.3,1.4969647052736021,maize,0.45362566826472794
4339,549.0275,-9.210211146854212,-6.876005684618803,Rural_Akatsi,7.4460235,1423.2,-5.0,31.7,13.35,0.62,Silt,7.169110498994603,0.0382650338062554,4.0,2.0796100820373744,wheat,0.5199025205093436
4340,867.50305,-2.6994844232861386,-1.2812744924176742,Rural_Kilimani,2.26691,1376.7,-2.2,27.4,12.6,0.6,Volcanic,5.420761644576372,0.2523431099234777,11.6,7.3058405253701055,tea,0.6298138383939746
4341,885.9997,-3.9430557559538126,-3.7948493758703545,Rural_Kilimani,2.0185676,805.9,-2.5,27.6,12.55,0.56,Rocky,5.468723537030775,0.2218039726997445,5.1,2.8147348237656162,wheat,0.5519087889736503
4342,900.27875,-3.506003512226405,-4.083144703004712,Rural_Kilimani,0.74727833,789.1,-2.4000000000000004,29.6,13.6,0.55,Rocky,5.108544411793525,0.2025801129731221,5.6,2.552764872650416,tea,0.4558508701161458
4343,516.0061,-10.512356491567829,-7.186824084185532,Rural_Akatsi,11.78432,1788.3,-5.0,31.6,13.3,0.66,Silt,6.42935623667596,0.03706790836811,1.0,0.5400324869662015,wheat,0.5400324869662015
4344,775.0424,-1.190077189794577,-1.5920928919844035,Rural_Kilimani,6.531659,1353.8,-3.0,30.3,13.65,0.61,Volcanic,5.722740300834942,0.0347324044356175,4.9,2.5324711570502565,cassava,0.5168308483776033
4345,756.55347,-2.7400356623948667,-3.141680275331576,Rural_Kilimani,9.424491,847.1,-3.7,30.3,13.3,0.59,Sandy,6.2272739982546215,0.3220655567193821,3.6,1.3608875366539948,coffee,0.37802431573722073
4346,858.02136,-7.96663981418654,-0.3938654385822293,Rural_Sokoto,21.64786,1760.4,-2.0,32.4,15.2,0.69,Volcanic,5.182590709045176,0.2556421478108995,1.9,1.4236125867221623,tea,0.7492697824853486
4347,904.9767,-3.695242628067138,-4.664239971759902,Rural_Kilimani,4.8648453,712.7,-2.4000000000000004,30.1,13.85,0.56,Rocky,5.670472823211602,0.1926633737204649,4.5,2.685322546190855,potato,0.5967383435979677
4348,891.7499,-4.474727557601586,-5.551649025595347,Rural_Kilimani,31.630676,633.0,-2.6,27.4,12.4,0.64,Sandy,5.802495135232475,0.2787957199933267,1.8,0.992651247553429,wheat,0.5514729153074606
4349,656.7597,-7.890043029203387,-1.3758713966336351,Rural_Sokoto,20.556477,1427.2,-4.0,30.1,13.05,0.66,Volcanic,4.361498639021347,0.3576156619275043,1.0,0.6892834595092603,tea,0.6892834595092603
4350,533.94904,-6.592403377724075,-0.5335084876629341,Rural_Sokoto,48.60797,1206.2,-4.9,31.8,13.45,0.73,Silt,6.702012249622914,0.8533739463052263,1.5,0.6077308905364349,wheat,0.40515392702429
4351,602.1452,-7.245728896698034,-3.984043184302277,Rural_Hawassa,25.357967,831.2,-5.1,29.6,12.25,0.63,Loamy,5.1120149795067285,0.0960879166912698,1.0,0.5889348475794579,wheat,0.5889348475794579
4352,736.21643,-9.449012888272282,0.3539005661725105,Rural_Sokoto,4.134786,2027.9,-2.8,29.4,13.3,0.66,Volcanic,4.590400979281231,0.229854685189732,4.8,3.708719861579826,tea,0.7726499711624638
4353,590.99,-2.086710143420907,-5.875981268621499,Rural_Kilimani,30.979902,338.9,-5.6,33.5,13.95,0.61,Loamy,5.121969679707263,0.3201399709141141,1.0,0.5070625640302191,cassava,0.5070625640302191
4354,761.241,-0.8791843566276594,-1.7002036396597873,Rural_Kilimani,11.329125,1338.4,-3.2,27.7,12.25,0.63,Volcanic,5.969563969199692,0.019166240495497,2.7,1.4680360065033389,banana,0.5437170394456811
4355,765.14307,-3.456440886649069,-1.709212868632736,Rural_Kilimani,0.22364877,1130.4,-3.3,31.7,14.2,0.58,Sandy,5.053193720841033,0.4845263673005724,12.8,5.898196905003685,tea,0.46079663320341285
4356,445.45703,-0.2123417579507904,-3.8714278221404186,Rural_Kilimani,18.08344,440.6,-6.9,29.9,11.5,0.58,Loamy,5.917284465410801,0.002383234207808,0.6,0.37966254495526247,maize,0.6327709082587708
4357,383.32233,-10.503345105099225,-4.790369177381184,Rural_Hawassa,7.6195555,1621.0,-6.2,33.4,13.6,0.64,Silt,7.226347531712004,0.0643365292051007,2.4,0.8216630461744107,banana,0.3423596025726711
4358,620.3418,-9.052511883653604,-2.650677296305873,Rural_Hawassa,21.018448,1533.2,-4.5,30.3,12.9,0.67,Silt,7.017879207252026,0.0187340773230746,1.6,0.650619652520431,banana,0.40663728282526934
4359,496.86432,-10.138383953120666,-4.587661525489838,Rural_Hawassa,11.583524,1631.4,-5.3,32.1,13.4,0.65,Silt,7.244443784937315,0.0516260441815115,3.9,1.4510249759855474,banana,0.37205768615014034
4360,559.12823,-9.408461649163554,-2.835366490251321,Rural_Hawassa,19.442453,1585.0,-4.8,29.9,12.55,0.67,Silt,6.283205595212805,0.0106581280078275,1.1,0.5208480242885869,coffee,0.47349820389871533
4361,701.2229,-5.493014228554102,-6.173285824728805,Rural_Kilimani,3.1641665,500.2,-4.5,30.6,13.05,0.54,Sandy,6.578833703512725,0.3042554930593574,8.2,4.159990144727014,maize,0.5073158713081725
4362,531.3094,-9.178671294214093,-3.263304866466383,Rural_Hawassa,4.5933127,1446.3,-5.2,33.4,14.1,0.62,Silt,7.147115345558719,0.0072444447602728,3.5,1.8224217820863358,wheat,0.5206919377389531
4363,837.8341,-2.3435346577761877,-0.9704560928509448,Rural_Kilimani,26.426304,1437.8,-2.4000000000000004,29.3,13.45,0.68,Volcanic,3.772588299321594,0.1540950536853205,0.9,0.4972080953518897,tea,0.5524534392798774
4364,511.7637,-11.418000831662766,-9.213900603098985,Rural_Akatsi,6.4932575,2007.5,-4.8,31.7,13.45,0.66,Silt,6.717394682520144,0.0410115800370667,2.9,1.5025723947965621,wheat,0.5181284119988145
4365,518.03455,-9.30483070477458,-4.231796981058365,Rural_Hawassa,5.1610565,1404.4,-5.3,28.9,11.8,0.61,Peaty,4.166942088595225,0.0078570732280938,4.3,1.5904916375579798,cassava,0.3698817761762744
4366,761.3959,-4.420659238789948,-2.4614834878739504,Rural_Kilimani,22.36024,926.3,-3.5,27.7,12.1,0.63,Sandy,5.254741643671116,0.3928972004094902,1.0,0.538647980945023,cassava,0.538647980945023
4367,367.62817,-11.76493921070411,-8.758934539965074,Rural_Akatsi,18.896746,1849.9,-6.3,32.7,13.2,0.69,Silt,6.361664326027184,0.1470025533017502,0.7,0.34716522421176405,wheat,0.4959503203025201
4368,748.4684,-9.07504034982512,-0.6506284643112668,Rural_Sokoto,6.0350385,1900.2,-2.8,30.7,13.95,0.65,Volcanic,4.199199502133714,0.121024585596212,4.9,3.8061906630239677,tea,0.7767736046987689
4369,425.97217,-10.395208467475946,-7.934590088940271,Rural_Akatsi,16.454573,1708.9,-5.9,32.7,13.400000000000002,0.67,Silt,6.33303242965219,0.0554542054450651,1.0,0.5208026183533612,coffee,0.5208026183533612
4370,642.744,-9.895076518468295,-7.817470112291938,Rural_Akatsi,12.852573,1806.7,-3.8,30.0,13.1,0.67,Volcanic,5.461767122596849,0.0739920369314922,1.1,0.6358678909572407,coffee,0.578061719052037
4371,590.7924,-2.8346552203152324,-4.434504632949711,Rural_Kilimani,0.84856004,437.2,-5.5,30.7,12.6,0.53,Loamy,4.918260894766596,0.1412230258018963,11.8,6.851108332326356,wheat,0.5806024010446064
4372,722.64606,-10.138383953120666,-0.93441917695915,Rural_Sokoto,2.0190866,2088.3,-2.8,28.6,12.9,0.66,Volcanic,5.677559197884461,0.2170538616006026,10.4,7.610661489000227,tea,0.7317943739423295
4373,768.8515,-2.1678126216383653,-0.7677484409595994,Rural_Kilimani,1.740962,1420.2,-3.0,29.1,13.05,0.6,Volcanic,4.524686965914738,0.1181310513377321,14.3,10.009378609542363,tea,0.6999565461218435
4374,727.86804,-4.952331040437722,-7.677827063211233,Rural_Amanzi,14.053791,626.1,-4.1,31.1,13.5,0.58,Sandy,6.360019438727059,0.4213974172018355,1.4,0.7632140526195307,wheat,0.5451528947282362
4375,490.7658,-9.106580202465242,-5.8939997265673965,Rural_Hawassa,11.085239,1280.8,-5.7,30.7,12.5,0.62,Silt,7.131479019625055,0.073400443128994,2.1,1.102836951808506,wheat,0.5251604532421457
4376,757.65497,-2.4381542156965548,-0.5290038731764597,Rural_Kilimani,3.003535,1419.5,-3.1,31.2,14.05,0.61,Volcanic,4.622584322100014,0.1609827731190238,10.1,7.158590973517861,tea,0.70877138351662
4377,716.9123,-0.5367516708206175,-2.866898791656641,Rural_Kilimani,17.904104,987.8,-3.9,30.4,13.25,0.62,Sandy,5.830565499166681,0.009880701473483,1.1,0.6763392084729479,cassava,0.6148538258844981
4378,898.28577,-3.965584222125328,-4.078640088518238,Rural_Kilimani,16.806162,773.1,-2.4000000000000004,28.7,13.15,0.6,Rocky,5.587607903812575,0.2091758117214141,0.7,0.38478006776145923,maize,0.5496858110877989
4379,412.16245,-14.405275446005769,-7.1597963972666845,Rural_Hawassa,10.518558,1346.2,-6.4,32.1,12.85,0.63,Silt,5.56432963423201,2.7933777819508647e-09,4.7,1.8838802668598198,banana,0.40082558869357865
4380,620.51733,-5.88951523317278,-3.682234013708497,Rural_Hawassa,8.667434,608.1,-5.1,28.3,11.6,0.57,Loamy,6.19435060131942,0.2341625848235034,3.2,2.303786614126355,wheat,0.7199333169144859
4381,468.3745,-10.575436196848074,-5.6417413153248335,Rural_Hawassa,15.478564,1708.7,-5.5,30.4,12.45,0.67,Silt,5.3930956035112105,0.1844677885496723,1.1,0.6819643398401973,rice,0.6199675816729067
4382,318.6467,-13.32841476300731,-6.808436467321687,Rural_Hawassa,7.3115554,1592.8,-7.0,30.9,11.95,0.63,Silt,5.547492239734286,1.1488715235071272e-06,4.0,1.6666207958655077,banana,0.4166551989663769
4383,382.21033,-0.3970751805572199,-4.114677004410033,Rural_Kilimani,5.8738313,324.5,-7.5,31.0,11.75,0.53,Loamy,5.782367865259242,0.0035061852843768,2.5,1.2780131383422502,banana,0.5112052553369001
4384,836.70996,-2.7895982879722023,-6.997630275753608,Rural_Kilimani,7.895358,628.6,-3.1,29.5,13.2,0.56,Sandy,5.793595099354675,0.1664756094999338,3.9,2.485791975264328,potato,0.6373825577600841
4385,791.2972,-2.293972032198853,-7.443587109914568,Rural_Kilimani,16.2872,617.7,-3.5,28.0,12.25,0.59,Sandy,4.534786097688086,0.0773537255329735,1.2,0.6754921637322499,potato,0.5629101364435416
4386,776.6413,-7.772895005111504,-7.808460883318991,Rural_Akatsi,6.9031525,1264.8,-3.1,27.0,11.95,0.61,Volcanic,5.847233384701345,0.0549920215678325,2.5,1.3320719449928404,wheat,0.5328287779971361
4387,746.04333,-0.86566727692475,-1.5425421326331856,Rural_Kilimani,3.502558,1364.2,-3.3,30.9,13.8,0.61,Volcanic,5.273302681101253,0.0175717032551722,9.5,4.886637779668178,cassava,0.5143829241755977
4388,259.03503,-13.310391990070096,-7.628276303860017,Rural_Hawassa,4.942215,1538.3,-7.5,34.9,13.7,0.62,Silt,6.444404470770343,5.75679060091471e-05,4.6,2.39722876725716,wheat,0.5211366885341653
4389,761.5494,-5.957100631687329,-5.912018184513293,Rural_Amanzi,9.317864,604.4,-4.0,30.0,13.0,0.57,Sandy,6.613021709492577,0.2740502104940017,3.4,2.0163928957929924,wheat,0.5930567340567625
4390,785.38055,-5.411911750336644,-5.173261408731502,Rural_Kilimani,2.1954536,578.4,-3.6,30.0,13.2,0.54,Sandy,5.1013615773430185,0.2980726889501274,5.6,3.360244741687448,potato,0.6000437038727586
4391,661.062,-6.0742486557792095,-2.9705049248455517,Rural_Hawassa,11.912724,793.1,-4.6,27.0,11.2,0.59,Sandy,6.347624823773104,0.4492253898455759,0.6,0.2824743692724296,maize,0.4707906154540493
4392,921.02136,-4.109766405623029,-3.596646338465484,Rural_Kilimani,1.7891028,871.4,-2.1,27.7,12.8,0.56,Rocky,5.972320818585375,0.2257902016808203,6.5,2.379175570100447,coffee,0.36602701078468414
4393,392.9875,-10.120361180183457,-6.848977997699955,Rural_Akatsi,13.271547,1535.4,-6.4,32.7,13.150000000000002,0.65,Silt,6.61124404548232,0.1073577779180554,1.4,0.7426728800825512,wheat,0.5304806286303937
4394,547.08295,-8.809204449001232,-4.074135474031764,Rural_Hawassa,10.197118,1273.9,-5.2,32.6,13.7,0.62,Silt,6.707277893100175,0.0144785563178057,2.3,1.3457199773562032,wheat,0.5850956423287841
4395,541.22723,-5.578622400005862,0.2908359633618698,Rural_Sokoto,18.458326,1143.3,-5.3,29.9,12.3,0.64,Loamy,5.482078993464532,0.8751286013405297,1.1,0.4331362059832359,wheat,0.3937601872574871
4396,563.6258,-8.624471026394803,-5.407501362028168,Rural_Hawassa,3.303499,1176.5,-5.1,31.8,13.35,0.59,Loamy,5.91095847715216,0.2338657460014924,9.1,5.510239765295942,wheat,0.6055208533292243
4397,759.3088,-4.812654550174324,-1.5830836630114546,Rural_Kilimani,22.186598,1093.9,-3.4000000000000004,29.4,13.0,0.64,Sandy,5.5175383180172135,0.8001540784483887,0.7,0.3289929490366176,potato,0.46998992719516797
4398,562.13806,-2.046158904312179,-5.452547506892911,Rural_Kilimani,25.356588,326.6,-5.9,30.6,12.35,0.6,Loamy,4.588042026451355,0.2281615879976141,1.0,0.5515630988074539,potato,0.5515630988074539
4399,496.606,-9.327359170946096,-2.993027997277923,Rural_Hawassa,13.875251,1480.8,-5.4,30.8,12.7,0.65,Silt,5.302117660973767,0.0073348009336465,2.0,0.8158427937589464,banana,0.4079213968794732
4400,676.57086,-7.876525949500477,-4.9660491423536826,Rural_Hawassa,4.553347,1036.8,-4.2,29.1,12.45,0.58,Sandy,5.34551631443809,0.1582397945888558,3.5,1.9854301982616573,cassava,0.5672657709319021
4401,621.8992,-7.09704101996603,-2.3578773546850407,Rural_Hawassa,16.509203,1060.0,-4.6,32.2,13.8,0.62,Loamy,5.140907777770389,0.5051021491201153,1.6,0.9076681047896467,cassava,0.5672925654935291
4402,745.884,-4.132294871794546,-5.916522798999768,Rural_Kilimani,41.65843,477.9,-4.1,28.6,12.25,0.66,Sandy,5.043638881504807,0.2480715364917587,1.3,0.5783701501950833,wheat,0.44490011553467945
4403,696.4639,-10.44026539981898,-0.7452253685272276,Rural_Sokoto,2.0502892,2124.1,-3.0,31.6,14.3,0.66,Volcanic,5.029762767705606,0.2904437108687587,14.5,11.026500962908253,tea,0.7604483422695347
4404,781.5478,-2.370568817182008,-0.6866653802030613,Rural_Kilimani,6.54142,1426.2,-2.9000000000000004,32.3,14.7,0.62,Volcanic,5.013066407169192,0.1511749868423112,2.5,1.768862969841454,tea,0.7075451879365816
4405,728.2598,-8.043236599169695,-6.254368885485343,Rural_Hawassa,33.224953,1128.8,-3.9,28.3,12.2,0.68,Sandy,4.599640671387843,0.3145194531383058,1.8,0.9182788882591787,tea,0.5101549379217659
4406,624.63794,-8.038730905935392,0.9440050639006488,Rural_Sokoto,7.738596,1605.1,-4.2,30.2,13.0,0.64,Silt,6.4890388099214285,0.1254222934333499,2.2,0.9884290110319455,coffee,0.44928591410542973
4407,846.0659,-4.983870893077844,-5.083169119002015,Rural_Kilimani,6.9572916,616.4,-3.1,27.9,12.4,0.56,Rocky,5.9151382865425886,0.2939217847490202,2.1,1.223513761714235,wheat,0.5826256008163024
4408,337.55103,-9.71484878909617,-3.8939508945727903,Rural_Hawassa,8.531464,1367.1,-7.0,32.6,12.8,0.62,Silt,6.026864412356627,0.0183968630766776,2.3,1.1894858118690523,wheat,0.5171677442908924
4409,804.62933,-10.84127209767196,0.4620113138478947,Rural_Sokoto,5.5660324,2324.1,-1.9000000000000004,30.4,14.25,0.68,Volcanic,4.910819285073227,0.2636359729354433,4.3,2.8765059102472676,tea,0.6689548628482018
4410,320.40292,-12.963453611028752,-6.538159598133226,Rural_Hawassa,10.74729,1654.5,-7.0,34.6,13.8,0.65,Silt,7.168962810281815,3.2869383964199155e-06,3.4,1.5868719999415808,wheat,0.4667270588063473
4411,710.1279,-5.308280805947671,-4.056117016085866,Rural_Kilimani,3.773596,591.6,-4.3,31.1,13.4,0.55,Sandy,5.651209867826515,0.2154230278716277,5.7,3.545256437669257,potato,0.6219748136261855
4412,239.96643,-13.621284823237016,-7.524670170671107,Rural_Hawassa,3.4731307,1436.5,-7.8,36.4,14.3,0.61,Peaty,4.155484351106874,2.330708404934099e-06,5.4,2.7665308597125917,rice,0.5123205295764058
4413,769.474,-9.81397404025084,-0.227194702582679,Rural_Sokoto,11.074223,2113.4,-2.4000000000000004,30.0,13.8,0.69,Volcanic,4.002131086937196,0.3304694566013995,4.3,2.6638341393337743,tea,0.6194963114729708
4414,664.3857,-8.345118045868006,1.106171185413725,Rural_Sokoto,2.6579776,1724.7,-3.7,30.6,13.45,0.63,Volcanic,4.194614863777431,0.0698070820782557,12.7,10.045316703041806,tea,0.7909698191371501
4415,513.8919,-7.0564897808573015,-1.078566840526329,Rural_Sokoto,5.529254,1125.5,-5.7,33.6,13.95,0.59,Loamy,5.760841885730998,0.6893323675290172,2.7,1.0935268912935532,banana,0.405009959738353
4416,580.9582,-8.723596277549472,-4.934516840948362,Rural_Hawassa,4.0124946,1237.1,-4.9,33.3,14.2,0.6,Peaty,4.205016747327466,0.1633373601947569,13.1,4.87747982060034,cassava,0.3723267038626214
4417,574.5471,-7.822457630688839,-4.574147682030415,Rural_Hawassa,14.647693,930.1,-5.2,31.5,13.15,0.61,Loamy,6.1186933124304055,0.0819523240047703,1.3,0.645109247603839,coffee,0.4962378827721839
4418,531.27167,-10.016730235794482,-2.997532611764397,Rural_Hawassa,16.358276,1713.9,-4.9,30.7,12.9,0.67,Silt,6.918921091914703,0.0115844867032713,1.8,0.7869159020339493,banana,0.43717550112997183
4419,799.6927,-9.633746310878712,0.5025528442261638,Rural_Sokoto,8.988498,2138.0,-2.1,29.9,13.9,0.68,Volcanic,5.716902033971758,0.2445690210245565,4.1,2.648633022753571,coffee,0.6460080543301393
4420,836.6775,-6.52932367244383,-8.204866958128731,Rural_Amanzi,16.340954,1046.7,-2.7,31.5,14.4,0.62,Sandy,5.496467166192617,0.1407265128616115,1.3,0.41336816778680446,coffee,0.31797551368215726
4421,159.93983,-12.530907060535649,-6.398516549052522,Rural_Hawassa,11.544264,1557.2,-8.4,32.9,12.25,0.65,Silt,6.313879349799567,3.571677651903883e-05,3.7,1.586472492704957,banana,0.4287763493797181
4422,663.45056,-2.388591590119219,-7.09222717996957,Rural_Kilimani,6.0185895,452.6,-4.9,30.0,12.55,0.55,Sandy,6.598329621396433,0.15215480393097,4.9,2.5234241483920368,maize,0.5149845200800075
4423,634.0538,-2.564313626257043,-6.979611817807712,Rural_Kilimani,12.381755,413.6,-5.2,31.3,13.05,0.56,Loamy,5.588762604654489,0.1794612034567366,1.5,0.9492384294343604,wheat,0.632825619622907
4424,790.04034,-4.884745641923175,-3.5290771211683687,Rural_Kilimani,12.214822,738.4,-3.5,30.9,13.7,0.59,Sandy,6.080882906607693,0.1984947124713558,1.3,0.7408391973002102,wheat,0.5698763056155463
4425,759.5778,-3.163570826419365,-6.47959960980906,Rural_Kilimani,45.37805,431.1,-4.7,30.7,13.0,0.67,Sandy,5.256331822372943,0.2273416415555221,0.6,0.35945486696726303,potato,0.5990914449454384
4426,684.4307,-7.714320993065563,-5.623722857378936,Rural_Hawassa,6.995587,982.9,-4.2,32.1,13.95,0.59,Sandy,5.74133309720514,0.3270483068411571,2.2,1.2669815284467645,cassava,0.5759006947485292
4427,488.963,-9.95815622374854,-4.542615380625095,Rural_Hawassa,21.79331,1571.6,-5.4,32.2,13.400000000000002,0.68,Silt,5.955966983862631,0.0317401350089862,0.7,0.49464390415809195,rice,0.7066341487972743
4428,500.105,-13.175221193041,-8.317482320290589,Rural_Hawassa,14.345957,1826.1,-5.1,31.9,13.4,0.67,Silt,5.2806535635688965,0.0004351767649416,0.7,0.5895258800021965,tea,0.8421798285745665
4429,536.9357,-1.4514073973841608,-6.461581151863164,Rural_Kilimani,4.654228,280.6,-6.2,31.0,12.4,0.53,Loamy,5.379057896896258,0.1555941271362109,4.4,2.8017803129348424,potato,0.6367682529397368
4430,511.19476,-7.462002171944586,-1.9794897378211964,Rural_Sokoto,3.1717641,1080.2,-5.7,30.7,12.5,0.58,Loamy,5.333433296705406,0.5188071553974554,14.0,7.714313523521019,potato,0.5510223945372157
4431,429.51413,-11.13864785113597,-8.416583838993025,Rural_Akatsi,21.830778,1864.4,-5.7,33.8,14.05,0.7,Silt,5.951179408992158,0.2249969077200467,0.8,0.47759848272491223,rice,0.5969981034061402
4432,722.2713,-8.133350463855757,-5.542639796622398,Rural_Hawassa,25.117771,1166.1,-3.7,29.3,12.8,0.66,Sandy,6.440123946828408,0.289313731463406,1.2,0.6136065576471871,wheat,0.5113387980393226
4433,630.4381,-8.971409405436146,-2.6371634528464503,Rural_Hawassa,7.049277,1547.2,-4.2,30.1,12.95,0.63,Silt,6.6420283686895365,0.0221425803287142,4.2,1.8561362113537034,coffee,0.4419371931794532
4434,695.7703,-8.759641823423898,-4.4705415488415055,Rural_Hawassa,15.040576,1388.2,-3.7,30.1,13.2,0.64,Volcanic,5.4265574453495535,0.0266680785831772,1.7,0.8614736910831929,banana,0.506749230048937
4435,509.6847,-7.367382614024219,-1.722726712092159,Rural_Sokoto,8.0025215,1096.4,-5.7,31.6,12.95,0.6,Loamy,6.255672084998036,0.5997054967452676,3.3,1.7913052097671576,wheat,0.5428197605355023
4436,840.39136,-2.9653203241100243,-7.231870229050275,Rural_Kilimani,3.4728055,652.1,-3.1,29.9,13.4,0.55,Rocky,4.506291409857387,0.1149115954859944,10.3,5.407651830401206,wheat,0.525014740815651
4437,495.0001,-10.12937256665206,-7.385027121590402,Rural_Akatsi,32.821896,1682.4,-5.3,32.2,13.45,0.72,Silt,6.701842491189548,0.0347699722362757,0.8,0.3571037751580655,banana,0.4463797189475819
4438,864.69867,-1.1360088709829397,-2.664191139765296,Rural_Kilimani,3.0558062,1172.9,-2.4000000000000004,28.4,13.0,0.59,Rocky,4.518299248090909,0.0449558138354692,13.5,6.622170058575446,tea,0.4905311154500331
4439,742.47235,-6.344590249837401,-0.4253977399875499,Rural_Sokoto,13.856847,1346.8,-3.3,33.0,14.85,0.64,Volcanic,4.123994436800059,0.9359100823377744,1.5,0.40824435025857114,cassava,0.27216290017238076
4440,756.0141,-4.898262721626084,-1.2362283475529308,Rural_Kilimani,3.7881162,1155.8,-3.4000000000000004,30.4,13.5,0.59,Sandy,5.330912094679944,0.8726091983522308,14.2,5.193420068720827,tea,0.3657338076563963
4441,778.7062,-5.159592929215668,-5.35795060267695,Rural_Kilimani,1.1005646,544.5,-3.7,29.6,12.95,0.54,Sandy,4.815278257868549,0.3069620091165598,8.8,4.904529402840412,potato,0.5573328866864103
4442,757.38214,-4.384613692915522,-0.9434284059320988,Rural_Kilimani,9.744111,1221.3,-3.3,28.7,12.7,0.61,Volcanic,5.901503864410151,0.8131155116980142,2.4,1.1387177142096985,cassava,0.47446571425404105
4443,608.4029,-7.250234589932337,-4.502073850246826,Rural_Hawassa,10.450789,792.4,-5.1,32.9,13.9,0.58,Loamy,5.915302016790508,0.1153113665938625,4.0,2.7186414210806484,wheat,0.6796603552701621
4444,408.731,-9.827491119953748,-4.011070871221123,Rural_Hawassa,8.22405,1469.7,-6.2,34.5,14.15,0.63,Silt,5.676264024728077,0.0321402932940552,2.2,0.9390277417742239,banana,0.42683079171555627
4445,970.3066,-2.974331710578632,-7.290430217374442,Rural_Kilimani,4.839545,793.7,-1.8000000000000007,29.4,13.8,0.57,Rocky,5.777456644713888,0.1057868306872122,4.7,2.7653387985231213,potato,0.588369957132579
4446,383.90024,-11.084579532324332,-6.619242658889765,Rural_Hawassa,7.856693,1741.0,-6.2,34.1,13.95,0.65,Silt,6.450111195508574,0.0509840088231885,2.6,1.392389184388629,coffee,0.5355343016879341
4447,705.22,-8.430726217319766,-1.0064930087427395,Rural_Sokoto,24.458221,1660.2,-3.4000000000000004,29.5,13.05,0.69,Volcanic,4.306437711559416,0.1433783334752333,1.6,1.2194784479075,tea,0.7621740299421874
4448,344.1426,-13.121152874229365,-8.060719294561553,Rural_Hawassa,7.387371,1673.0,-6.6,35.6,14.5,0.64,Silt,6.839957660206832,0.0006050409473199,4.4,1.7230240512526758,banana,0.391596375284699
4449,624.2977,-8.953386632498933,-2.4434650299280536,Rural_Hawassa,6.007042,1556.5,-4.2,29.7,12.75,0.63,Silt,7.06063129633384,0.0298493205325629,4.7,1.8308696149074901,coffee,0.3895467265760617
4450,560.16046,-11.368438206085433,-5.524621338676501,Rural_Hawassa,1.5488293,1949.1,-4.4,32.0,13.8,0.64,Silt,6.148607148915667,0.0193367510721646,7.3,4.43696832095744,banana,0.607803879583211
4451,620.6646,-7.277268749338156,-2.583108079008758,Rural_Hawassa,8.425618,1052.9,-4.7,31.5,13.4,0.6,Loamy,6.295776778591885,0.3644934250325157,2.5,1.0882917010468096,coffee,0.43531668041872384
4452,588.9541,-6.687022935644441,-2.9660003103590764,Rural_Hawassa,11.465194,823.2,-5.2,27.7,11.25,0.59,Loamy,5.93871959642926,0.4091818106273014,2.0,1.2255900906068795,wheat,0.6127950453034398
4453,575.09467,-13.778984086437626,-6.290405801377138,Rural_Hawassa,6.480811,1732.8,-4.5,32.8,14.15,0.64,Silt,6.153224885893273,6.551805663838697e-08,3.1,1.6675822858241565,banana,0.5379297696206956
4454,638.3346,-6.038203109904785,-7.0651994930507245,Rural_Amanzi,40.0841,584.1,-5.0,31.8,13.4,0.66,Sandy,4.733759667565614,0.4299078389445698,1.1,0.4241774309919601,wheat,0.38561584635632734
4455,592.1866,-6.047214496373391,-0.4884623427981907,Rural_Sokoto,2.1303353,1150.1,-4.9,33.2,14.150000000000002,0.59,Loamy,5.470429714533057,0.9599259525001748,8.9,4.757277104261056,cassava,0.5345255173327029
4456,345.21167,-13.040050396011909,-8.083242366993924,Rural_Hawassa,3.4239314,1691.5,-6.6,33.7,13.55,0.63,Silt,6.564389773773586,0.0010864477846753,5.6,3.295519192055015,rice,0.5884855700098242
4457,885.04974,-3.663702775427016,-4.826406093272978,Rural_Kilimani,5.4922915,676.5,-2.6,26.9,12.15,0.56,Rocky,4.741967171967651,0.1935184692813788,2.3,1.283973736485794,potato,0.5582494506459974
4458,688.5441,-8.64699949256632,-7.758910123967772,Rural_Akatsi,10.636298,1458.3,-3.7,30.2,13.25,0.64,Volcanic,4.994854667138638,0.0798680611961917,3.4,2.6027407723468743,tea,0.7655119918667277
4459,968.5473,-3.749310946878776,-4.330898499760801,Rural_Kilimani,20.018995,817.6,-1.8000000000000007,28.1,13.15,0.62,Sandy,5.389265231055275,0.1971568203250618,1.2,0.7655314277849036,potato,0.6379428564874197
4460,969.8729,-2.208363860747093,-8.087746981480398,Rural_Kilimani,9.39892,879.5,-1.6999999999999993,27.5,12.9,0.59,Rocky,5.819322271996941,0.0182877309780005,2.3,1.417633377567364,potato,0.616362338072767
4461,901.68066,-8.020708132998179,-0.4524254269063961,Rural_Sokoto,19.673784,1821.3,-1.4000000000000004,27.8,13.2,0.69,Volcanic,4.930269324052799,0.2396552120316352,1.4,1.0604398549960996,tea,0.7574570392829283
4462,551.54425,-10.92688026912372,-0.9749607073374188,Rural_Sokoto,4.172523,2025.0,-4.4,32.5,14.05,0.66,Silt,5.543172626509839,0.272395150165612,2.7,1.499525565853307,banana,0.5553798392049285
4463,665.75226,-7.944111348015024,-4.461532319868557,Rural_Hawassa,37.53188,1073.0,-4.3,31.6,13.65,0.69,Sandy,6.469199956832464,0.0650618843829601,1.9,0.8324357897821274,coffee,0.43812409988533024
4464,785.6774,-5.456968682679676,-4.317384656301378,Rural_Kilimani,6.3517175,649.9,-3.6,28.7,12.55,0.56,Sandy,6.416461348285403,0.2339417400769012,4.6,2.664136524566103,maize,0.5791601140361095
4465,507.24484,-10.52587357127074,-9.19137753066661,Rural_Akatsi,8.521553,1901.2,-5.0,31.2,13.1,0.66,Silt,6.958597113085805,0.0727452868746257,3.0,1.4961158981426828,wheat,0.49870529938089425
4466,694.6981,-9.165154214511183,-7.601248616941171,Rural_Akatsi,2.4625022,1617.0,-3.5,33.5,15.0,0.62,Volcanic,5.482255055248989,0.0717128004117015,5.3,2.756662054092064,banana,0.5201249158664272
4467,853.1508,-3.7357938671758655,-1.853360532199915,Rural_Kilimani,29.235287,1177.0,-2.5,29.8,13.65,0.67,Sandy,5.905597221297099,0.5279462143985266,1.1,0.6075945923262257,cassava,0.5523587202965687
4468,767.0936,-4.776609004299898,-3.484030976303625,Rural_Kilimani,20.774546,720.8,-3.7,30.9,13.6,0.61,Sandy,5.670522128513818,0.2009511840076223,0.5,0.25824336985256235,wheat,0.5164867397051247
4469,460.93362,-10.67005575476844,-6.069679691539895,Rural_Hawassa,8.7156515,1718.2,-5.6,31.4,12.9,0.65,Silt,7.3835734256694385,0.2194806736251307,3.4,1.4545809261604288,wheat,0.42781791945894965
4470,745.3511,-3.979101301828237,-5.042627588623747,Rural_Kilimani,7.452663,505.9,-4.1,31.3,13.6,0.55,Sandy,6.54773846702066,0.2254566179722832,2.3,1.1825662735587434,potato,0.5141592493733668
4471,636.18414,-5.830941221126839,-0.2722408474474223,Rural_Sokoto,5.7130475,1204.4,-4.4,34.6,15.1,0.6,Peaty,5.828654249401466,0.97891994891234,2.3,0.7444882182500763,banana,0.32369052967394624
4472,670.15674,-7.849491790094658,-5.22281216808272,Rural_Hawassa,5.6464887,1014.6,-4.3,30.5,13.1,0.59,Sandy,6.324425821992194,0.2219071384777764,4.6,1.9380173619865775,coffee,0.4213081221709951
4473,908.77814,-6.011168950498966,-7.997654691750912,Rural_Amanzi,8.653489,988.1,-2.1,28.4,13.15,0.59,Rocky,4.578213723492462,0.276245713170948,4.0,1.7093118282149855,cassava,0.4273279570537464
4474,553.2955,-5.195638475090092,-1.384880625606584,Rural_Kilimani,6.1148167,918.7,-5.4,31.4,13.0,0.58,Loamy,6.596473241802053,0.8891463816663522,4.7,2.4352384997896483,wheat,0.5181358510190741
4475,611.03644,-9.462529967975192,-1.4344313849578014,Rural_Sokoto,1.5513151,1785.2,-4.1,31.6,13.75,0.63,Silt,5.833442905495137,0.0782753851943494,11.4,5.430892606129209,coffee,0.4763940882569481
4476,740.2992,-8.782170289595413,-5.123710649380285,Rural_Hawassa,12.877674,1420.9,-3.3,29.1,12.9,0.64,Volcanic,3.74213983383469,0.172752684577169,1.8,1.0645110806191076,tea,0.5913950447883931
4477,585.8639,-9.00745495131057,-5.448042892406437,Rural_Hawassa,4.055375,1338.6,-4.8,32.5,13.85,0.61,Peaty,5.37919975889328,0.0659405844307322,14.9,6.934839062794452,cassava,0.4654254404560034
4478,897.72266,-3.74029956041017,-4.011070871221123,Rural_Kilimani,25.38149,789.9,-2.4000000000000004,27.1,12.35,0.63,Sandy,5.498998472126355,0.2110042875434191,0.8,0.5040129214013852,potato,0.6300161517517315
4479,274.40588,-13.24280659155555,-7.9075624020214255,Rural_Hawassa,11.434641,1569.3,-7.4,32.8,12.7,0.65,Silt,6.854457564178387,0.0001843447301727,2.9,1.5459850693974975,rice,0.5330982997922405
4480,787.8178,-5.943583551984419,-7.43457788094162,Rural_Amanzi,4.6191015,784.1,-3.3,29.0,12.85,0.57,Sandy,6.791849351337357,0.4698531718289983,2.5,1.2700167294469622,wheat,0.5080066917787849
4481,418.77563,-11.823513222750051,-8.871549902126933,Rural_Akatsi,6.3406973,1906.8,-5.8,30.1,12.15,0.66,Silt,7.447559804141242,0.1014734241070753,2.8,1.171799793050244,wheat,0.41849992608937286
4482,498.43384,-12.391230570272253,-9.29498366385552,Rural_Akatsi,20.646988,1936.4,-5.3,35.1,14.9,0.7,Silt,7.015030756620271,0.0039329787821514,1.7,0.8416778963117929,wheat,0.49510464488928996
4483,568.40625,-1.6000952741161658,-4.839919936732401,Rural_Kilimani,5.339613,396.7,-5.8,31.5,12.85,0.54,Loamy,6.608946581962747,0.0637666376961411,2.5,1.616375051575142,maize,0.6465500206300568
4484,769.58154,-7.398922466664342,0.0025406362275122,Rural_Sokoto,8.705108,1587.5,-2.9000000000000004,28.8,12.95,0.64,Volcanic,5.695394112066109,0.4800298899027829,3.9,1.9144714878106814,banana,0.4908901250796619
4485,591.32837,-6.258982078385641,-6.493113453268482,Rural_Amanzi,37.358192,591.2,-4.8,31.0,13.1,0.65,Loamy,5.25598805405441,0.2680427202494503,1.1,0.7324942827642049,potato,0.6659038934220044
4486,755.73004,-8.232475715010427,0.5025528442261638,Rural_Sokoto,20.425194,1780.1,-2.8,32.9,15.05,0.69,Volcanic,5.685178026905993,0.1365811911283475,1.9,1.1174799703616047,banana,0.5881473528218972
4487,601.47534,-5.695770424097745,-1.146136057823444,Rural_Kilimani,7.8167014,1033.6,-4.9,31.1,13.1,0.59,Loamy,4.923700319761498,0.912449291296242,4.4,2.1709796341736842,cassava,0.4934044623122009
4488,679.2073,-7.99367397359236,-7.709359364616554,Rural_Akatsi,46.843697,1221.5,-4.0,29.7,12.85,0.73,Volcanic,5.596000004378661,0.052818777590795,1.2,0.577823547485559,wheat,0.48151962290463246
4489,857.0244,-1.2306284289033051,-2.2002158476584386,Rural_Kilimani,15.41941,1299.7,-2.2,30.7,14.25,0.64,Volcanic,5.629558239527806,0.0500404013996816,1.7,0.9039363029604736,cassava,0.5317272370355727
4490,1052.0197,-2.541785160085528,-8.340005392722961,Rural_Kilimani,23.701286,1006.1,-0.8000000000000007,27.4,13.3,0.64,Sandy,6.361683364915195,0.0154879985934085,1.5,0.6151562605191592,coffee,0.4101041736794394
4491,564.6939,-1.942527959923206,-4.321889270787852,Rural_Kilimani,3.4668732,458.2,-5.8,32.2,13.2,0.54,Loamy,5.007417432479621,0.0711357358201456,7.1,4.205573247079106,wheat,0.5923342601519868
4492,391.78372,-12.84630558693687,-9.11930369888302,Rural_Akatsi,30.429502,1787.0,-6.1,31.8,12.85,0.72,Silt,6.81518982632386,0.0008022618812713,1.0,0.520462156901816,coffee,0.520462156901816
4493,640.01697,-8.15137323679297,-2.556080392089912,Rural_Hawassa,14.943497,1317.6,-4.3,30.4,13.05,0.64,Volcanic,4.21873390365624,0.1379789661027902,1.6,0.6187681652365202,cassava,0.3867301032728251
4494,685.18536,-6.587897684489771,-6.826454925267584,Rural_Amanzi,4.2469273,721.8,-4.4,30.3,12.95,0.56,Sandy,5.242561321068814,0.2906980676739049,4.9,2.8551020846896313,potato,0.5826738948346186
4495,843.4968,-4.204385963543396,-5.227316782569194,Rural_Kilimani,25.283033,594.1,-3.1,29.8,13.35,0.62,Sandy,5.365348810844711,0.2507487954895603,1.1,0.5239777757888512,maize,0.4763434325353192
4496,731.7477,-6.209419452808305,-7.993150077264437,Rural_Amanzi,10.327801,838.1,-3.9,32.2,14.150000000000002,0.59,Sandy,6.293116938235097,0.2638625445378735,4.0,1.5766687001170538,coffee,0.39416717502926346
4497,398.54242,-11.345909739913916,-4.939021455434837,Rural_Hawassa,5.005113,1778.7,-6.1,32.4,13.15,0.64,Silt,7.369090319705114,0.0140034762817329,2.1,0.7988843665155317,banana,0.38042112691215796
4498,774.12506,-4.483738944070192,-6.213827355107075,Rural_Kilimani,9.273893,516.7,-3.8,30.1,13.15,0.56,Sandy,4.903936753402506,0.2780322458221723,4.3,2.0923343488235013,tea,0.4865893834473259
4499,517.10065,-1.2666739747777314,-3.59214172397901,Rural_Kilimani,7.787054,573.6,-6.1,31.8,12.85,0.56,Loamy,5.898478804247888,0.0401968986111673,2.2,1.5301632538408447,wheat,0.6955287517458385
4500,581.68774,-6.88527343795378,-1.934443592956453,Rural_Hawassa,12.813137,1033.3,-5.1,31.7,13.3,0.61,Loamy,5.040574864607732,0.7039368800547853,1.0,0.528177849029607,cassava,0.528177849029607
4501,919.9932,-11.075568145855726,0.3448913371995619,Rural_Sokoto,7.9513373,2454.9,-0.8000000000000007,30.1,14.65,0.7,Volcanic,4.873502052416097,0.2637155397402842,4.1,2.424556319348368,tea,0.5913551998410654
4502,861.4345,-1.0098494604224513,-2.447969644414528,Rural_Kilimani,6.983234,1234.3,-2.3,28.7,13.2,0.61,Volcanic,4.011399163435974,0.0332442698961633,3.3,1.8127396920702432,tea,0.549315058203104
4503,764.9503,-5.087501837466817,-5.042627588623747,Rural_Kilimani,3.7388158,539.2,-3.9,30.9,13.5,0.54,Sandy,5.206127979899654,0.2937719829768131,12.1,5.0950466438972555,maize,0.42107823503283104
4504,428.37872,-10.24201489750964,-4.988572214786054,Rural_Hawassa,3.7751164,1576.4,-6.0,32.0,13.0,0.62,Silt,6.514178721225751,0.0524262049327458,10.9,5.898039493499837,wheat,0.5411045406880585
4505,296.32233,-13.080601635120637,-7.168805626239634,Rural_Hawassa,0.9461351,1625.2,-7.1,31.0,11.95,0.62,Silt,7.158243950086653,5.617273477381669e-05,12.7,5.9246230839901886,wheat,0.46650575464489674
4506,452.22717,-0.6584053881468037,-4.393963102571441,Rural_Kilimani,2.4820278,347.0,-6.9,32.3,12.7,0.53,Loamy,6.62840309223193,0.0065284005833833,5.3,3.709209086392979,wheat,0.6998507710175432
4507,853.65607,-4.709023605785351,-4.997581443759003,Rural_Kilimani,30.543364,620.3,-3.0,29.7,13.35,0.63,Sandy,4.94307037543635,0.278713876082473,1.9,1.132580638511914,potato,0.5960950729010074
4508,788.9006,-7.583655889270771,-7.610257845914119,Rural_Akatsi,13.635791,1193.7,-3.0,32.0,14.5,0.62,Sandy,5.675348791755131,0.0643227870170455,1.2,0.47484795054419693,coffee,0.39570662545349744
4509,893.1322,-4.839688709580143,-4.695772273165223,Rural_Kilimani,11.074615,688.4,-2.6,30.2,13.8,0.58,Rocky,5.011323786492405,0.2650473568664651,3.1,1.4340287648670966,tea,0.46258992415067635
4510,603.65204,-7.020444234982875,-4.511083079219775,Rural_Hawassa,4.545414,722.9,-5.2,27.6,11.2,0.56,Loamy,6.695725193707622,0.1346240286425269,3.0,1.6870305123930855,potato,0.5623435041310285
4511,574.723,-1.271179668012035,-3.2813233244122806,Rural_Kilimani,5.3599424,706.4,-5.4,31.7,13.15,0.56,Loamy,5.688376915029591,0.0502710404677446,3.2,2.031652181638909,maize,0.6348913067621591
4512,216.79707,-11.809996143047142,-6.236350427539446,Rural_Hawassa,33.86663,1633.1,-7.8,33.7,12.95,0.72,Silt,7.026279194633476,0.0038015790169537,0.7,0.33621297912158377,wheat,0.4803042558879768
4513,749.8219,-8.15137323679297,-4.056117016085866,Rural_Hawassa,1.5583224,1260.9,-3.3,29.8,13.25,0.59,Volcanic,4.315280082223021,0.0371844693691512,5.9,2.354501826474778,cassava,0.3990681061821657
4514,677.342,-8.191924475901699,-5.2183075535962455,Rural_Hawassa,8.277403,1141.1,-4.1,27.9,11.9,0.6,Sandy,5.43232291882635,0.3415643480271255,3.2,1.6933808804361392,potato,0.5291815251362935
4515,713.92126,-7.43947370577307,-3.141680275331576,Rural_Hawassa,2.3293202,1107.9,-3.8,30.5,13.35,0.58,Sandy,6.615409958195568,0.1532466081207859,5.1,2.7582924792984733,wheat,0.5408416626075438
4516,299.92496,-12.967959304263056,-7.42556865196867,Rural_Hawassa,6.6578674,1649.3,-7.1,32.6,12.75,0.64,Silt,6.8657828577027855,0.0003754584355197,2.2,0.8181032708321648,banana,0.37186512310552944
4517,476.19226,-10.169923805760789,-4.740818418029966,Rural_Hawassa,5.236726,1615.1,-5.5,32.0,13.25,0.63,Silt,5.838189155285508,0.0432309777973655,4.7,2.281394147986862,coffee,0.4854030102099706
4518,654.72894,-8.160384623261578,-5.452547506892911,Rural_Hawassa,4.292737,1105.7,-4.4,30.6,13.1,0.59,Sandy,6.488561150302048,0.2990240321425585,4.7,2.102217895198375,maize,0.4472804032336968
4519,613.10504,-8.191924475901699,-5.416510591001116,Rural_Hawassa,10.993432,1072.4,-4.8,32.2,13.7,0.61,Loamy,5.322377564980861,0.3096648755175351,2.4,1.4510460102815073,potato,0.6046025042839613
4520,625.3534,-2.1452841554668485,-5.916522798999768,Rural_Kilimani,35.04146,373.5,-5.3,30.8,12.75,0.63,Loamy,5.2226199855799535,0.3328291912694447,2.0,1.1133699029468642,wheat,0.5566849514734321
4521,384.44373,-11.0395225999813,-6.628251887862713,Rural_Hawassa,24.235159,1704.6,-6.5,31.6,12.55,0.7,Silt,7.1787295939282485,0.0575253711685658,0.8,0.3732757847009525,wheat,0.46659473087619063
4522,664.75555,-8.800193062532626,-0.4704438848522934,Rural_Sokoto,29.77465,1760.0,-3.7,31.0,13.65,0.72,Volcanic,4.039786494654762,0.1148863853781404,1.9,1.4693317090115625,tea,0.7733324784271383
4523,789.2617,-5.2361897141988205,-3.975033955329328,Rural_Kilimani,7.8006244,680.9,-3.5,26.9,11.7,0.57,Sandy,5.320763592884068,0.2105157843916401,4.6,2.2318812442018867,wheat,0.4851915748264971
4524,699.6572,-10.15640672605788,-9.394085182557957,Rural_Akatsi,2.492026,2048.6,-3.1,31.0,13.95,0.65,Volcanic,4.4640425609839225,0.123188656957879,9.7,5.229447112456868,banana,0.539118259016172
4525,683.5401,-5.988640484327449,-2.3713911981444644,Rural_Hawassa,12.322761,917.5,-4.3,30.3,13.0,0.6,Sandy,5.95254322198029,0.5776564039324613,0.6,0.2484414511599127,wheat,0.4140690852665212
4526,418.27814,-11.048533986449907,-7.29943944634739,Rural_Hawassa,8.263002,1791.6,-5.9,31.6,12.85,0.65,Silt,6.432091485930945,0.0306928867751013,4.4,2.3661080753522405,coffee,0.5377518353073274
4527,735.60974,-5.173110008918577,-3.673224784735548,Rural_Kilimani,11.721116,667.0,-4.0,30.3,13.15,0.58,Sandy,6.13616157615382,0.1973278174060942,4.2,2.4250081287281207,wheat,0.5773828877924096
4528,576.102,-1.5325098756016189,-5.73183360505432,Rural_Kilimani,2.9521282,330.2,-5.8,33.4,13.8,0.53,Loamy,5.1649251574353015,0.1743550107046918,11.7,6.6901729428974415,wheat,0.5718096532390976
4529,729.65045,-9.444507195037978,-0.8308130437702401,Rural_Sokoto,9.890184,1954.7,-2.9000000000000004,28.4,12.75,0.67,Volcanic,5.988051928262252,0.1448410619494186,4.7,3.008962637280838,coffee,0.6402048164427314
4530,631.5744,-10.643021595362622,-9.520214388179236,Rural_Akatsi,28.384346,2033.4,-4.0,32.9,14.45,0.73,Silt,6.900771165618322,0.0420693233437193,1.4,0.7102223994157829,coffee,0.5073017138684164
4531,515.09973,-12.50387290112983,-8.794971455856869,Rural_Akatsi,4.329085,1963.0,-4.8,33.7,14.45,0.65,Silt,5.809696593022245,0.0149947496311432,4.5,2.437925035150119,coffee,0.5417611189222487
4532,664.74506,-7.164626418480577,-6.934565672942969,Rural_Akatsi,4.913778,862.4,-4.5,29.3,12.4,0.57,Sandy,5.790139835260002,0.1876434905865751,2.3,1.3185768697835305,potato,0.5732942912102307
4533,693.125,-4.299005521463762,-2.7858157309001035,Rural_Kilimani,4.478063,785.2,-4.3,33.7,14.7,0.57,Sandy,6.585228076011272,0.3055045721115628,4.6,2.335473368072423,maize,0.5077116017548746
4534,773.05817,-2.302983418667459,-7.2363748435367485,Rural_Kilimani,27.6845,579.0,-3.8,29.6,12.9,0.62,Sandy,4.924351244024795,0.1166240973730109,1.6,0.7697210627277897,wheat,0.4810756642048685
4535,505.0369,-0.4556491926031611,-3.8083632193297774,Rural_Kilimani,8.418404,522.4,-6.2,32.0,12.9,0.56,Loamy,4.814249255712065,0.0048453099802738,3.3,1.949974953514574,wheat,0.5909015010650225
4536,641.39655,-6.889779131188083,-5.682282845703102,Rural_Amanzi,8.837487,689.4,-4.8,32.9,14.05,0.57,Sandy,5.371074949178824,0.2567383149210187,4.9,2.231512860677278,wheat,0.455410787893322
4537,290.62036,-13.481608332973616,-6.943574901915917,Rural_Hawassa,12.902113,1525.5,-7.3,35.1,13.9,0.65,Silt,5.409670447651064,6.864345758256468e-07,1.6,0.6733668622892179,wheat,0.4208542889307612
4538,589.0179,-7.615195741910893,-4.434504632949711,Rural_Hawassa,3.3702714,887.4,-5.1,32.4,13.65,0.57,Loamy,5.733793335336801,0.0835889440642739,6.6,4.309094976812541,potato,0.6528931783049305
4539,644.3538,-1.4514073973841608,-4.0471077871129175,Rural_Kilimani,6.7572856,605.6,-4.9,31.0,13.05,0.56,Sandy,6.372232358517453,0.0393112487559935,4.7,2.6163613215842894,potato,0.5566726216136786
4540,823.83185,-4.2899941349951565,-6.335451946241881,Rural_Kilimani,23.197449,571.4,-3.3,27.0,11.85,0.61,Sandy,5.276147755440098,0.2581479561405707,0.9,0.564068601574735,potato,0.6267428906385945
4541,727.5981,-7.975651200655147,-6.655279574781559,Rural_Akatsi,8.759828,1174.5,-3.5,29.7,13.1,0.61,Sandy,4.888946548156482,0.2242493513313438,2.3,1.32331054513677,tea,0.5753524109290304
4542,453.9836,-10.863800563843476,-7.957113161372644,Rural_Akatsi,8.98545,1830.2,-5.5,34.4,14.45,0.66,Silt,6.468579119297768,0.1106667868093688,3.5,1.8543677712220452,coffee,0.5298193632062986
4543,634.0936,-1.5189927958987075,-4.141704691328878,Rural_Kilimani,17.683619,575.2,-5.0,32.2,13.6,0.59,Loamy,6.210689285630112,0.0415411024274686,1.1,0.7722742639473658,maize,0.7020675126794234
4544,855.90186,-2.58684209242856,-1.1956868171746615,Rural_Kilimani,18.569778,1391.0,-2.3,28.0,12.85,0.65,Volcanic,4.416796985057798,0.2181537201071639,1.6,1.0044486582721994,tea,0.6277804114201246
4545,552.16284,-9.71484878909617,-7.457100953373991,Rural_Akatsi,1.3789774,1633.5,-4.8,32.5,13.85,0.62,Silt,7.160726877156984,0.0461762674622037,9.2,3.6610228058568337,coffee,0.3979372615061776
4546,671.62555,-7.191660577886395,-6.335451946241881,Rural_Akatsi,3.7377462,830.0,-4.4,26.6,11.1,0.57,Sandy,5.503348062993658,0.2886045772033331,14.4,8.288211890975445,potato,0.5755702702066281
4547,777.3479,-5.344326351822097,-4.398467717057916,Rural_Kilimani,4.397105,622.9,-3.7,28.9,12.6,0.55,Sandy,6.423845312716098,0.2435253620471722,3.8,2.0578436332437517,potato,0.54153779822204
4548,623.78046,-8.912835393390205,-4.835415322245927,Rural_Hawassa,4.9129605,1352.7,-4.4,30.2,12.9,0.61,Peaty,5.106456488801371,0.0542136718098729,4.0,2.4964864605947237,tea,0.6241216151486809
4549,675.9259,-8.286544033822064,-3.848904749708047,Rural_Hawassa,8.065832,1247.2,-4.0,31.3,13.65,0.61,Volcanic,4.099672395860886,0.0294659284761479,4.2,2.7617932765421584,tea,0.6575698277481329
4550,625.0531,-6.430198421289161,-0.8758591886349836,Rural_Sokoto,1.9247079,1175.2,-4.6,32.6,14.0,0.59,Loamy,6.150448400788713,0.8567001009042995,7.0,3.417163325843412,wheat,0.4881661894062017
4551,863.02594,-2.541785160085528,-1.1911822026881873,Rural_Kilimani,15.855367,1403.3,-2.2,28.8,13.3,0.65,Volcanic,5.017303367395987,0.2070494457787396,1.4,0.9185135538998246,tea,0.6560811099284461
4552,461.8258,-10.575436196848074,-5.375969060622848,Rural_Hawassa,1.236996,1700.6,-5.6,31.0,12.7,0.62,Silt,6.726235377690311,0.1116956193387567,6.0,2.9426733367318834,coffee,0.49044555612198054
4553,909.33234,-2.005607665203451,-1.465963686363122,Rural_Kilimani,6.9984636,1444.8,-1.6999999999999993,26.3,12.3,0.62,Volcanic,4.593115455731668,0.1214155848205086,4.4,2.823371867482975,tea,0.6416754244279488
4554,773.11127,-8.601942560223286,0.9124727624953284,Rural_Sokoto,43.78718,1893.4,-2.6,31.8,14.6,0.77,Volcanic,5.336280271776895,0.0686858609864186,1.8,1.4892147751000415,tea,0.8273415417222453
4555,417.46652,-0.5592801369921343,-4.065126245058815,Rural_Kilimani,22.793507,374.6,-7.2,31.4,12.1,0.59,Loamy,5.836291935427655,0.0054568849184402,1.6,0.9875313384703264,maize,0.617207086543954
4556,416.18137,-11.188210476713303,-5.164252179758553,Rural_Hawassa,24.85704,1774.1,-5.9,35.3,14.7,0.7,Silt,6.096554307576426,0.0195768478488698,1.9,0.9723511380208525,banana,0.5117637568530803
4557,778.33746,-3.65469138895841,-2.0380497261453625,Rural_Kilimani,0.6734468,1063.0,-3.3,26.8,11.75,0.57,Sandy,6.417777154117069,0.4808807831440045,12.3,5.8964433000739955,wheat,0.47938563415235735
4558,516.1338,-6.407669955117644,-3.5245725066818947,Rural_Hawassa,41.344635,604.0,-6.1,32.2,13.05,0.67,Loamy,5.113160762085202,0.386968326123331,0.8,0.4975750644014319,potato,0.6219688305017899
4559,585.8896,-9.079546043059423,-6.9075379860241215,Rural_Akatsi,13.68141,1404.7,-4.8,30.6,12.9,0.64,Silt,6.075743016391543,0.0378577232038327,1.5,0.6686816216814293,coffee,0.44578774778761954
4560,907.31354,-1.2441455086062143,-2.506529632738694,Rural_Kilimani,8.863256,1253.1,-1.9000000000000004,28.9,13.5,0.61,Volcanic,4.7501681783905205,0.0558505811478715,2.7,1.677685145733476,tea,0.6213648687901763
4561,738.19446,-4.9343082675005085,-6.470590380836112,Rural_Kilimani,23.141312,508.5,-4.1,29.8,12.85,0.6,Sandy,5.871038855758562,0.3264978090254264,1.7,0.9858178579489651,potato,0.5798928576170383
4562,814.2998,-4.371096613212613,-1.7857913149027995,Rural_Kilimani,7.8868246,1120.8,-2.9000000000000004,27.4,12.25,0.6,Sandy,6.033902771635035,0.6565590704475656,2.5,0.9984876495992714,wheat,0.3993950598397086
4563,491.98682,-5.308280805947671,0.5385897601179586,Rural_Kilimani,9.843675,1099.2,-5.8,29.6,11.9,0.61,Loamy,5.837118297112706,0.7302009848682987,3.2,1.4748592081429406,wheat,0.4608935025446689
4564,638.78503,-7.8089405509859295,-4.425495403976762,Rural_Hawassa,6.6141105,1002.4,-4.6,30.2,12.8,0.59,Sandy,5.263301676703131,0.0701233084008139,4.7,2.6846332022878814,potato,0.5711985536782727
4565,795.65967,-6.97088160940554,-7.53818401413053,Rural_Akatsi,7.986211,1014.5,-3.1,31.9,14.4,0.59,Sandy,4.960821378404533,0.1910590709203925,4.5,2.324210289202464,tea,0.5164911753783253
4566,744.68976,-7.407933853132948,-0.6100869339329977,Rural_Sokoto,2.784353,1504.7,-3.2,30.1,13.45,0.61,Volcanic,5.872692046864756,0.5084099020741909,9.3,4.176036101911607,coffee,0.4490361399904953
4567,664.342,-6.479761046866495,-4.26783389695016,Rural_Hawassa,6.6599994,679.3,-4.6,31.7,13.55,0.56,Sandy,6.7359663102047485,0.1704443479281271,3.3,1.9114650995027502,wheat,0.5792318483341667
4568,854.3963,-3.934044369485205,-3.2227633360881143,Rural_Kilimani,3.8709075,878.3,-2.7,31.9,14.6,0.57,Rocky,6.193514099013628,0.2759513874200532,14.5,8.709084993777282,wheat,0.600626551294985
4569,721.77423,-8.885801233984386,0.1061467694164219,Rural_Sokoto,28.582798,1877.1,-3.0,32.4,14.7,0.72,Volcanic,4.533078977528377,0.1328863873745879,1.6,1.3531897357829115,tea,0.8457435848643197
4570,683.8825,-5.903032312875689,-1.92092974949703,Rural_Hawassa,16.197023,995.3,-4.2,29.8,12.8,0.62,Sandy,5.776610994193192,0.7874448661355845,1.7,0.7816716443803998,potato,0.4598068496355293
4571,876.1687,-4.488244637304495,-5.335427530244578,Rural_Kilimani,4.01877,623.1,-2.8,28.3,12.75,0.55,Rocky,6.248050710069593,0.2768955997331737,11.3,7.306974229996767,wheat,0.6466348876103333
4572,437.40918,-1.2621682815434276,-5.903008955540345,Rural_Kilimani,10.017177,176.7,-7.2,30.2,11.5,0.54,Loamy,6.529638849152914,0.1201992316886393,2.2,1.4652501437562744,wheat,0.6660227926164883
4573,709.44904,-0.996332380719542,-2.848880333710744,Rural_Kilimani,16.07796,969.0,-4.0,29.4,12.7,0.62,Sandy,5.848560396826811,0.0322524158190029,1.0,0.6080920837380981,cassava,0.6080920837380981
4574,236.7544,-12.828282813999657,-6.826454925267584,Rural_Hawassa,1.8422067,1604.6,-7.7,34.0,13.15,0.62,Silt,5.9730945032619,4.31260183286824e-05,12.1,5.251094998242031,banana,0.4339747932431431
4575,852.6388,-2.8301495270809305,-7.551697857589953,Rural_Kilimani,11.624826,697.7,-2.9000000000000004,30.2,13.65,0.58,Rocky,5.72500239703457,0.0699002408684006,4.0,2.511080947595021,potato,0.6277702368987552
4576,661.39606,-5.051456291592391,-7.042676420618352,Rural_Kilimani,28.518536,476.4,-4.9,29.5,12.3,0.62,Sandy,6.176381962090284,0.4135874053795526,1.5,0.7645450903242831,wheat,0.5096967268828554
4577,691.3966,-4.880239948688871,-7.637285532832965,Rural_Amanzi,9.361807,577.7,-4.5,30.8,13.15,0.56,Sandy,6.60358044923439,0.4199417862106942,3.5,1.7298144939633497,maize,0.4942327125609571
4578,531.6906,-9.435495808569373,-4.330898499760801,Rural_Hawassa,16.277948,1457.7,-5.1,30.5,12.7,0.65,Silt,7.162165660665891,0.0081698532055781,0.8,0.287538762903694,cassava,0.35942345362961753
4579,767.7033,-5.11904169010694,-1.709212868632736,Rural_Kilimani,25.832733,1079.0,-3.3,31.5,14.1,0.65,Sandy,6.366104483413991,0.8088157129463395,1.4,0.2740408884746814,coffee,0.1957434917676296
4580,601.1116,-1.0098494604224513,-3.168707962250422,Rural_Kilimani,12.775939,772.3,-5.1,32.0,13.45,0.59,Loamy,5.1073031970212055,0.0300588309112102,2.0,1.2075046507233154,wheat,0.6037523253616577
4581,835.0912,-4.817160243408626,-4.411981560517339,Rural_Kilimani,1.5677915,656.1,-3.1,29.9,13.4,0.55,Sandy,6.609624348636045,0.24253211258248,13.6,7.910797986555969,maize,0.5816763225408801
4582,885.4224,-4.641438207270804,-4.556129224084518,Rural_Kilimani,15.780201,690.1,-2.6,29.0,13.2,0.59,Rocky,4.506154467416092,0.2474737199348979,1.1,0.4860638571643517,tea,0.44187623378577423
4583,819.1848,-3.551060444569437,-4.5471199951115695,Rural_Kilimani,0.88138336,639.9,-3.3,29.4,13.05,0.54,Sandy,6.260906679938194,0.1827778512561801,13.4,7.712407346617493,potato,0.5755527870610069
4584,533.24664,-10.444771093053284,-5.574172098027718,Rural_Hawassa,2.2685308,1747.9,-4.8,29.9,12.55,0.63,Silt,6.849871470589975,0.1874624040919023,5.1,2.3323725686158077,coffee,0.45732795463055054
4585,574.7646,-0.9647925280794194,-3.2858279388987546,Rural_Kilimani,12.837292,716.8,-5.4,31.3,12.95,0.59,Loamy,6.244579187270421,0.0254618311853732,1.0,0.692851161915875,maize,0.692851161915875
4586,805.4772,-8.02521382623248,0.0926329259569991,Rural_Sokoto,14.626451,1764.5,-2.4000000000000004,29.2,13.4,0.67,Volcanic,4.666637199119876,0.2147002322746027,1.1,0.8573828096474178,tea,0.7794389178612888
4587,572.15326,-1.6000952741161658,-5.587685941487141,Rural_Kilimani,18.499815,333.2,-5.8,31.1,12.65,0.57,Loamy,6.032929587104065,0.170894444476275,1.9,1.2728775611959522,wheat,0.6699355585241854
4588,448.51212,-1.4153618515097364,-5.443538277919963,Rural_Kilimani,14.100338,213.2,-7.0,31.3,12.15,0.55,Loamy,5.440211908262208,0.1115826476019591,0.8,0.45574447417928293,wheat,0.5696805927241037
4589,439.00558,-10.309600296024186,-5.006590672731952,Rural_Hawassa,15.017767,1610.6,-5.8,29.9,12.05,0.66,Silt,5.622162239035931,0.0553704213347874,1.1,0.7302144728885617,rice,0.6638313389896014
4590,814.6467,-3.6501856957241055,-3.290332553385229,Rural_Kilimani,10.803859,834.7,-3.1,27.8,12.35,0.59,Sandy,5.351064241303003,0.2973212495054382,4.0,1.8089006757339468,wheat,0.4522251689334867
4591,664.93176,-8.277532647353459,-4.614689212408685,Rural_Hawassa,13.538003,1178.0,-4.2,32.5,14.15,0.62,Sandy,5.748245003308909,0.0879653550315646,1.7,0.7984817377037241,wheat,0.4696951398257201
4592,877.63165,-3.9926183815311465,-1.839846688740492,Rural_Kilimani,7.104168,1192.4,-2.2,29.0,13.4,0.6,Rocky,5.925696637366321,0.5771002297230626,4.2,0.9710965994350056,coffee,0.23121347605595371
4593,626.9232,-9.358899023586218,-2.4569788733874764,Rural_Hawassa,1.0540035,1677.1,-4.1,29.8,12.85,0.62,Silt,6.943055526325344,0.0499737754795912,12.1,5.126366511431612,coffee,0.4236666538373233
4594,723.94775,-8.331600966165098,-0.4794531138252418,Rural_Sokoto,17.499216,1712.6,-3.1,29.2,13.05,0.68,Volcanic,5.669180357747391,0.1549489335251351,2.0,1.5468444618071757,tea,0.7734222309035879
4595,661.1981,-6.168868213699577,-2.3488681257120927,Rural_Hawassa,6.1414976,921.2,-4.5,30.4,12.95,0.58,Sandy,5.6822324529873205,0.5932245970170447,3.7,1.370204117917503,wheat,0.37032543727500083
4596,837.58673,-3.75381664011308,-1.227219118579982,Rural_Kilimani,14.639607,1286.3,-2.5,28.8,13.15,0.63,Volcanic,5.669826058149617,0.6283715756022226,1.4,0.7138492297309416,cassava,0.5098923069506726
4597,406.67084,-14.62605441448662,-7.267907144942069,Rural_Hawassa,0.7483489,1259.1,-6.5,34.1,13.8,0.59,Peaty,4.73723977636895,5.533367286463811e-10,7.8,2.8876621588744844,banana,0.37021309729160057
4598,748.85333,-3.767333719815989,-6.632756502349188,Rural_Kilimani,15.795202,508.9,-4.0,29.3,12.65,0.58,Sandy,5.012221694689243,0.1972257041470713,1.0,0.5092778376091391,tea,0.5092778376091391
4599,787.52313,-3.208627758762397,-7.182319469699057,Rural_Kilimani,16.65901,592.9,-3.6,29.9,13.15,0.59,Sandy,6.345624386337295,0.1218068360847297,1.6,0.9349609137442116,maize,0.5843505710901322
4600,395.81155,-10.86830625707778,-5.182270637704451,Rural_Hawassa,9.972599,1696.4,-6.2,32.9,13.35,0.65,Silt,6.8196997655501805,0.0456383679537237,3.6,1.8437171626642759,wheat,0.5121436562956322
4601,644.9354,-7.088029633497423,-2.695723441170617,Rural_Hawassa,1.840888,1014.4,-4.5,30.5,13.0,0.57,Sandy,5.61206587809038,0.359069358591428,6.6,3.5254099201121427,potato,0.5341530181988096
4602,569.0728,-2.402108669822129,-5.078664504515541,Rural_Kilimani,6.5651755,354.8,-5.8,31.7,12.95,0.54,Loamy,5.390309108482165,0.1678575124320536,4.2,2.4947697583257984,wheat,0.5939927996013805
4603,593.54425,-6.804170959736323,-5.691292074676051,Rural_Amanzi,17.364317,617.1,-5.3,32.3,13.499999999999998,0.59,Loamy,5.569793056606844,0.2505253591402882,1.1,0.6989991689982088,wheat,0.6354537899983715
4604,873.5686,-3.816896345393325,-4.524596922679198,Rural_Kilimani,0.75394905,692.3,-2.7,31.5,14.4,0.55,Rocky,5.3599033761736745,0.1995053186118077,7.4,4.302583959324598,potato,0.5814302647735943
4605,851.80804,-1.5415212620702246,-1.227219118579982,Rural_Kilimani,8.045318,1484.3,-2.2,31.2,14.5,0.63,Volcanic,5.416856747131139,0.0547141571509203,2.7,1.8417020496736578,tea,0.6821118702495028
4606,809.30817,-11.093590918792938,-0.2992685343662684,Rural_Sokoto,0.6780492,2332.5,-1.8000000000000007,28.4,13.3,0.67,Volcanic,4.852555262982155,0.3402784291021521,7.4,4.76551195709906,tea,0.6439881023106837
4607,159.80362,-11.904615700967508,-7.1597963972666845,Rural_Hawassa,9.395797,1570.2,-8.6,32.2,11.8,0.64,Silt,6.844283674152439,0.0124160568343333,4.7,1.722776402641201,banana,0.36654817077472357
4608,558.3947,-6.813182346204929,-4.042603172626444,Rural_Hawassa,6.738516,666.8,-5.6,29.0,11.7,0.56,Loamy,5.748204938852551,0.1373717442437357,2.3,1.463461032374327,maize,0.6362874053801422
4609,601.55853,-5.677747651160532,-0.6236007773924206,Rural_Kilimani,2.238212,1113.7,-4.8,29.0,12.1,0.58,Loamy,5.652071770612241,0.9291458374935956,10.5,5.230272043543695,potato,0.49812114700416144
4610,772.88513,-4.929802574266207,-5.195784481163874,Rural_Kilimani,9.069954,531.7,-3.8,30.4,13.3,0.56,Sandy,5.078490821846343,0.2973643874332087,2.3,1.3537224234761664,potato,0.5885749667287681
4611,259.56052,-12.544424140238558,-6.970602588834763,Rural_Hawassa,14.785956,1665.4,-7.4,33.6,13.1,0.66,Silt,6.192603086472816,0.0005035030171844,1.2,0.5970729062598471,wheat,0.4975607552165393
4612,984.0653,-4.186363190606183,-3.925483195978111,Rural_Kilimani,9.548992,880.1,-1.5999999999999996,31.4,14.9,0.59,Rocky,4.483356304765252,0.2116041563214264,3.9,1.5911650927199144,tea,0.4079910494153627
4613,584.4501,-7.0790182470288165,-3.357901770682344,Rural_Hawassa,21.221468,846.9,-5.2,30.6,12.7,0.62,Loamy,6.237766552316073,0.1741926661726621,1.1,0.7129096898646102,maize,0.6480997180587366
4614,605.1781,-9.831996813188052,-5.177766023217977,Rural_Hawassa,24.395706,1653.6,-4.2,33.1,14.45,0.69,Silt,5.938196882376487,0.0629961543990181,1.7,0.8894463557752891,banana,0.5232037386913465
4615,768.80975,-10.57093050361377,-0.375846980636332,Rural_Sokoto,46.965073,2233.8,-2.3,27.1,12.4,0.81,Volcanic,4.525016378723188,0.3609569310590847,1.8,1.1900611365627976,tea,0.6611450758682208
4616,569.2361,-6.9078019041252965,-2.8533849481972178,Rural_Hawassa,6.756864,867.0,-5.4,29.6,12.1,0.58,Loamy,5.713849496778673,0.3465845628670734,2.8,1.720005779051429,cassava,0.6142877782326532
4617,601.33307,-5.781378595549505,0.8313897017387905,Rural_Sokoto,8.478752,1244.7,-4.7,29.7,12.5,0.61,Peaty,5.56679102674064,0.6729845160927395,4.1,1.2448882291007346,wheat,0.3036312753904231
4618,841.04315,-3.780850799518898,-5.430024434460539,Rural_Kilimani,11.230294,588.4,-3.1,30.5,13.7,0.57,Rocky,6.28935326581276,0.2219557969983518,4.7,2.998934902598205,maize,0.6380712558719585
4619,682.38617,-7.763883618642898,-5.3849782895957965,Rural_Hawassa,10.024581,996.7,-4.2,29.6,12.7,0.6,Sandy,5.399813750216224,0.2605308263721793,4.1,2.327178420944381,cassava,0.5676044929132638
4620,724.28204,-4.411647852321341,-2.146160473820747,Rural_Kilimani,17.00027,949.7,-3.9,28.5,12.3,0.62,Sandy,4.970727702588029,0.5127344476617338,1.2,0.590476478655052,potato,0.4920637322125434
4621,736.79016,-10.3276230689614,-0.6326100063653695,Rural_Sokoto,11.9498415,2142.0,-2.8,28.1,12.65,0.69,Volcanic,4.859648290209831,0.3105159627950861,0.7,0.5111007285308166,tea,0.7301438979011665
4622,904.57983,-7.7233323795341695,-6.258873499971818,Rural_Hawassa,31.492277,1236.6,-2.0,27.4,12.7,0.68,Volcanic,4.162251318478268,0.3578697744806633,1.6,0.8046376886368627,tea,0.5028985553980392
4623,502.9518,-0.4241093399630387,-3.5245725066818947,Rural_Kilimani,3.3285468,589.2,-6.2,33.9,13.85,0.55,Loamy,6.671357719408358,0.0053512546419632,13.8,10.227395334625083,wheat,0.7411156039583393
4624,794.2216,-1.275685361246337,-1.4929913732819675,Rural_Kilimani,7.9460936,1390.0,-2.8,28.9,13.05,0.62,Volcanic,4.304006638012702,0.0389426768251673,4.1,2.698960972514769,tea,0.6582831640279926
4625,473.22415,-9.097568815996636,-5.871476654135025,Rural_Hawassa,21.846601,1258.7,-5.9,30.9,12.5,0.65,Silt,6.32491190048713,0.0728390788634972,1.4,0.6449653707827488,coffee,0.4606895505591063
4626,640.26105,-8.106316304449939,-6.866996455645853,Rural_Akatsi,19.6687,1132.2,-4.5,31.6,13.55,0.64,Sandy,5.302723115053246,0.1447878216587698,0.7,0.3807683129447897,cassava,0.543954732778271
4627,550.1966,-5.533565467662831,0.160202143254114,Rural_Sokoto,4.556815,1140.7,-5.3,30.4,12.55,0.59,Loamy,6.551747123671768,0.895421026454313,4.2,1.2351608843600281,coffee,0.29408592484762575
4628,643.5731,-2.073193063717998,-2.848880333710744,Rural_Kilimani,8.558539,835.6,-4.7,29.2,12.25,0.58,Sandy,6.197681923120988,0.2119182899460884,4.0,2.1658268000379137,wheat,0.5414567000094784
4629,815.543,-9.998707462857269,0.6872420381716116,Rural_Sokoto,12.258586,2225.3,-1.9000000000000004,30.9,14.5,0.7,Volcanic,5.438728330882621,0.2429613653996964,1.2,0.7038953843568541,banana,0.586579486964045
4630,891.78705,-3.767333719815989,-3.033569527656192,Rural_Kilimani,14.453584,962.4,-2.3,30.6,14.15,0.61,Rocky,4.112636079333288,0.3203418848285252,0.9,0.34585025771252065,tea,0.3842780641250229
4631,697.8736,-8.592931173754682,1.119685028873148,Rural_Sokoto,4.995788,1817.4,-3.3,30.6,13.65,0.64,Volcanic,5.7179601710689285,0.0533077697763534,3.2,1.9874812123495134,banana,0.6210878788592229
4632,429.99054,-13.747444233797504,-6.835464154240532,Rural_Hawassa,8.3575735,1589.5,-6.0,32.8,13.4,0.64,Silt,7.120079286415801,7.12223527605166e-08,2.8,1.0127628497383803,banana,0.3617010177637072
4633,685.8484,-5.033433518655178,-1.3218160227959432,Rural_Kilimani,6.060621,1066.7,-4.1,30.4,13.15,0.59,Sandy,5.059262961524543,0.879624370990144,4.0,0.9446521567073675,wheat,0.23616303917684187
4634,748.73193,-3.1725822128879706,-1.7542590134974796,Rural_Kilimani,4.4622393,1120.4,-3.5,29.8,13.15,0.59,Sandy,5.303802645195037,0.4082418199991858,3.5,1.306611969252201,wheat,0.3733177055006288
4635,588.0439,-6.308544703962975,-6.830959539754059,Rural_Amanzi,55.831596,558.9,-5.4,31.5,13.05,0.71,Loamy,5.579933747857439,0.3397411914177597,1.5,0.9847290362055785,potato,0.6564860241370524
4636,599.9333,-5.596645172943076,-0.9569422493915216,Rural_Kilimani,6.569351,1057.2,-4.9,30.9,13.0,0.59,Loamy,5.251308395951248,0.9124902203883016,3.4,1.8081334692160236,cassava,0.5318039615341246
4637,550.7121,-8.881295540750084,-6.952584130888865,Rural_Akatsi,19.57946,1318.4,-5.1,32.7,13.8,0.65,Silt,6.852969276093229,0.0441980371142485,0.5,0.28346261497879455,wheat,0.5669252299575891
4638,843.92316,-3.447429500180464,-4.862443009164773,Rural_Kilimani,16.90366,635.3,-3.1,29.4,13.15,0.59,Rocky,5.039034679752122,0.179810119062383,1.0,0.5751384808197514,potato,0.5751384808197514
4639,267.84885,-12.643549391393227,-7.114750252401941,Rural_Akatsi,4.354822,1663.2,-7.4,31.0,11.8,0.63,Silt,6.459774396384511,0.000663353224688,2.0,1.1346746442357458,rice,0.5673373221178729
4640,672.37054,-7.732343766002776,-7.213851771104378,Rural_Akatsi,20.78105,1073.3,-4.2,29.6,12.7,0.64,Sandy,4.564399426781754,0.0979183455442545,1.0,0.39746367246707537,wheat,0.39746367246707537
4641,780.80206,-6.132822667825151,-7.168805626239634,Rural_Amanzi,3.06406,762.0,-3.5,28.7,12.6,0.56,Sandy,5.651251562344451,0.4590528878909872,7.4,3.24538613144595,maize,0.4385656934386419
4642,555.4281,-9.097568815996636,-6.641765731322136,Rural_Akatsi,7.6681643,1365.9,-5.1,31.2,13.05,0.62,Silt,6.574836554330743,0.0499900292899316,4.0,1.7794027408021766,coffee,0.44485068520054416
4643,551.2709,-1.1855714965602733,-4.430000018463237,Rural_Kilimani,15.119989,444.5,-5.9,31.1,12.6,0.57,Loamy,4.902881278474041,0.0214270876318055,1.5,0.9509609564729495,potato,0.6339739709819664
4644,311.5105,-11.52613746928604,-8.45262075488482,Rural_Akatsi,5.781584,1774.1,-6.9,34.0,13.55,0.64,Silt,5.645830562304198,0.2837405161628892,3.0,1.2923844036010075,banana,0.43079480120033586
4645,850.3407,-3.834919118330536,-4.249815439004263,Rural_Kilimani,5.339332,702.4,-2.9000000000000004,28.4,12.75,0.56,Rocky,5.439610348745513,0.2022844640217241,2.8,1.6839319026815744,potato,0.6014042509577052
4646,227.084,-11.147659237604577,-6.695821105159829,Rural_Hawassa,1.4730426,1595.7,-7.7,34.8,13.55,0.62,Silt,6.63452891805991,0.0358145299652582,12.9,6.619631422211228,wheat,0.5131497226520332
4647,906.7465,-3.870964664204962,-4.177741607220674,Rural_Kilimani,5.5416074,770.4,-2.4000000000000004,29.9,13.75,0.57,Rocky,6.0941717736842005,0.2050559847042458,4.2,1.5640337015611576,coffee,0.3723889765621804
4648,637.8817,-4.064709473279997,-0.2587270039879994,Rural_Kilimani,4.412978,1212.5,-4.4,28.9,12.25,0.6,Volcanic,4.539277343387834,0.637787791632294,3.8,1.0871037242287145,wheat,0.2860799274286091
4649,797.641,-4.866722868985962,-5.321913686785155,Rural_Kilimani,41.290184,550.0,-3.6,30.3,13.35,0.66,Sandy,4.846455174822226,0.2992042903667073,1.0,0.46646403057430275,tea,0.46646403057430275
4650,836.0396,-11.23777310229064,-0.3127823778256913,Rural_Sokoto,6.274521,2368.9,-1.5,31.0,14.75,0.69,Volcanic,5.1312295625622975,0.3341388755141302,3.1,1.6041644137246573,coffee,0.517472391524083
4651,582.618,-6.741091254456078,-3.857913978680996,Rural_Hawassa,0.9225057,697.0,-5.4,31.8,13.2,0.55,Loamy,5.389834886623883,0.162125440866688,11.7,7.228436983042813,wheat,0.617815126755796
4652,784.91846,-5.312786499181975,-5.515612109703552,Rural_Kilimani,8.588254,559.4,-3.7,30.4,13.35,0.56,Sandy,5.589600515231415,0.3090302119744345,4.1,1.926632856055434,maize,0.4699104526964474
4653,790.9501,-4.943319653969116,-6.452571922890214,Rural_Kilimani,12.161272,563.1,-3.6,30.0,13.2,0.57,Sandy,6.26187152846083,0.325300235421757,0.9,0.4859354444868002,maize,0.5399282716520002
4654,612.6953,-14.207024943696426,-6.704830334132777,Rural_Hawassa,13.251208,1633.6,-4.2,30.3,13.05,0.66,Silt,7.178292819591349,9.714016424846891e-09,1.1,0.4208335569402567,coffee,0.3825759608547788
4655,363.66614,-11.044028293215604,-6.443562693917266,Rural_Hawassa,16.559837,1708.8,-6.4,33.2,13.400000000000002,0.67,Silt,7.017576485885818,0.0759349140303077,0.9,0.3402559653513054,banana,0.3780621837236727
4656,597.9269,-6.894284824422387,-2.569594235549335,Rural_Hawassa,13.210475,942.8,-5.0,29.9,12.45,0.6,Loamy,4.53126961135977,0.4481997910211227,1.5,0.7174966975177528,wheat,0.47833113167850183
4657,837.07324,-3.267201770808338,-7.718368593589504,Rural_Kilimani,19.559189,705.2,-3.1,30.1,13.5,0.61,Rocky,5.200684338796114,0.0693733669406057,1.0,0.5837010227234289,potato,0.5837010227234289
4658,782.8984,-8.399186364679643,-0.6010777049600489,Rural_Sokoto,1.1721563,1774.1,-2.6,28.9,13.15,0.63,Volcanic,4.514802711649861,0.1441110110779386,6.4,5.071039114940071,tea,0.7923498617093859
4659,816.745,-1.8343913222999308,-1.2182098896070337,Rural_Kilimani,14.146632,1418.6,-2.6,28.3,12.85,0.64,Volcanic,3.93987888841617,0.0851329291355583,1.9,1.115666988152361,tea,0.5871931516591374
4660,426.74414,-12.170451601791395,-9.218405217585456,Rural_Akatsi,2.3573933,1910.7,-5.7,33.6,13.95,0.64,Silt,6.1305089020508605,0.0127999759257819,5.6,3.1507487608510276,coffee,0.5626337072948264
4661,529.3534,-1.1134804048114226,-3.321864854790549,Rural_Kilimani,19.906994,655.4,-5.9,31.5,12.8,0.6,Loamy,5.947441194050196,0.0350783341725363,1.6,1.0587647532638127,potato,0.6617279707898829
4662,577.8433,-1.8434027087685363,-4.569643067543941,Rural_Kilimani,0.5048988,437.4,-5.7,30.8,12.55,0.53,Loamy,5.230514005932464,0.0658111334515477,14.8,9.879193218802616,potato,0.667513055324501
4663,612.75665,-7.389911080195735,-4.3804492591120185,Rural_Hawassa,6.142639,847.1,-5.0,33.5,14.25,0.58,Loamy,6.539548173899292,0.0967749773718723,2.0,0.9594624002293207,coffee,0.47973120011466036
4664,829.1765,-2.064181677249392,-0.8758591886349836,Rural_Kilimani,3.8970358,1475.0,-2.4000000000000004,31.5,14.55,0.62,Volcanic,5.40810984768247,0.1051320782737434,9.4,4.84269440492536,cassava,0.5151802558431233
4665,609.39545,-1.5505326485388302,-2.9614956958726024,Rural_Kilimani,15.373157,806.1,-5.0,30.5,12.75,0.6,Loamy,6.3169454652386,0.0976647354023948,1.5,1.0146321692315836,maize,0.676421446154389
4666,575.4879,-7.642229901316712,-1.9254343639835043,Rural_Sokoto,11.095396,1200.7,-5.0,29.1,12.05,0.62,Loamy,5.037747651125799,0.4520721841146196,3.8,2.323944797369097,tea,0.6115644203602887
4667,645.69366,-8.016202439763875,-6.9075379860241215,Rural_Akatsi,14.014026,1082.9,-4.7,31.9,13.6,0.62,Sandy,6.135810884013246,0.1462193162454473,0.8,0.41322279427776315,wheat,0.5165284928472039
4668,523.8055,-11.697353812189563,-9.538232846125137,Rural_Akatsi,9.416235,2037.5,-4.7,33.0,14.15,0.67,Silt,7.007201655539868,0.0073617020268233,4.3,2.2348243702906267,coffee,0.5197265977420062
4669,636.3934,-5.745333049675079,-0.4028746675551782,Rural_Sokoto,25.129019,1183.4,-4.4,29.6,12.6,0.66,Loamy,5.024137027564678,0.9568484426971638,0.5,0.22163901220197252,tea,0.44327802440394504
4670,849.42377,-8.53435716170874,0.3223682647671901,Rural_Sokoto,14.179617,1921.3,-2.0,30.6,14.3,0.68,Volcanic,4.25407489027143,0.1128421212850938,1.7,1.2390018969196337,tea,0.7288246452468434
4671,675.06,-9.250762385962943,-2.727255742575937,Rural_Hawassa,26.37871,1669.3,-3.6,29.4,12.9,0.7,Volcanic,4.607928525284879,0.0140999673696983,0.6,0.49365771643795836,tea,0.8227628607299307
4672,580.408,-2.465188375102373,-7.772423967427195,Rural_Kilimani,15.546648,435.6,-5.6,31.4,12.9,0.57,Loamy,4.765935373657371,0.0415759202576459,0.8,0.4686825722497349,wheat,0.5858532153121686
4673,700.78827,-7.484530638116102,-0.0334962796642823,Rural_Sokoto,6.5893316,1529.9,-3.5,30.5,13.5,0.63,Volcanic,4.315559527083574,0.4406695751970415,4.2,2.730376130026651,tea,0.6500895547682501
4674,843.43085,-4.99288227954645,-4.857938394678299,Rural_Kilimani,34.56532,628.7,-3.1,30.9,13.9,0.65,Sandy,5.120247375107772,0.2807878828748607,0.9,0.42494343207641766,wheat,0.4721593689737974
4675,703.3639,-2.9202633917669942,-2.673200368738245,Rural_Kilimani,10.161645,884.2,-4.1,30.1,13.0,0.59,Sandy,6.057831588564365,0.3844083137160131,3.8,1.864675867809236,wheat,0.49070417573927266
4676,771.5221,-3.551060444569437,-1.4479452284172247,Rural_Kilimani,5.8452034,1185.4,-3.2,31.1,13.95,0.6,Sandy,5.116579573831891,0.5371876332158453,2.7,1.1441542791207453,tea,0.42376084411879456
4677,884.56696,-0.888195743096265,-2.5425665486304885,Rural_Kilimani,4.9443536,1252.9,-2.0,29.2,13.6,0.6,Volcanic,5.493269573732241,0.0252402353251186,2.4,1.340305308595576,cassava,0.5584605452481567
4678,531.76196,-5.745333049675079,-0.7497299830137021,Rural_Sokoto,3.7166696,1026.9,-5.5,32.4,13.45,0.58,Loamy,4.979553634554271,0.9233672466694244,8.2,4.011623202570402,cassava,0.4892223417768784
4679,451.88055,-13.990751668449876,-6.8985287570511735,Rural_Hawassa,4.6134925,1540.9,-5.8,31.3,12.75,0.62,Silt,6.395374722934098,2.2013790295384232e-08,4.7,2.324235681312417,coffee,0.49451823006647166
4680,361.3035,-11.530643162520343,-4.893975310570093,Rural_Hawassa,31.996075,1760.3,-6.4,34.4,14.0,0.72,Silt,5.734503192075493,0.0077404962732591,1.9,1.004041155487765,coffee,0.5284427134146132
4681,508.7737,-9.570666605598468,-4.466036934355032,Rural_Hawassa,3.7721436,1472.8,-5.3,31.9,13.3,0.61,Peaty,5.76505571689346,0.0100626369483756,5.4,2.9017723376866815,banana,0.5373652477197558
4682,583.9858,-6.380635795711825,-2.05606818409126,Rural_Hawassa,15.034055,925.5,-5.2,30.4,12.6,0.61,Loamy,5.243893636227172,0.7182779636558929,2.0,1.0828275962605947,potato,0.5414137981302973
4683,811.352,-5.177615702152879,-4.993076829272528,Rural_Kilimani,20.572878,596.2,-3.4000000000000004,32.5,14.55,0.6,Sandy,5.323790431108986,0.2916132381191059,0.9,0.43557840728801905,wheat,0.48397600809779895
4684,455.03323,-12.355185024397825,-9.146331385801869,Rural_Akatsi,8.530732,1922.9,-5.4,33.6,14.1,0.66,Silt,6.435645607318798,0.008982928548903,4.9,2.5660260261165018,wheat,0.5236787808401023
4685,795.3255,-11.007982747341178,-0.2226900880962046,Rural_Sokoto,6.823864,2313.5,-2.0,29.0,13.5,0.69,Volcanic,4.929841522933396,0.3436003119697253,3.2,2.0916558932888876,tea,0.6536424666527774
4686,282.38907,-11.084579532324332,-6.357975018674254,Rural_Hawassa,6.561463,1628.6,-7.3,31.7,12.2,0.64,Silt,6.413184479383529,0.0746282113709888,2.9,1.4777618329347593,wheat,0.5095730458395722
4687,617.24634,-10.278060443384064,-1.344339095228315,Rural_Sokoto,21.472502,1979.0,-3.9,30.3,13.2,0.71,Silt,6.700210734626162,0.1446473397663574,1.7,0.9620085775033451,banana,0.5658873985313795
4688,662.308,-5.826435527892537,-2.5335573196575405,Rural_Hawassa,8.78469,846.4,-4.5,29.4,12.45,0.58,Sandy,6.111079787511152,0.4884593293193217,4.0,1.7570362452723696,maize,0.4392590613180924
4689,743.20953,-6.750102640924686,-7.1507871682937365,Rural_Amanzi,8.028202,855.5,-3.8,30.8,13.5,0.58,Sandy,6.029083746601797,0.2984502787020897,2.5,1.2992514780379405,wheat,0.5197005912151762
4690,458.90036,-11.855053075390174,-9.173359072720713,Rural_Akatsi,5.955583,1953.0,-5.4,29.3,11.95,0.66,Silt,6.822110482518761,0.0332522685387297,4.3,2.1992579506736165,banana,0.5114553373659574
4691,827.1746,-7.930594268312115,0.4034513255237284,Rural_Sokoto,1.5939561,1783.5,-2.2,33.3,15.55,0.63,Volcanic,5.351926590567592,0.2173609900886587,9.3,7.208571869718771,tea,0.7751152548084699
4692,494.1241,-10.115855486949153,-7.821974726778413,Rural_Akatsi,20.050112,1706.0,-5.3,32.8,13.749999999999998,0.68,Silt,5.896351742978349,0.0581577676354172,1.3,0.6609714065298415,banana,0.5084395434844935
4693,758.30975,-1.4198675447440383,-2.8533849481972178,Rural_Kilimani,4.21193,998.5,-3.5,29.2,12.85,0.58,Sandy,5.314000040022325,0.0789903229476356,3.4,2.0089414242697807,cassava,0.5908651247852297
4694,845.997,-2.6183819450686805,-0.929914562472676,Rural_Kilimani,0.563239,1427.9,-2.3,30.7,14.2,0.6,Volcanic,4.375807855239746,0.2130161656794718,12.4,7.875478294641895,tea,0.6351192173098302
4695,606.5477,-6.6059204574269845,-2.673200368738245,Rural_Hawassa,4.704784,875.8,-5.0,34.0,14.5,0.57,Loamy,6.491490056298049,0.4626642642289953,4.9,1.9252819473583775,coffee,0.39291468313436273
4696,612.94806,-6.146339747528062,-2.731760357062411,Rural_Hawassa,20.550867,806.6,-4.9,30.5,12.8,0.62,Loamy,6.2012394401255815,0.4680051726733797,1.7,1.0713970133987376,wheat,0.6302335372933751
4697,407.78644,-11.02600552027839,-7.33097174775271,Rural_Hawassa,1.3487864,1780.0,-6.0,35.2,14.6,0.63,Silt,6.322929364270891,0.0325278551834308,12.8,6.357946948329735,banana,0.4967146053382605
4698,741.06775,-3.10049112113912,-4.123686233382982,Rural_Kilimani,4.8853006,630.3,-4.0,27.6,11.8,0.55,Sandy,6.509249332249831,0.1831986093389062,4.0,2.28283134953744,maize,0.57070783738436
4699,549.1207,-10.431254013350372,-7.686836292184183,Rural_Akatsi,14.809116,1830.9,-4.6,32.5,13.95,0.68,Silt,7.040317245126414,0.0363736829860607,0.7,0.3530284934132818,wheat,0.5043264191618312
4700,685.47974,-8.128844770621455,-3.763317074465035,Rural_Hawassa,6.625833,1209.8,-4.0,30.6,13.3,0.6,Volcanic,5.554104694036937,0.0367357833377123,4.1,2.1250568095483855,cassava,0.5183065389142404
4701,855.9092,-3.2536846911054287,-2.416437343009207,Rural_Kilimani,4.2095394,1081.7,-2.6,28.7,13.05,0.59,Rocky,6.113369335445888,0.4148305915055818,4.9,1.5160291019076624,coffee,0.30939369426686986
4702,416.6352,-11.868570155093083,-9.03371602364001,Rural_Akatsi,7.790882,1908.8,-5.8,33.1,13.65,0.66,Silt,6.867443809337313,0.056152065053571,4.9,2.5972398197005755,coffee,0.5300489427960358
4703,603.8788,-10.14288964635497,-2.15967431728017,Rural_Sokoto,18.503794,1881.2,-4.1,31.5,13.7,0.69,Silt,6.609662001209331,0.1747282126376187,0.8,0.42325117934458334,wheat,0.5290639741807291
4704,664.8781,-6.313050397197278,-7.475119411319889,Rural_Amanzi,6.196382,714.1,-4.6,29.4,12.4,0.57,Sandy,6.241154692582307,0.460070726049839,3.7,1.8355400963233988,potato,0.4960919179252429
4705,693.7427,-9.228233919791428,0.079119082497576,Rural_Sokoto,28.004822,1920.1,-3.3,29.7,13.2,0.72,Volcanic,4.894248408770262,0.1982506739121557,0.9,0.763366983255475,tea,0.8481855369505278
4706,796.5412,-1.618118047053379,-0.9929791652833162,Rural_Kilimani,23.671692,1467.5,-2.7,28.6,12.95,0.68,Volcanic,5.423996802216155,0.0571281761216648,1.8,0.956310563388249,cassava,0.531283646326805
4707,644.8795,-1.1360088709829397,-3.164203347763947,Rural_Kilimani,4.4445987,814.2,-4.7,30.5,12.9,0.57,Sandy,6.37597174106231,0.0400811958592085,3.7,2.1447654526330258,wheat,0.5796663385494664
4708,801.5376,-3.56908321750665,-3.357901770682344,Rural_Kilimani,5.8799176,811.0,-3.3,30.1,13.4,0.57,Sandy,6.390190831714669,0.2945985142392862,2.5,0.8719810756462623,coffee,0.3487924302585049
4709,708.3832,-6.069742962544908,-6.029138161161627,Rural_Amanzi,24.691484,585.2,-4.3,26.8,11.25,0.61,Sandy,5.81210945538029,0.2644577708059216,1.7,1.0239179911215601,potato,0.6023047006597413
4710,893.95514,-4.425164932024252,-3.497544819763048,Rural_Kilimani,7.7293687,852.9,-2.4000000000000004,26.5,12.05,0.58,Rocky,5.765265415270741,0.2125908126118869,4.5,2.450780993710801,wheat,0.5446179986024002
4711,862.20105,-8.169396009730182,-0.8893730320944064,Rural_Sokoto,2.9403467,1771.2,-1.9000000000000004,30.4,14.25,0.63,Volcanic,5.768450957078215,0.2119783222924157,13.1,7.1330517368863475,coffee,0.5445077661745303
4712,660.35614,-5.488508535319799,-0.506480800744088,Rural_Kilimani,9.149657,1181.8,-4.2,28.6,12.2,0.61,Sandy,5.807159137236976,0.9140182712021884,2.3,0.6688193804652816,wheat,0.29079103498490505
4713,626.89264,-9.50308120708392,-2.754283429494783,Rural_Hawassa,14.738114,1691.0,-4.1,33.2,14.55,0.67,Silt,6.570840231181539,0.0173004099689095,1.8,0.839325217112733,coffee,0.46629178728485166
4714,756.4177,-2.8301495270809305,-3.299341782358177,Rural_Kilimani,27.392643,809.0,-3.7,30.3,13.3,0.64,Sandy,5.344196149252824,0.3069156034388052,1.2,0.649377946476625,cassava,0.5411482887305208
4715,754.4211,-2.6769559571146218,-6.218331969593549,Rural_Kilimani,13.816388,503.7,-4.0,27.4,11.7,0.57,Sandy,5.604002291126008,0.328202126608654,1.9,1.1393823299593584,potato,0.5996749105049255
4716,893.3591,-4.39362507938413,-5.439033663433488,Rural_Kilimani,17.771387,637.0,-2.6,29.7,13.55,0.6,Rocky,5.146871731154827,0.2712181564827441,0.8,0.4596110640657296,potato,0.574513830082162
4717,505.9174,-5.614667945880287,-1.5515513616061345,Rural_Hawassa,1.0670033,855.8,-5.9,31.7,12.9,0.56,Loamy,5.701086662402187,0.8898857213091703,8.1,4.181530671129534,potato,0.5162383544604363
4718,369.227,-12.165945908557092,-8.95263296288347,Rural_Akatsi,8.603405,1844.8,-6.3,31.7,12.7,0.66,Silt,6.479150155952571,0.0357860673301648,4.6,2.261736237325413,banana,0.49168179072291596
4719,756.19495,-4.623415434333591,-7.6553039907788625,Rural_Kilimani,4.4964805,634.9,-3.9,29.6,12.85,0.55,Sandy,6.720204087092562,0.366633107413502,4.1,1.9891344221407972,potato,0.48515473710751156
4720,618.13446,-10.030247315497393,-9.186872916180135,Rural_Akatsi,3.015159,1919.9,-3.9,31.5,13.8,0.65,Silt,5.586877029208874,0.1689439666550588,6.6,3.781360008385213,banana,0.5729333346038201
4721,680.9527,-8.809204449001232,-1.5020006022549166,Rural_Sokoto,20.149298,1680.4,-3.6,32.3,14.349999999999998,0.68,Volcanic,3.870591221271315,0.0728798378381314,0.9,0.6411113708591932,tea,0.7123459676213257
4722,746.78735,-10.29608321632128,-0.3217916067986401,Rural_Sokoto,14.723631,2186.7,-2.4000000000000004,28.3,12.95,0.7,Volcanic,4.432267937463631,0.3698604591523293,0.9,0.6024360539690585,tea,0.6693733932989538
4723,590.03766,-1.2035942694974864,-3.155194118790999,Rural_Kilimani,36.859715,756.2,-5.3,29.2,11.95,0.66,Loamy,4.635275720486582,0.0465745522122077,0.8,0.4681768924704021,wheat,0.5852211155880026
4724,758.492,-9.868042359062477,-0.5920684759871004,Rural_Sokoto,18.024942,2093.2,-2.5,31.9,14.7,0.71,Volcanic,3.9977865689770713,0.2702279291633704,1.4,0.9044495587287106,tea,0.6460353990919362
4725,625.35126,-9.025477724247786,-1.0064930087427395,Rural_Sokoto,26.947735,1753.3,-3.8,28.7,12.45,0.71,Silt,5.3734508148235465,0.0838775664796439,0.6,0.301645744782107,banana,0.5027429079701783
4726,739.2468,-5.182121395387183,-1.839846688740492,Rural_Hawassa,15.459135,1024.6,-3.7,29.9,13.1,0.62,Sandy,4.629013896803649,0.769574500923925,1.2,0.40887879519872883,tea,0.34073232933227404
4727,473.91718,-9.768917107907807,-2.8939264785754872,Rural_Hawassa,7.0709844,1594.8,-5.5,33.2,13.85,0.63,Silt,7.121650174416206,0.0113723143470206,3.4,1.705735759893862,wheat,0.5016869882040771
4728,720.31165,-10.787203778860324,-0.4479208124199216,Rural_Sokoto,13.024305,2204.5,-2.8,31.5,14.35,0.7,Volcanic,4.006024066007757,0.3465819318480507,2.0,1.2316621474058917,tea,0.6158310737029459
4729,590.7398,-5.659724878223319,-0.6371146208518439,Rural_Kilimani,7.392705,1099.5,-4.9,28.2,11.65,0.6,Loamy,5.330676779409601,0.926640455826834,3.6,1.7907186422171266,potato,0.49742184506031295
4730,392.0213,-11.170187703776092,-5.227316782569194,Rural_Hawassa,24.490051,1745.9,-6.1,30.9,12.4,0.7,Silt,5.263522328813305,0.0225750168917434,2.0,0.8090654607601007,wheat,0.40453273038005033
4731,503.56522,-10.341140148664309,-5.812916665810858,Rural_Hawassa,4.6268344,1688.1,-5.2,32.0,13.4,0.63,Silt,5.600751323339817,0.2709304818416739,3.9,1.6085259356325565,cassava,0.4124425475980914
4732,424.03534,-12.220014227368727,-5.488584422784706,Rural_Hawassa,7.015338,1847.7,-5.8,32.5,13.35,0.65,Silt,6.2020295894313495,0.0001864695164171,2.1,1.1550761814955872,coffee,0.5500362769026605
4733,722.6521,-6.209419452808305,-7.916571630994373,Rural_Amanzi,11.741536,816.9,-4.0,29.6,12.8,0.59,Sandy,5.835115380489863,0.3018200680820105,3.3,1.5590286898294812,maize,0.47243293631196404
4734,805.5845,-4.519784489944618,-1.506505216741391,Rural_Kilimani,9.9036,1163.2,-2.9000000000000004,31.9,14.5,0.61,Sandy,6.275520683175394,0.7753790110922076,4.4,2.13085301048934,cassava,0.48428477511121365
4735,723.5189,-8.124339077387152,-4.249815439004263,Rural_Hawassa,34.410034,1209.0,-3.6,30.0,13.2,0.69,Volcanic,5.682923659813216,0.043329246384629,1.2,0.6321188044076688,coffee,0.526765670339724
4736,769.87415,-8.511828695537224,-2.110123557928953,Rural_Hawassa,5.188536,1617.7,-2.8,29.5,13.35,0.63,Volcanic,5.570726463761412,0.1044880938809432,2.2,1.1705301280109095,coffee,0.5320591490958679
4737,916.88007,-4.411647852321341,-4.619193826895159,Rural_Kilimani,32.57199,716.0,-2.3,28.6,13.15,0.65,Sandy,6.048513566517029,0.2399093718556887,1.0,0.582338338480896,wheat,0.582338338480896
4738,737.14197,-3.767333719815989,-5.047132203110221,Rural_Kilimani,7.422034,501.2,-4.1,30.6,13.25,0.55,Sandy,5.759184286846758,0.2083281223487305,2.6,1.578814142813166,potato,0.6072362087742945
4739,820.5373,-4.884745641923175,-5.601199784946564,Rural_Kilimani,15.880933,568.3,-3.3,30.6,13.65,0.58,Sandy,5.758863989512301,0.3042206801713758,1.7,0.8983642439747889,wheat,0.5284495552792876
4740,669.18536,-5.862481073766961,-2.5290527051710656,Rural_Hawassa,8.175737,858.2,-4.4,30.6,13.1,0.58,Sandy,5.307780792393796,0.4938254242083674,2.9,1.4725726643929768,cassava,0.5077836773768886
4741,805.1769,-6.10128281518503,0.7863435568740471,Rural_Sokoto,11.884986,1469.2,-2.7,30.3,13.8,0.64,Volcanic,4.712738724003996,0.6993187353052416,0.9,0.46465786232521517,tea,0.5162865136946835
4742,604.6558,-6.632954616832803,-3.821877062789201,Rural_Hawassa,16.419188,700.6,-5.2,31.1,12.95,0.6,Loamy,4.69395839217994,0.1894901531373719,1.6,0.8632103752640025,maize,0.5395064845400015
4743,685.8169,-9.41747303563216,-1.6956990251733133,Rural_Sokoto,1.8783784,1828.1,-3.4000000000000004,29.4,13.0,0.64,Volcanic,4.668847188343278,0.1054480791278495,12.1,5.84902646918067,banana,0.48339061728765864
4744,430.17526,-12.206497147665822,-9.285974434882572,Rural_Akatsi,6.3020167,1925.7,-5.5,31.0,12.75,0.66,Silt,6.673520176359915,0.0082408409581928,2.6,1.337300529423737,banana,0.514346357470668
4745,334.92776,-11.855053075390174,-5.402996747541693,Rural_Hawassa,7.2739635,1733.8,-6.8,33.5,13.35,0.65,Silt,6.8337532123685545,0.0014711815884514,3.5,1.4206534183672024,banana,0.4059009766763435
4746,881.90784,-2.6634388774117124,-8.186848500182833,Rural_Kilimani,17.342276,808.0,-2.6,28.5,12.95,0.61,Rocky,4.564399001209006,0.0221009358321191,0.7,0.3522900398109787,potato,0.5032714854442553
4747,249.61896,-12.67508924403335,-7.4030455795362995,Rural_Akatsi,10.043031,1644.7,-7.5,33.4,12.95,0.65,Silt,6.906519851741097,0.002193144043332,4.6,2.279299109498566,rice,0.49549980641273184
4748,666.52606,-6.524817979209526,-7.394036350563351,Rural_Amanzi,12.717021,750.9,-4.6,31.7,13.55,0.59,Sandy,5.393194153025373,0.4060672177448999,0.7,0.2754035277086582,maize,0.3934336110123689
4749,683.19885,-7.826963323923143,-6.866996455645853,Rural_Akatsi,12.5471525,1082.4,-4.1,31.8,13.85,0.61,Sandy,6.285417944414881,0.1728513269593902,1.7,0.9022338991463348,wheat,0.5307258230272558
4750,533.6295,-5.8579753805326575,-0.7767576699325482,Rural_Sokoto,5.2735085,1033.1,-5.5,32.4,13.45,0.59,Loamy,5.633763755953221,0.9230180390439204,4.9,2.7215298554289418,cassava,0.5554142562099881
4751,619.6792,-5.506531308257012,-1.371366782147161,Rural_Kilimani,24.681633,1001.8,-4.8,31.5,13.35,0.64,Loamy,5.8074553406695975,0.908139421821024,1.4,0.6427567804194753,wheat,0.4591119860139109
4752,533.61346,-10.561919117145164,-7.66431321975181,Rural_Akatsi,8.472854,1841.9,-4.8,31.3,13.25,0.66,Silt,6.281601827289094,0.0370183520961051,4.3,2.236268698235741,coffee,0.5200624879618003
4753,631.7365,-8.354129432336613,-6.916547214997071,Rural_Akatsi,6.8197055,1213.5,-4.5,30.0,12.75,0.6,Peaty,4.420848531148495,0.1012207927285015,4.3,1.7485205607831287,cassava,0.40663268855421597
4754,504.66562,-5.808412754955324,-1.5785790485249802,Rural_Hawassa,3.9855638,863.8,-5.9,30.7,12.4,0.57,Loamy,6.223925056960641,0.8820612977783899,13.8,7.015640904651144,wheat,0.5083797756993582
4755,673.5044,-7.79542347128302,-2.866898791656641,Rural_Hawassa,10.524022,1205.2,-4.1,26.6,11.25,0.62,Volcanic,4.823094829400034,0.1545433328298676,3.9,2.820247459254022,tea,0.7231403741676979
4756,799.6236,-8.259509874416246,-0.1506162563126152,Rural_Sokoto,35.132687,1795.6,-2.4000000000000004,27.5,12.55,0.74,Volcanic,4.057018008223381,0.1649214457600182,0.7,0.5040751279043346,tea,0.7201073255776209
4757,697.2078,-6.718562788284563,-6.96609797434829,Rural_Amanzi,9.419055,779.7,-4.3,31.0,13.35,0.58,Sandy,5.291005186149811,0.2844331768641878,4.7,2.059286446175997,wheat,0.43814605237787174
4758,262.0624,-13.350943229178824,-7.33097174775271,Rural_Hawassa,6.660105,1530.3,-7.5,33.7,13.1,0.63,Silt,6.61981908199925,1.3903902482431016e-05,4.9,2.5508845854842583,wheat,0.5205886909151547
4759,889.0672,-1.7217489914423505,-1.2452375765258792,Rural_Kilimani,7.879098,1500.3,-1.9000000000000004,30.4,14.25,0.63,Volcanic,5.295587185353172,0.0729754739427198,2.1,1.414143917721304,tea,0.6734018655815733
4760,814.2005,-3.3933611813688263,-2.920954165494333,Rural_Kilimani,1.2808384,921.3,-3.1,28.8,12.85,0.57,Sandy,5.641761960829054,0.3714431062419115,8.7,5.052190780134057,cassava,0.5807115839234549
4761,398.6648,-13.94118904287254,-7.1507871682937365,Rural_Hawassa,5.829553,1498.9,-6.3,32.5,13.1,0.62,Silt,7.489643531325404,3.504351471888437e-08,3.7,1.97043089407144,rice,0.5325488902895783
4762,662.8209,-9.399450262694948,-0.9389237914456244,Rural_Sokoto,2.0493312,1865.0,-3.6,27.9,12.15,0.64,Volcanic,5.268981617927962,0.1205228576540362,7.1,4.07215382216631,banana,0.5735427918544099
4763,707.92834,-8.273026954119157,-7.691340906670658,Rural_Akatsi,8.187299,1340.6,-3.7,31.0,13.65,0.62,Volcanic,4.949935026346342,0.0580478209611393,3.6,1.578627156926975,cassava,0.4385075435908264
4764,644.1675,-10.21498073810382,-9.394085182557957,Rural_Akatsi,21.640865,2002.3,-3.6,31.5,13.95,0.71,Volcanic,4.6854572610129575,0.1120043071346397,1.6,1.3540146053488455,tea,0.8462591283430284
4765,560.55054,-10.345645841898612,-5.65975977327073,Rural_Hawassa,5.9469123,1747.0,-4.6,33.5,14.45,0.64,Silt,6.347852676508208,0.2271612254704514,3.3,1.5625101890919446,coffee,0.4734879360884681
4766,407.6973,-11.300852807570884,-9.011192951207637,Rural_Akatsi,10.198058,1883.0,-5.9,30.6,12.35,0.67,Silt,6.039754432372392,0.083004899239036,4.9,2.958476918930195,rice,0.6037707997816725
4767,695.4826,-8.60644825345759,-0.6326100063653695,Rural_Sokoto,5.6092916,1731.0,-3.4000000000000004,32.5,14.55,0.64,Volcanic,4.507284165651166,0.1153682140023347,4.0,1.3980843174121267,cassava,0.34952107935303167
4768,692.79114,-8.255004181181942,-6.321938102782458,Rural_Hawassa,3.2221856,1202.0,-3.9,30.2,13.15,0.59,Sandy,5.014254437782493,0.2453577839733366,6.9,4.056126255091553,tea,0.5878443847958772
4769,669.07306,-8.813710142235536,-7.132768710347839,Rural_Akatsi,6.399319,1431.0,-3.9,31.4,13.75,0.62,Volcanic,4.445865340423696,0.0437127440467958,4.7,3.5118955627628514,tea,0.7472118218644365
4770,685.76184,-2.762564128566382,-2.664191139765296,Rural_Kilimani,2.2601972,877.3,-4.3,31.0,13.35,0.57,Sandy,5.434337903779864,0.3646530296024888,9.7,5.414419565062866,potato,0.5581875840270997
4771,620.5011,-1.7127376049737446,-5.839944352729704,Rural_Kilimani,6.8932214,372.6,-5.3,30.4,12.55,0.54,Loamy,6.008074216156374,0.2343322645915868,4.1,2.534234531497911,potato,0.6181059832921735
4772,516.1347,-8.881295540750084,-5.511107495217078,Rural_Hawassa,3.0960293,1220.1,-5.5,29.1,11.8,0.59,Peaty,4.277444917566577,0.0919960319388162,8.7,3.2572283710435785,cassava,0.37439406563719296
4773,577.8157,-6.439209807757766,-2.101114328956004,Rural_Hawassa,6.899772,919.9,-5.2,30.0,12.4,0.58,Loamy,4.954622418020253,0.6972934458785984,4.3,2.2133230287146954,potato,0.5147262857476036
4774,809.32605,-1.4784415567899796,-1.4074036980389557,Rural_Kilimani,4.639986,1405.9,-2.7,30.4,13.85,0.61,Volcanic,5.4246926475297,0.0534234409132373,2.1,1.1252876197552906,cassava,0.5358512475025193
4775,750.9722,-3.636668616021197,-6.380498091106625,Rural_Kilimani,26.641857,498.2,-4.0,30.4,13.2,0.61,Sandy,4.620500618582122,0.2074425491714582,1.7,0.7524752725858509,wheat,0.44263251328579467
4776,443.73727,-10.67005575476844,-6.380498091106625,Rural_Hawassa,14.8590555,1717.9,-5.7,31.5,12.9,0.67,Silt,6.331383072066436,0.1839984312232255,1.0,0.5044941838756621,coffee,0.5044941838756621
4777,673.8912,-3.39786687460313,-6.7273534065651495,Rural_Kilimani,7.099212,437.1,-4.8,28.5,11.85,0.55,Sandy,6.3413982030719325,0.1795878510755485,4.5,2.5726267537268206,wheat,0.5716948341615157
4778,716.73944,-6.281510544557156,-6.8985287570511735,Rural_Amanzi,16.57372,694.6,-4.2,32.0,13.9,0.6,Sandy,5.880244179788193,0.3648505357698624,0.6,0.3410923655388606,potato,0.568487275898101
4779,805.21783,-9.863536665828176,0.5746266760097531,Rural_Sokoto,25.550663,2180.4,-2.1,30.6,14.25,0.74,Volcanic,5.25339394463007,0.2631120308140985,1.4,0.9754675225886623,tea,0.6967625161347588
4780,487.74942,-9.687814629690353,-2.758788043981257,Rural_Hawassa,9.000789,1606.3,-5.3,32.3,13.499999999999998,0.64,Silt,6.084216471683881,0.0220575208188904,5.0,3.496089120030823,rice,0.6992178240061646
4781,743.63727,-1.9650564260947228,-6.24085504202592,Rural_Kilimani,15.207273,496.8,-4.1,30.0,12.95,0.58,Sandy,6.223757943832013,0.3077658131349761,1.3,0.7254864551269122,wheat,0.5580665039437787
4782,505.30185,-2.2128695539813954,-5.101187576947913,Rural_Kilimani,8.345489,290.5,-6.4,32.2,12.900000000000002,0.54,Loamy,6.241408652922509,0.1614134710613023,4.8,2.8893774275740185,maize,0.6019536307445872
4783,465.7363,-0.8746786633933556,-3.596646338465484,Rural_Kilimani,38.185417,529.4,-6.6,33.7,13.55,0.65,Loamy,5.09762121067331,0.0166730264247584,1.6,0.8806441932123521,maize,0.5504026207577201
4784,352.56815,-11.147659237604577,-6.844473383213482,Rural_Hawassa,25.468119,1717.6,-6.6,35.5,14.45,0.7,Silt,5.397620154496135,0.0265802091431528,0.6,0.3482401793633377,rice,0.5804002989388961
4785,813.1605,-2.5012339209768,-0.9659514783644704,Rural_Kilimani,5.3281417,1397.7,-2.6,27.6,12.5,0.61,Volcanic,5.478422027358035,0.1866640813497799,4.9,2.547376487807221,cassava,0.5198727526137186
4786,567.54297,-14.017785827855691,-6.28139657240419,Rural_Hawassa,3.6596882,1652.3,-4.6,32.3,13.849999999999998,0.63,Silt,5.803322222213359,2.9311585867614066e-08,11.8,5.5697798297913605,cassava,0.47201523981282717
4787,674.3975,-8.286544033822064,-4.173236992734199,Rural_Hawassa,1.6718128,1218.7,-4.1,30.5,13.2,0.59,Volcanic,4.988272742303985,0.0333659965362255,12.6,9.247582869621894,tea,0.73393514838269
4788,604.1409,-9.011960644544876,-7.281420988401492,Rural_Akatsi,3.9708903,1443.5,-4.5,32.2,13.85,0.61,Peaty,4.994371706647383,0.0420859090571479,6.8,4.432460792837387,tea,0.6518324695349098
4789,583.59875,-6.795159573267718,-2.578603464522284,Rural_Hawassa,12.438253,902.2,-5.2,31.5,13.15,0.6,Loamy,6.349053798337821,0.4603917077999526,1.9,1.1057917611105,maize,0.5819956637423684
4790,708.1243,-7.772895005111504,-1.4929913732819675,Rural_Sokoto,2.0282214,1435.6,-3.6,31.9,14.15,0.61,Volcanic,4.090375201587141,0.418577060028065,5.5,3.276865710676453,tea,0.5957937655775369
4791,864.9879,-4.73605776519117,-5.46155673586586,Rural_Kilimani,14.0739,611.9,-2.9000000000000004,29.8,13.45,0.58,Rocky,5.095607957176945,0.2957166003213591,0.9,0.46267409911556584,wheat,0.5140823323506287
4792,366.23502,-10.935891655592329,-8.574245346019627,Rural_Akatsi,14.636444,1792.2,-6.2,33.4,13.6,0.67,Silt,6.601073480869067,0.1403341147931456,1.0,0.5020709473439484,wheat,0.5020709473439484
4793,824.68475,-7.0790182470288165,-7.4796240258063635,Rural_Akatsi,23.881372,1066.7,-2.8,27.1,12.15,0.65,Sandy,5.755501911133495,0.1597365339683113,1.1,0.5490437894761303,wheat,0.49913071770557293
4794,757.34705,-2.5688193194913467,-3.52006789219542,Rural_Kilimani,2.3370097,778.4,-3.7,27.2,11.75,0.56,Sandy,5.879256096336565,0.2357868035217134,11.0,5.802154511514074,wheat,0.5274685919558249
4795,827.89606,-8.502817309068618,-1.2452375765258792,Rural_Sokoto,6.4205747,1779.0,-2.2,31.5,14.65,0.65,Volcanic,5.859674583744317,0.1290375385935214,2.6,1.8668615192660403,tea,0.7180236612561693
4796,849.82587,-4.492750330538799,-3.3714156141417675,Rural_Kilimani,10.425729,828.7,-2.8,31.5,14.35,0.59,Rocky,4.4165950995786165,0.2151654372937306,4.6,2.1480221162078292,potato,0.46696132961039766
4797,716.39343,-9.557149525895555,-0.6326100063653695,Rural_Sokoto,1.0600858,1980.5,-3.0,32.7,14.85,0.64,Volcanic,4.508725777694,0.2035624253626671,10.7,8.517625790574206,tea,0.7960397935116081
4798,742.5706,-5.389383284165129,-5.857962810675602,Rural_Kilimani,21.804155,522.9,-4.1,28.9,12.4,0.6,Sandy,5.462624759955703,0.3076205916864827,1.3,0.7870976637015198,potato,0.6054597413088614
4799,816.6562,-3.8574475845020526,-1.2407329620394052,Rural_Kilimani,2.360899,1256.1,-2.7,29.0,13.15,0.59,Volcanic,4.833347066948594,0.6646787338996555,10.3,5.001853127941847,tea,0.4856168085380434
4800,444.61383,-9.539126752958346,-3.7182709296002914,Rural_Hawassa,10.1972685,1435.0,-6.0,33.5,13.75,0.63,Silt,5.937885351710499,0.0079421351880009,2.2,0.982530353995169,banana,0.4466047063614404
4801,743.26245,-5.303775112713369,-3.506554048735997,Rural_Kilimani,38.824223,709.5,-3.9,28.5,12.3,0.67,Sandy,6.047463307014625,0.198425886385885,1.6,0.9252622164532401,potato,0.578288885283275
4802,894.07935,-3.916021596547994,-1.853360532199915,Rural_Kilimani,11.294977,1210.6,-2.1,30.4,14.15,0.62,Volcanic,4.145892307700118,0.5602945043144503,2.9,1.1939455953030025,tea,0.4117053776906905
4803,943.88196,-2.2534207930901253,-8.290454633371743,Rural_Kilimani,17.36331,880.9,-1.9000000000000004,27.3,12.7,0.61,Rocky,4.3583042714983,0.012816844116178,2.0,1.0406399111683018,potato,0.5203199555841509
4804,377.0812,-12.12088897621406,-8.443611525911871,Rural_Akatsi,7.9548616,1840.9,-6.2,34.6,14.2,0.66,Silt,7.445947092617353,0.1137616357621427,4.1,1.8286262267431124,rice,0.4460063967666128
4805,714.3027,-6.637460310067107,-6.961593359861815,Rural_Amanzi,8.242416,788.9,-4.0,27.6,11.8,0.58,Sandy,6.5302525558276665,0.3061239305297722,2.2,1.0662097042844676,potato,0.48464077467475797
4806,806.45996,-5.2046498615587,-5.943550485918614,Rural_Kilimani,3.1989806,575.1,-3.5,29.0,12.75,0.55,Sandy,6.46477043935711,0.3105897655167826,9.2,5.432675561320146,wheat,0.5905082131869724
4807,520.2977,-2.429142829227949,-5.209298324623297,Rural_Kilimani,21.483837,292.3,-6.3,32.9,13.3,0.58,Loamy,5.379285800073401,0.1965892189415077,1.4,0.8815679013784199,potato,0.6296913581274428
4808,298.87646,-13.57172219765968,-7.132768710347839,Rural_Hawassa,3.8393886,1510.3,-7.2,34.4,13.6,0.62,Silt,5.735807612614604,7.851592109752479e-07,12.1,5.595394674790016,wheat,0.46242931196611703
4809,683.7613,-4.65044959373941,-1.0200068522021624,Rural_Kilimani,9.496325,1122.4,-4.1,30.3,13.1,0.61,Sandy,5.036211314715504,0.8524370686072019,4.0,1.4892530081739805,tea,0.37231325204349514
4810,376.90778,-1.1269974845143338,-5.042627588623747,Rural_Kilimani,38.668354,175.2,-7.7,33.4,12.85,0.63,Loamy,5.811077678915408,0.0373680486645367,0.6,0.3645641991001282,wheat,0.6076069985002137
4811,959.1869,-4.18185749737188,-3.948006268410482,Rural_Kilimani,4.8174734,850.7,-1.8000000000000007,28.0,13.1,0.57,Rocky,6.113444560561043,0.2114400918863804,3.6,1.4233476336112387,coffee,0.39537434266978855
4812,789.2063,-5.24970679390173,-4.587661525489838,Rural_Kilimani,20.755314,609.3,-3.6,30.1,13.25,0.6,Sandy,6.3867903253513845,0.2613405781943899,1.2,0.7194646692789812,wheat,0.5995538910658177
4813,692.10156,-9.485058434146708,-2.587612693495232,Rural_Hawassa,14.642753,1753.3,-3.6,31.6,14.0,0.67,Volcanic,5.562655386923707,0.0419932312846597,1.2,0.9925759892271516,tea,0.8271466576892931
4814,640.6938,-8.737113357252383,-3.812867833816252,Rural_Hawassa,4.4850006,1369.7,-4.2,30.7,13.25,0.61,Volcanic,5.323540181466392,0.0145648026604069,4.1,2.0783531646510007,cassava,0.5069154060124392
4815,317.34537,-13.008510543371784,-7.961617775859117,Rural_Hawassa,7.469978,1667.1,-6.9,32.5,12.8,0.64,Silt,6.374949065861459,0.0012267017724949,3.5,1.5444210477729792,banana,0.44126315650656545
4816,144.83813,-12.337162251460612,-7.015648733699506,Rural_Hawassa,8.106139,1562.8,-8.6,36.3,13.849999999999998,0.64,Silt,5.572066413216229,0.0016362087069602,4.4,1.9636739701941215,wheat,0.4462895386804821
4817,458.42703,-0.9197355957363876,-3.4795263618171512,Rural_Kilimani,6.9124475,548.8,-6.6,27.9,10.65,0.56,Loamy,5.3296073289390655,0.0202347268544381,2.8,1.7249115507870383,wheat,0.6160398395667994
4818,888.50073,-2.924769085001296,-7.749900894994824,Rural_Kilimani,12.809884,759.7,-2.5,28.3,12.9,0.59,Rocky,4.570203787828183,0.0527384408660569,0.7,0.3140697315726181,tea,0.4486710451037401
4819,774.927,-5.0649733712953005,-3.781335532410932,Rural_Kilimani,12.470125,686.3,-3.6,30.0,13.2,0.58,Sandy,5.0005927554952185,0.20113810549685,0.7,0.32319530938553204,wheat,0.46170758483647434
4820,718.3224,-8.056753678872603,-4.290356969382532,Rural_Hawassa,8.301594,1177.7,-3.7,30.2,13.25,0.61,Sandy,6.418722828008496,0.04844470139404,3.7,2.0284309736238217,wheat,0.5482245874658978
4821,900.1029,-1.9290108802202963,-6.3850027055931,Rural_Kilimani,31.064709,662.5,-2.5,29.6,13.55,0.64,Sandy,5.6178433768211695,0.2840299494072621,1.5,0.9529056345173721,potato,0.6352704230115814
4822,707.3857,-7.633218514848106,-7.488633254779311,Rural_Akatsi,5.75728,1109.1,-3.9,29.5,12.8,0.59,Sandy,6.11111400116975,0.0694427149014125,4.4,2.530344464828425,cassava,0.5750782874610056
4823,882.42694,-4.407142159087039,-4.758836875975863,Rural_Kilimani,18.976517,666.6,-2.7,29.0,13.15,0.6,Rocky,5.218792082870537,0.2473210697511845,1.3,0.6555485426620467,wheat,0.5042681097400359
4824,748.4278,-2.6634388774117124,-3.41646175900651,Rural_Kilimani,18.25727,785.2,-3.8,28.8,12.5,0.61,Sandy,6.032396608275331,0.2671144424397365,1.9,0.9778668119055303,maize,0.5146667431081738
4825,642.5616,-6.087765735482121,-4.218283137598943,Rural_Hawassa,15.348872,581.4,-5.0,29.6,12.3,0.58,Sandy,5.998716367770077,0.1980017406622749,0.9,0.4989345146425745,wheat,0.5543716829361939
4826,699.61786,-6.966375916171238,-5.655255158784256,Rural_Hawassa,15.54348,770.6,-4.2,29.6,12.7,0.6,Sandy,5.850575460130002,0.2620801769165038,1.8,0.9179554356343042,wheat,0.5099752420190579
4827,518.21716,-7.024949928217179,-0.628105391878895,Rural_Sokoto,18.594091,1191.0,-5.5,32.5,13.5,0.64,Loamy,5.255987606648192,0.6836927741006178,2.0,1.0494536334238398,cassava,0.5247268167119199
4828,847.7045,-2.2128695539813954,-1.628129807876198,Rural_Kilimani,14.605323,1325.0,-2.4000000000000004,30.1,13.85,0.64,Volcanic,4.750091664491115,0.1710041073448321,1.6,1.0434069083073418,tea,0.6521293176920886
4829,623.4785,-11.053039679684211,-0.8308130437702401,Rural_Sokoto,7.563246,2113.2,-3.8,30.1,13.15,0.67,Silt,6.259286013852262,0.3027491977629193,3.9,2.0825095540832677,coffee,0.5339768087392994
4830,925.8718,-4.429670625258554,-3.569618651546638,Rural_Kilimani,2.311886,873.4,-2.1,30.0,13.95,0.57,Rocky,4.459640982953764,0.2100693671349188,5.7,2.699506796388471,potato,0.4735976835769248
4831,889.02673,-3.6006230701467725,-2.2137296911178623,Rural_Kilimani,3.9510632,1143.6,-2.2,29.1,13.45,0.59,Rocky,5.917965691899076,0.4476551292972982,11.1,3.119566757255924,coffee,0.2810420502032364
4832,585.2675,-1.5505326485388302,-3.677729399222022,Rural_Kilimani,34.891552,615.4,-5.4,33.3,13.95,0.65,Loamy,5.593544208576953,0.0638284127130349,1.2,0.7539915649744495,maize,0.6283263041453746
4833,600.44226,-9.67429754998744,-2.601126536954656,Rural_Hawassa,6.6304035,1725.1,-4.3,27.6,11.65,0.64,Silt,5.947768316039704,0.0549549283447096,4.1,1.9545387438605073,coffee,0.4767167667952457
4834,571.37866,-1.2846967477149445,-4.812892249813555,Rural_Kilimani,13.825351,407.0,-5.7,32.5,13.4,0.57,Loamy,4.841479327580837,0.0366355608521107,1.7,0.8586694605071722,cassava,0.5050996826512778
4835,461.1391,-0.906218516033478,-4.137200076842404,Rural_Kilimani,14.839983,406.3,-6.7,31.0,12.15,0.57,Loamy,4.752588797234935,0.0122228598821177,1.1,0.6547906577706729,potato,0.5952642343369753
4836,440.51422,-10.309600296024186,-5.168756794245028,Rural_Hawassa,2.7854187,1610.8,-5.8,30.6,12.4,0.62,Silt,6.0579575878477305,0.0801682047740042,6.2,2.924803023540532,banana,0.47174242315169873
4837,368.30954,-0.78005910547299,-3.497544819763048,Rural_Kilimani,20.921926,452.9,-7.5,32.7,12.6,0.59,Loamy,5.617567012559286,0.0141557800032268,1.6,1.056822117273341,potato,0.6605138232958381
4838,679.48346,-2.2714435660273367,-6.785913394889316,Rural_Kilimani,45.44929,447.9,-4.7,29.9,12.6,0.67,Sandy,5.15017505981098,0.2329925917116107,0.6,0.3472145534725271,potato,0.5786909224542118
4839,315.7669,-13.495125412676526,-7.204842542131428,Rural_Hawassa,6.1793923,1545.0,-7.1,32.9,12.9,0.63,Silt,6.741001668795449,2.158479275098784e-06,2.7,0.9988168016857313,banana,0.36993214877249303
4840,619.2184,-9.358899023586218,-1.506505216741391,Rural_Sokoto,7.8713017,1761.0,-4.1,31.6,13.75,0.65,Silt,5.518433807548062,0.0687502942957543,2.6,1.122217383367805,coffee,0.43162207052607887
4841,734.3039,-5.8579753805326575,-7.803956268832516,Rural_Amanzi,65.59358,751.1,-3.9,30.2,13.15,0.75,Sandy,6.084577795411933,0.3652237331224957,1.5,0.7540267927856306,maize,0.5026845285237537
4842,591.89154,-1.874942561408659,-4.502073850246826,Rural_Kilimani,12.20014,461.0,-5.5,31.0,12.75,0.56,Loamy,4.622213760026377,0.0661171846517401,1.1,0.644238451493915,wheat,0.5856713195399227
4843,759.3468,-6.056225882841998,0.5295805311450097,Rural_Sokoto,2.9516306,1417.2,-3.1,29.3,13.1,0.61,Volcanic,4.477092094155767,0.840274033050498,10.0,4.853129576318684,tea,0.48531295763186844
4844,696.022,-8.597436866988984,-7.326467133266235,Rural_Akatsi,12.510861,1401.5,-3.7,29.9,13.1,0.64,Volcanic,4.338308584364568,0.050773066720534,0.8,0.5705915706776239,tea,0.7132394633470298
4845,801.9852,-5.254212487136034,-7.794947039859568,Rural_Amanzi,1.6430908,745.0,-3.3,31.9,14.3,0.55,Sandy,5.435727208203774,0.3976920572716534,12.3,7.250136880033117,potato,0.58944202276692
4846,879.21826,-1.7307603779109575,-1.4434406139307503,Rural_Kilimani,9.672842,1445.4,-2.0,29.5,13.75,0.63,Volcanic,4.465006850089423,0.0813858675778176,2.8,1.813353379552578,tea,0.6476262069830636
4847,475.58487,-7.128580872606151,-3.659710941276125,Rural_Hawassa,7.9528728,705.0,-6.3,31.9,12.8,0.57,Loamy,5.132334936615626,0.1207845899987774,4.6,2.9600661720577195,potato,0.6434926460995043
4848,797.64087,-5.398394670633735,-6.159771981269382,Rural_Kilimani,7.3861103,590.4,-3.5,30.3,13.4,0.56,Sandy,5.065787674342205,0.308255095226529,3.2,1.465656763108472,wheat,0.4580177384713975
4849,790.723,-2.010113358437753,-7.515660941698157,Rural_Kilimani,26.00981,621.2,-3.6,29.4,12.9,0.62,Sandy,4.502572982832938,0.0569688710820364,1.6,0.8976445907661784,potato,0.5610278692288615
4850,616.4003,-6.024686030201876,-7.0651994930507245,Rural_Amanzi,9.824077,558.7,-5.2,29.9,12.35,0.56,Loamy,6.492111912606188,0.4294569746529878,2.3,1.4451987756963836,maize,0.6283472937810364
4851,607.97144,-8.426220524085464,-4.866947623651248,Rural_Hawassa,8.59979,1160.5,-4.7,32.5,13.9,0.61,Loamy,5.365089715569448,0.244292179570019,2.6,1.4197582577354626,wheat,0.5460608683597933
4852,907.39105,-4.280982748526549,-4.497569235760351,Rural_Kilimani,7.4735456,720.4,-2.4000000000000004,28.9,13.25,0.57,Rocky,6.101869319412358,0.2263556800944473,3.6,2.2626859124921928,wheat,0.6285238645811646
4853,847.70544,-4.749574844894079,-5.46155673586586,Rural_Kilimani,11.484627,594.2,-3.1,30.7,13.8,0.57,Rocky,4.9346035982088905,0.2964630174731168,4.8,2.204414862227339,tea,0.45925309629736233
4854,373.09207,-11.86406446185878,-5.339932144731053,Rural_Hawassa,35.93584,1793.1,-6.3,34.1,13.9,0.74,Silt,5.207197269122148,0.0012683476353805,0.5,0.21896433477528224,banana,0.4379286695505645
4855,732.5964,-2.1723183148726672,-3.2678094809528577,Rural_Kilimani,39.91917,827.0,-3.9,30.2,13.15,0.68,Sandy,5.783767296700393,0.2024980300889189,1.3,0.763629939644732,potato,0.587407645880563
4856,711.718,-8.39017497821104,-3.848904749708047,Rural_Hawassa,6.67591,1303.0,-3.8,31.5,13.85,0.61,Volcanic,4.9418116851700375,0.0251800261677027,2.7,1.2649253496262776,cassava,0.4684908702319546
4857,827.7437,-4.857711482517356,-6.394011934566048,Rural_Kilimani,7.4842587,593.6,-3.2,30.3,13.55,0.56,Sandy,5.34230936777868,0.3163171396069184,3.0,1.446233521553518,wheat,0.4820778405178393
4858,794.3468,-2.010113358437753,-6.430048850457843,Rural_Kilimani,13.789772,553.1,-3.6,30.4,13.4,0.58,Sandy,5.799929156634733,0.2921613017266278,1.6,0.8481613638018937,wheat,0.5301008523761835
4859,694.25604,-7.9576284277179345,-5.930036642459191,Rural_Hawassa,5.3896694,1082.4,-4.0,29.2,12.6,0.59,Sandy,5.365720942579051,0.3535738996842905,4.8,1.8690807520432358,wheat,0.3893918233423408
4860,729.6775,-8.489300229365707,-5.128215263866759,Rural_Hawassa,1.6405541,1303.8,-3.5,28.7,12.6,0.6,Volcanic,4.9891175601043525,0.3840333923780092,9.3,6.1102272671454445,tea,0.6570136846392951
4861,634.2326,-9.854525279359567,-7.794947039859568,Rural_Akatsi,5.490446,1780.6,-3.9,33.7,14.900000000000002,0.64,Silt,5.78235552284514,0.0744637684834323,3.1,1.4538861564371803,cassava,0.4689955343345743
4862,732.5643,-3.465452273117677,-1.5830836630114546,Rural_Kilimani,11.2526,1122.1,-3.6,30.0,13.2,0.61,Sandy,5.135472106851508,0.4976369422560706,2.6,1.2407568225282781,tea,0.4772141625108762
4863,647.2607,-10.075304247840425,-1.2587514199853025,Rural_Sokoto,7.7523947,1976.4,-3.6,28.9,12.65,0.67,Volcanic,5.009676126618482,0.1415171751447587,3.4,2.9107246388243975,tea,0.8560954820071758
4864,593.18884,-14.071854146667333,-6.389507320079573,Rural_Hawassa,4.521837,1663.2,-4.4,30.1,12.85,0.63,Silt,5.85954242240186,2.1030634925512976e-08,4.0,2.0999915729080034,banana,0.5249978932270009
4865,574.8962,-9.940133450811327,-1.4209175414983786,Rural_Sokoto,38.0457,1860.8,-4.4,31.8,13.7,0.75,Silt,5.619429050032807,0.1241362645310899,1.7,0.8037632611758426,coffee,0.472801918338731
4866,366.5192,-11.413495138428464,-5.650750544297782,Rural_Hawassa,1.7911035,1752.9,-6.4,32.7,13.150000000000002,0.63,Silt,7.006614291982974,0.0200967008271633,14.3,5.674271361916951,banana,0.3968021931410455
4867,772.6632,-8.417209137616858,-0.5335084876629341,Rural_Sokoto,13.688585,1768.4,-2.7,33.2,15.250000000000002,0.67,Volcanic,4.812250983796986,0.1397015939757565,1.7,1.3788429238392004,tea,0.8110840728465885
4868,955.70593,-4.443187704961463,-3.317360240304075,Rural_Kilimani,9.454109,950.4,-1.8000000000000007,28.5,13.35,0.59,Rocky,6.130549354313308,0.2214264504066443,2.2,1.3288440990727601,wheat,0.6040200450330727
4869,572.93774,-2.402108669822129,-4.524596922679198,Rural_Kilimani,10.4574795,421.1,-5.7,33.2,13.750000000000002,0.56,Loamy,5.050053578735665,0.1086955486259811,2.2,1.4116217662453658,potato,0.6416462573842572
4870,805.4218,-3.420395340774645,-2.835366490251321,Rural_Kilimani,3.639711,929.2,-3.1,29.2,13.05,0.57,Sandy,4.999621265316399,0.3800490317629201,13.3,6.158887070986997,tea,0.4630742158636839
4871,574.5148,-8.457760376725584,-6.222836584080023,Rural_Hawassa,5.2143126,1145.9,-5.0,31.8,13.4,0.59,Loamy,5.548443396574094,0.1938088792743053,3.8,2.3738834125507986,cassava,0.6247061611975786
4872,480.75174,-9.241750999494336,-6.51113191121438,Rural_Akatsi,10.5782385,1341.4,-5.7,30.5,12.4,0.63,Silt,6.25075944974774,0.0617208608469469,3.3,1.8487627142769307,wheat,0.5602311255384639
4873,674.0317,-8.06576506534121,-7.263402530455594,Rural_Akatsi,16.369314,1169.8,-4.3,32.1,13.9,0.63,Sandy,6.3199946679143,0.0751581426806181,1.4,0.6529331299850951,coffee,0.46638080713221086
4874,226.12839,-11.828018915984355,-7.1597963972666845,Rural_Hawassa,4.079226,1656.6,-7.8,34.8,13.499999999999998,0.63,Silt,6.697051000562955,0.0141792089133181,5.3,2.057556726246698,banana,0.38821825023522605
4875,758.8936,-9.881559438765386,0.4845343862802664,Rural_Sokoto,1.9600044,2140.9,-2.5,27.6,12.55,0.66,Volcanic,5.0168964185169695,0.2880172912489313,6.4,3.400488069676287,banana,0.5313262608869198
4876,571.26074,-6.069742962544908,-1.9884989667941453,Rural_Hawassa,21.359512,882.8,-5.3,31.2,12.95,0.63,Loamy,5.147708830090885,0.7573935874333422,1.5,0.7828856319023323,cassava,0.5219237546015548
4877,810.2619,-5.957100631687329,-7.849002413697259,Rural_Amanzi,68.26107,814.3,-3.5,28.6,12.55,0.77,Sandy,6.321135572238696,0.3462824014319114,1.5,0.825135663511815,wheat,0.55009044234121
4878,480.08157,-0.8206103445817181,-4.668744586246376,Rural_Kilimani,14.791574,331.5,-6.6,33.0,13.2,0.56,Loamy,6.002106719292449,0.011345152257052,1.3,0.8718625764001353,wheat,0.6706635203077964
4879,780.71326,-7.822457630688839,1.3404111387103907,Rural_Sokoto,14.655544,1701.5,-2.9000000000000004,32.0,14.55,0.67,Volcanic,5.11827539519942,0.1089467113465093,1.7,0.7901004370519535,coffee,0.4647649629717374
4880,342.96378,-12.337162251460612,-8.632805334343793,Rural_Akatsi,15.550856,1797.4,-6.5,31.5,12.5,0.68,Silt,5.427056192092475,0.0432183095744052,1.2,0.6764562184850553,rice,0.5637135154042128
4881,626.42505,-6.678011549175835,-0.8082899713378684,Rural_Sokoto,15.262019,1222.2,-4.5,29.0,12.25,0.63,Silt,5.791969500758172,0.8029522129959472,1.7,0.731075768336684,cassava,0.43004456960981413
4882,449.7079,-11.981212485950662,-9.150836000288342,Rural_Akatsi,4.925608,1943.5,-5.4,32.1,13.35,0.65,Silt,6.756992016438141,0.0285571024420639,4.2,2.1441326381002646,wheat,0.5105077709762534
4883,775.4758,-5.330809272119188,-5.209298324623297,Rural_Kilimani,7.9480715,559.3,-3.7,30.4,13.35,0.56,Sandy,6.488128524186846,0.3012550129912338,3.4,1.843028610096385,maize,0.5420672382636427
4884,767.0799,-8.660516572269227,0.7007558816310346,Rural_Sokoto,2.988079,1895.7,-2.6,30.8,14.1,0.64,Volcanic,4.862394318087286,0.0842964179982578,11.5,9.587489527359892,tea,0.8336947415095559
4885,509.59415,-8.89030692721869,-6.263378114458292,Rural_Hawassa,6.1341205,1235.7,-5.5,33.4,13.95,0.6,Peaty,5.455914000391548,0.0855396776936096,3.4,1.612057727194232,cassava,0.47413462564536235
4886,701.761,-5.961606324921631,-3.857913978680996,Rural_Hawassa,16.248205,677.5,-4.3,30.0,12.85,0.59,Sandy,5.659439327345596,0.2118702817659757,1.6,0.976361539945007,potato,0.6102259624656293
4887,600.43445,-9.687814629690353,-5.416510591001116,Rural_Hawassa,27.155865,1561.1,-4.7,32.1,13.7,0.69,Silt,5.7719667908924,0.0936537244135005,1.1,0.5411398911253754,banana,0.4919453555685231
4888,514.06445,-6.880767744719478,-0.5830592470141516,Rural_Sokoto,6.98241,1166.8,-5.6,30.7,12.55,0.6,Loamy,5.637338376716966,0.7451593179622786,3.8,2.0967154869385047,cassava,0.5517672334048697
4889,425.2068,-10.886329030014991,-7.33097174775271,Rural_Hawassa,1.4076142,1773.9,-5.8,34.7,14.45,0.63,Silt,5.509094415018744,0.0290900362456693,12.6,7.791824278167553,rice,0.6183987522355201
4890,817.2334,-10.773686699157413,-0.294763919879794,Rural_Sokoto,31.905096,2312.0,-1.8000000000000007,28.8,13.5,0.77,Volcanic,5.371309284617,0.358253822950608,1.1,0.693633575528322,tea,0.63057597775302
4891,379.43668,-10.890834723249297,-6.339956560728356,Rural_Hawassa,9.616693,1695.4,-6.3,34.4,14.05,0.65,Silt,5.525407035044507,0.12667199127033,4.3,2.033377809120986,cassava,0.4728785602606944
4892,790.87244,-7.385405386961432,-7.110245637915468,Rural_Akatsi,4.1708326,1077.5,-3.1,30.3,13.6,0.59,Sandy,6.091044188810318,0.1384956192185266,2.0,1.1763300593619566,cassava,0.5881650296809783
4893,845.2817,-3.6051287633810745,-6.425544235971368,Rural_Kilimani,12.48247,598.9,-3.1,28.6,12.75,0.58,Rocky,5.797859823057397,0.2044776082229169,1.5,0.9052086111114808,potato,0.6034724074076538
4894,458.64865,-7.42595662607016,-2.0515635696047863,Rural_Sokoto,36.993977,1005.1,-6.2,30.8,12.3,0.68,Loamy,5.970404876581965,0.5148725127029774,1.7,0.7604798415757268,banana,0.4473410832798393
4895,673.9551,-8.187418782667397,-5.5561536400818206,Rural_Hawassa,9.897581,1128.6,-4.2,30.6,13.2,0.61,Sandy,4.930802192369415,0.2856427129394088,3.2,1.5587408838028982,cassava,0.48710652618840566
4896,640.4097,-2.041653211077876,-5.848953581702653,Rural_Kilimani,68.99829,391.6,-5.1,33.0,13.95,0.74,Sandy,5.686144478328376,0.3093956065422126,1.5,0.847141063497731,potato,0.5647607089984873
4897,871.028,-6.533829365678134,-8.200362343642256,Rural_Amanzi,9.678894,1082.9,-2.4000000000000004,31.5,14.55,0.6,Rocky,5.62953618301682,0.1415667631413767,3.4,1.8286986408262298,cassava,0.5378525414194794
4898,554.10004,-8.894812620452992,-2.862394177170166,Rural_Hawassa,15.102254,1419.4,-5.0,29.4,12.2,0.65,Silt,6.743857821294084,0.0195264565230089,1.2,0.683389756223643,wheat,0.5694914635197025
4899,327.14575,-13.391494468287554,-6.704830334132777,Rural_Hawassa,1.6326679,1572.4,-7.0,32.5,12.75,0.62,Silt,5.786867662741116,4.4006832980814034e-07,13.2,8.291349524209418,rice,0.6281325397128347
4900,849.2931,-2.8346552203152324,-1.2857791069041482,Rural_Kilimani,6.5995455,1346.0,-2.4000000000000004,31.3,14.45,0.61,Volcanic,4.708590501937781,0.290713051463239,3.3,2.0848837414244885,tea,0.6317829519468148
4901,628.4479,-2.474199761570979,-5.105692191434387,Rural_Kilimani,20.015364,412.8,-5.2,27.9,11.35,0.59,Loamy,6.479484828527288,0.1759091845083322,0.7,0.503378164149613,wheat,0.7191116630708758
4902,837.2648,-7.687286833659744,-0.3623331371769092,Rural_Sokoto,8.547608,1686.8,-2.2,31.2,14.5,0.65,Volcanic,5.087173592059109,0.3657358903052833,3.7,1.5166190487938571,cassava,0.409897040214556
4903,462.30853,-11.427012218131374,-8.95263296288347,Rural_Akatsi,9.893336,1945.0,-5.3,31.7,13.2,0.67,Silt,6.169941861937628,0.1042157632165824,4.7,2.613881250233595,coffee,0.5561449468582117
4904,605.8958,-7.286280135806762,-4.970553756840157,Rural_Hawassa,23.53188,774.1,-5.1,31.8,13.35,0.62,Loamy,5.387565466286807,0.1654060875997559,1.7,1.036680209832867,wheat,0.6098118881369805
4905,459.58633,-9.192188373917002,-6.006615088729255,Rural_Hawassa,2.398145,1281.6,-6.0,32.2,13.1,0.6,Peaty,5.331691851425029,0.078036068574217,6.4,2.5994928669681188,wheat,0.40617076046376854
4906,349.0703,-11.053039679684211,-8.637309948830268,Rural_Akatsi,14.568017,1797.1,-6.4,32.1,12.85,0.67,Silt,5.211212077184023,0.1562577557915254,1.0,0.373478653609029,wheat,0.373478653609029
4907,729.4966,-7.759377925408595,-7.619267074887067,Rural_Akatsi,11.733958,1187.7,-3.6,29.0,12.7,0.62,Sandy,4.894293309615167,0.0564988110494723,2.3,0.9360676227909173,wheat,0.40698592295257274
4908,545.51526,-5.6011508661773775,0.2683128909294983,Rural_Sokoto,0.7251039,1147.1,-5.3,30.8,12.75,0.58,Loamy,6.370409218161085,0.8866748558015046,6.8,3.033471826606768,maize,0.4460987980304071
4909,86.742714,-12.33265655822631,-6.380498091106625,Rural_Hawassa,22.024797,1531.4,-8.8,32.9,12.05,0.68,Silt,5.92144866557843,0.000132551631437,0.9,0.524716306229971,rice,0.5830181180333011
4910,616.1065,-6.0742486557792095,-2.1056189434424777,Rural_Hawassa,13.780543,920.4,-4.8,29.0,12.1,0.6,Loamy,5.832832381116179,0.7097794691744997,1.2,0.6507673832406924,potato,0.542306152700577
4911,795.8703,-4.16834041766897,-1.4974959877684422,Rural_Kilimani,7.884606,1168.5,-3.0,31.0,14.0,0.6,Sandy,5.348647737589062,0.7110774226887653,3.3,1.1534800413621167,tea,0.34953940647336873
4912,599.18896,-1.5370155688359208,-3.159698733277473,Rural_Kilimani,29.02531,748.2,-5.2,33.5,14.15,0.64,Loamy,5.254399377835696,0.0887093120810018,1.1,0.7391791212931907,potato,0.671981019357446
4913,596.4296,-7.160120725246274,-2.7227511280894623,Rural_Hawassa,2.0626662,976.5,-5.0,31.7,13.35,0.57,Loamy,5.222548147909792,0.3335234272366694,8.0,4.820897650770826,potato,0.6026122063463533
4914,736.28296,-5.952594938453025,-2.9750095393320253,Rural_Hawassa,7.0027566,855.1,-3.8,27.4,11.8,0.58,Sandy,6.144053565285179,0.398885412760057,3.8,1.8215337795919588,maize,0.47935099462946285
4915,293.14786,-12.796742961359536,-7.146282553807262,Rural_Hawassa,18.254883,1640.2,-7.4,31.9,12.25,0.67,Silt,5.397303788589263,0.0003185473263822,1.8,0.7391504337359004,wheat,0.410639129853278
4916,737.1013,-7.633218514848106,-3.736289387546188,Rural_Hawassa,10.293568,1112.4,-3.6,34.5,15.45,0.61,Sandy,6.036026192891732,0.0687591351910113,3.6,1.4596543355688756,coffee,0.405459537658021
4917,603.14307,-6.123811281356545,-3.664215555762599,Rural_Hawassa,7.6475806,626.0,-5.3,32.1,13.4,0.56,Loamy,6.497485301826654,0.287102854915959,3.9,2.6177674765024443,maize,0.6712224298724216
4918,433.57986,-12.819271427531053,-9.39858979704443,Rural_Akatsi,12.6936455,1838.9,-5.7,32.0,13.15,0.67,Silt,5.298270443235214,0.0002613052586843,0.9,0.4317003006126315,banana,0.4796670006807016
4919,867.3475,-4.578358501990559,-5.511107495217078,Rural_Kilimani,1.400025,609.7,-2.9000000000000004,28.9,13.0,0.54,Rocky,5.521164399255774,0.2862495204781432,11.4,6.039184265200286,wheat,0.5297530057193234
4920,875.93823,-2.717507196223352,-8.087746981480398,Rural_Kilimani,23.732656,788.7,-2.6,29.6,13.5,0.63,Sandy,4.8150279034201775,0.0270882712689185,0.5,0.2397840489731809,wheat,0.4795680979463618
4921,777.1347,-6.948353143234025,-6.970602588834763,Rural_Akatsi,1.9708345,923.2,-3.4000000000000004,28.7,12.65,0.57,Sandy,6.573449590378733,0.2224149281803677,10.8,6.074408143333841,wheat,0.562445198456837
4922,792.0218,-7.430462319304463,-7.173310240726109,Rural_Akatsi,15.388522,1099.1,-3.1,32.4,14.65,0.62,Sandy,4.9607769205719725,0.1241202988372566,1.5,0.8287467050778489,tea,0.5524978033852326
4923,768.9164,-7.520576183990527,-0.0515147376101798,Rural_Sokoto,4.0870857,1607.1,-2.8,26.1,11.65,0.63,Volcanic,4.974258035598815,0.4246537719569467,14.9,10.233791257075003,tea,0.6868316279916109
4924,487.8769,-7.09704101996603,-0.8533361162026118,Rural_Sokoto,4.0235395,1144.1,-5.8,29.7,11.95,0.59,Loamy,6.299369575831723,0.6597218616939621,8.9,4.633757483150239,wheat,0.520646908219128
4925,771.15546,-9.773422801142113,-9.340029808720264,Rural_Akatsi,14.56189,2034.1,-2.4000000000000004,30.1,13.85,0.69,Volcanic,4.710914761606477,0.2075550955337243,1.1,0.8401454375044873,tea,0.7637685795495339
4926,623.71857,-12.94543083809154,-8.88956836007283,Rural_Akatsi,13.77148,2008.5,-3.8,31.9,14.05,0.69,Silt,6.836054626664247,0.0009306717385583,0.9,0.46177576910211643,coffee,0.5130841878912404
4927,865.7047,-10.634010208894017,0.4169651689831513,Rural_Sokoto,13.321379,2365.6,-1.3000000000000007,29.9,14.3,0.71,Volcanic,4.685901786741994,0.2979771484295622,1.1,0.680867571284562,tea,0.6189705193496018
4928,443.10266,-9.859030972593873,-3.1236618173856785,Rural_Hawassa,8.527404,1570.2,-5.8,31.0,12.6,0.64,Silt,7.484682522648175,0.008724977895397,3.6,1.2006119628772323,banana,0.3335033230214534
4929,613.13116,-7.4214509328358576,-4.943526069921311,Rural_Hawassa,7.485395,823.7,-5.0,30.0,12.5,0.58,Loamy,5.328135838305914,0.1555625680656789,4.1,2.703841910542823,potato,0.6594736367177618
4930,569.56757,-6.6915286288787446,-1.483982144309019,Rural_Sokoto,12.063793,1061.4,-5.2,31.5,13.15,0.61,Loamy,5.868879864726383,0.8000285025804874,1.6,0.7490211831358073,wheat,0.46813823945987953
4931,693.3593,-10.395208467475946,-9.524719002665712,Rural_Akatsi,12.464921,2096.9,-3.1,29.3,13.1,0.69,Volcanic,5.632713258096257,0.0714144419085479,1.9,1.25732456017794,banana,0.6617497685147052
4932,883.7133,-3.8979988236107808,-1.8308374597675432,Rural_Kilimani,3.164986,1205.4,-2.2,27.2,12.5,0.59,Volcanic,5.80359446406778,0.563265622787936,9.3,4.94270992401365,cassava,0.5314741853778118
4933,385.12375,-10.863800563843476,-6.4750949953225865,Rural_Hawassa,15.723794,1699.5,-6.3,32.1,12.9,0.67,Silt,5.688061217549593,0.1144549941746164,1.1,0.4871030418070837,wheat,0.44282094709734876
4934,632.346,-5.821929834658233,-8.14180235531809,Rural_Amanzi,10.4980955,691.3,-4.9,33.8,14.45,0.58,Loamy,5.41498331319527,0.2284575520616421,3.3,2.224317970058465,potato,0.6740357485025652
4935,397.38074,-11.228761715822031,-8.966146806342893,Rural_Akatsi,4.7212486,1864.7,-6.0,30.6,12.3,0.65,Silt,6.9965279524082185,0.091065673265404,2.2,1.0486391933980688,wheat,0.476654178817304
4936,635.1885,-2.2579264863244277,-5.903008955540345,Rural_Kilimani,25.944502,383.0,-5.2,29.8,12.3,0.6,Loamy,5.681744018141988,0.3415228411754061,0.8,0.5076107136744537,potato,0.634513392093067
4937,826.48413,-3.546554751335133,-1.213705275120559,Rural_Kilimani,3.3295343,1288.8,-2.6,31.0,14.2,0.6,Volcanic,5.338315835962766,0.548318214953223,13.5,4.3232127985201885,coffee,0.3202379850755695
4938,71.164505,-12.19298006796291,-6.704830334132777,Rural_Hawassa,9.558632,1488.5,-9.3,34.6,12.65,0.63,Silt,5.849164857247489,0.0005409041327313,3.1,1.3917629586333857,banana,0.44895579310754374
4939,686.9579,-5.024422132186572,-7.421064037482197,Rural_Kilimani,14.342182,553.8,-4.6,29.9,12.65,0.58,Sandy,4.938811299777001,0.4482141734245799,1.1,0.5889035590626509,potato,0.5353668718751371
4940,885.56525,-1.9380222666889024,-1.074062226039855,Rural_Kilimani,6.650032,1509.3,-1.9000000000000004,29.5,13.8,0.63,Volcanic,5.046188650483027,0.0933841107179623,3.2,1.4777485848731027,cassava,0.46179643277284455
4941,649.54486,-8.07928214504412,-3.344387927222921,Rural_Hawassa,0.67128134,1204.7,-4.3,31.4,13.55,0.59,Volcanic,5.639463690144269,0.0531893514717808,10.5,4.993649818824405,wheat,0.4755856970308957
4942,516.00977,-7.313314295212582,-1.092080683985752,Rural_Sokoto,10.083412,1184.7,-5.5,32.3,13.4,0.61,Loamy,6.237006206514288,0.5943684840601353,3.8,1.4301810245817115,coffee,0.37636342752150304
4943,272.98166,-11.963189713013447,-5.826430509270281,Rural_Hawassa,4.8428793,1692.7,-7.3,32.8,12.749999999999998,0.63,Silt,6.554492347766259,0.0014984720892277,4.7,2.6043465143896953,rice,0.554116279657382
4944,631.09485,-8.529851468474437,-0.3398100647445374,Rural_Sokoto,18.775476,1694.6,-3.8,29.9,13.05,0.68,Silt,6.12146053537358,0.1258167577139663,1.6,0.8567417893514655,wheat,0.5354636183446659
4945,401.8525,-10.462793865990497,-6.011119703215729,Rural_Hawassa,7.6553326,1616.6,-6.2,29.0,11.4,0.64,Silt,7.176135075125824,0.279979044047473,3.6,1.138245314331734,banana,0.3161792539810372
4946,724.6452,-4.09624932592012,-2.686714212197668,Rural_Kilimani,12.989539,846.4,-3.9,29.8,12.95,0.6,Sandy,6.254676599417595,0.3415236684382765,1.9,0.9453588751839178,maize,0.49755730272837784
4947,394.1583,-13.134669953932272,-5.542639796622398,Rural_Hawassa,11.738427,1710.9,-6.2,33.2,13.500000000000002,0.66,Silt,6.30190798877743,1.81136164452876e-06,3.1,1.4816831236682972,banana,0.4779622979575152
4948,696.0748,-6.975387302639843,-6.029138161161627,Rural_Hawassa,3.6310694,778.7,-4.3,31.5,13.6,0.56,Sandy,6.015952141052898,0.278531845138489,11.3,5.64233156989799,maize,0.4993213778670787
4949,837.4724,-4.772103311065596,-5.060646046569644,Rural_Kilimani,32.060753,600.9,-3.1,27.2,12.05,0.64,Sandy,5.6574225878377895,0.2850584306464259,1.9,1.0017923530961523,wheat,0.5272591332085013
4950,671.92017,-7.70981529983126,-4.812892249813555,Rural_Hawassa,3.954496,982.4,-4.3,30.8,13.25,0.58,Sandy,4.909313885530056,0.1200150790554265,6.4,3.4288500741306316,potato,0.5357578240829112
4951,390.0828,-11.742410744532595,-8.862540673153983,Rural_Akatsi,6.567218,1872.5,-6.1,33.8,13.849999999999998,0.65,Silt,5.658122860465937,0.1155531928036033,3.7,1.9488603329016965,coffee,0.5267190088923503
4952,493.9679,-10.494333718630616,-4.574147682030415,Rural_Hawassa,10.956593,1723.2,-5.2,30.3,12.55,0.66,Silt,6.109785842657477,0.1122120886032277,3.0,2.011160055213306,rice,0.670386685071102
4953,721.1717,-5.574116706771559,-7.182319469699057,Rural_Amanzi,10.843624,614.1,-4.2,30.3,13.05,0.57,Sandy,5.578885335984514,0.4283907544572761,2.4,1.1013493406746264,wheat,0.4588955586144277
4954,734.677,-8.759641823423898,-2.092105099983055,Rural_Hawassa,5.5233283,1648.4,-3.2,31.3,14.05,0.63,Volcanic,5.674149179617812,0.061455764619337,3.3,1.8580114139899626,coffee,0.5630337618151402
4955,601.5425,-5.524554081194223,0.6196728208744966,Rural_Kilimani,11.733821,1223.9,-4.7,32.2,13.750000000000002,0.62,Silt,5.562287950989893,0.7432999030796626,3.7,1.29599181184666,wheat,0.350268057255854
4956,278.13715,-12.891362519279902,-7.578725544508798,Rural_Hawassa,2.7813795,1644.0,-7.3,33.7,13.2,0.62,Silt,6.387875743289051,0.0011284351505215,13.6,6.992394847335376,wheat,0.5141466799511306
4957,648.13794,-7.502553411053314,-2.7092372846300394,Rural_Hawassa,4.8866515,1120.0,-4.4,33.9,14.75,0.59,Sandy,6.643277373341541,0.2628985443349817,4.1,1.816671828494941,maize,0.44309068987681494
4958,585.1678,-13.84206379171787,-6.258873499971818,Rural_Hawassa,2.5904765,1728.0,-4.4,29.8,12.7,0.63,Silt,6.645806743401403,5.539213742637938e-08,6.2,3.0391114555327263,banana,0.49017926702140746
4959,448.58807,-14.387252673068554,-6.8219503107811095,Rural_Hawassa,1.4738207,1398.1,-5.9,31.8,12.95,0.6,Peaty,5.824662920734376,3.988660385278134e-09,8.2,6.221463115164797,rice,0.7587150140444875
4960,670.51495,-9.678803243221743,-0.3172869923121657,Rural_Sokoto,11.204131,1977.8,-3.4000000000000004,28.3,12.45,0.68,Volcanic,5.535290191795221,0.2892286912627649,3.3,2.63273469202281,tea,0.7977983915220637
4961,673.25574,-10.52587357127074,-1.1776683592287644,Rural_Sokoto,9.766696,2100.0,-3.2,31.3,14.05,0.68,Volcanic,4.623946698170101,0.1987913320444719,3.8,1.8947687781705869,banana,0.4986233626764702
4962,708.60956,-4.317028294400975,-2.569594235549335,Rural_Kilimani,3.668164,846.3,-4.1,35.0,15.45,0.57,Sandy,4.940515710136949,0.3580448515939188,12.5,6.580558459301493,potato,0.5264446767441194
4963,666.3148,-9.967167610217146,-1.1371268288504954,Rural_Sokoto,2.8972886,1982.4,-3.4000000000000004,31.0,13.8,0.65,Volcanic,5.428997193519805,0.1517307283977284,8.3,6.9046842453690385,tea,0.8318896681167516
4964,890.1938,-4.037675313874178,-4.002061642248174,Rural_Kilimani,5.201708,774.1,-2.5,30.8,14.15,0.57,Rocky,5.119596419556873,0.211290107468494,2.6,1.4590109701370177,potato,0.5611580654373145
4965,276.1723,-12.729157562844987,-7.321962518779761,Rural_Hawassa,3.8933825,1646.6,-7.4,32.4,12.5,0.63,Silt,7.058465431478647,0.0011310776615914,14.0,4.800023685698921,banana,0.34285883469278006
4966,606.4858,-6.696034322113047,-2.4524742589010025,Rural_Hawassa,18.261429,931.7,-4.9,30.5,12.8,0.62,Loamy,6.3127480061867205,0.526161257783492,1.5,0.5555133774563171,coffee,0.37034225163754475
4967,703.6711,-9.300325011540275,-0.8893730320944064,Rural_Sokoto,7.443652,1888.8,-3.2,29.0,12.9,0.66,Volcanic,4.469123375471014,0.1159701988258827,3.6,3.039868107281551,tea,0.8444078075782085
4968,907.1889,-1.793840083191201,-1.7902959293892742,Rural_Kilimani,5.1002355,1388.2,-1.8000000000000007,27.5,12.85,0.61,Volcanic,4.276855920421561,0.1089449293072674,4.0,2.3764330505011704,tea,0.5941082626252926
4969,683.5276,-2.888723539126872,-2.686714212197668,Rural_Kilimani,9.395681,862.3,-4.3,28.4,12.05,0.59,Sandy,5.17268499149384,0.3806119363493808,4.6,2.493465885211843,potato,0.5420578011330094
4970,816.5056,-3.276213157276944,-2.925458779980808,Rural_Kilimani,6.9559717,928.3,-3.0,26.4,11.7,0.58,Sandy,6.224454908051454,0.3763535348137272,3.0,1.5653386447585613,wheat,0.5217795482528538
4971,678.9581,-7.79542347128302,-4.326393885274327,Rural_Hawassa,9.227961,1047.2,-4.2,32.5,14.15,0.6,Sandy,5.610719522480109,0.0653314247590333,3.8,1.7917047532089552,wheat,0.4715012508444619
4972,595.1161,-1.0053437671881476,-3.168707962250422,Rural_Kilimani,24.039085,766.2,-5.2,30.7,12.75,0.62,Loamy,5.9917645753421205,0.0297444749048563,1.6,1.1205884927834184,wheat,0.7003678079896365
4973,685.47253,-5.988640484327449,-6.141753523323485,Rural_Amanzi,5.137967,551.7,-4.6,28.2,11.8,0.55,Sandy,4.971373403896478,0.2700122709541405,3.8,2.163389012655245,potato,0.5693128980671698
4974,377.2862,-1.3793163056353102,-4.515587693706249,Rural_Kilimani,12.148083,246.0,-7.7,33.0,12.65,0.55,Loamy,5.776384547604448,0.0320337587485857,1.1,0.673394469547715,wheat,0.6121767904979226
4975,804.1117,-5.6011508661773775,-4.524596922679198,Rural_Kilimani,11.976054,661.7,-3.4000000000000004,30.5,13.55,0.58,Sandy,5.201195284967373,0.2471151076162163,0.9,0.4261729506860131,wheat,0.47352550076223676
4976,668.1739,-6.096777121950726,-2.245261992523182,Rural_Hawassa,4.4174056,937.6,-4.4,33.1,14.35,0.58,Sandy,5.9319232453616415,0.6442194497095683,3.5,1.004090026911242,coffee,0.28688286483178344
4977,586.6764,-6.876262051485174,-2.335354282252669,Rural_Hawassa,3.8719869,976.8,-5.0,33.7,14.35,0.58,Loamy,6.647618559383149,0.5566723618875441,12.2,6.562138484651508,maize,0.5378802036599597
4978,807.2476,-1.9965962787348437,-0.8488315017161374,Rural_Kilimani,2.2913153,1464.4,-2.6,27.5,12.45,0.61,Volcanic,5.695207011809607,0.095414924975506,6.5,3.40239484142869,coffee,0.5234453602197985
4979,412.44757,-10.453782479521887,-7.849002413697259,Rural_Akatsi,1.2959435,1702.5,-6.0,32.5,13.25,0.62,Silt,5.98250424100269,0.0483120522618748,10.2,4.998100871410469,banana,0.4900098893539676
4980,828.38257,-4.9973879727807535,-4.686763044192274,Rural_Kilimani,7.3438063,627.1,-3.2,31.0,13.9,0.56,Sandy,6.741363437283541,0.2683229336996669,3.7,1.8970759257645196,potato,0.5127232231795998
4981,290.23718,-12.476838741724013,-8.17333465672341,Rural_Akatsi,22.55403,1722.2,-7.1,36.3,14.599999999999998,0.69,Silt,6.936858378421941,0.0317477794111525,1.3,0.6404232450331274,rice,0.492633265410098
4982,974.69855,-1.469430170321374,-2.2002158476584386,Rural_Kilimani,0.7241932,1387.6,-1.1999999999999993,30.9,14.85,0.6,Volcanic,4.960029955159632,0.0791194064286529,14.5,8.86657745876107,tea,0.6114881006042117
4983,260.6688,-13.368966002116036,-7.101236408942518,Rural_Hawassa,5.8183484,1531.3,-7.5,32.0,12.25,0.63,Silt,6.175434954741537,3.916309182941351e-06,4.9,2.4847356724498306,wheat,0.5070889127448633
4984,536.4166,-0.9377583686736006,-4.290356969382532,Rural_Kilimani,3.5085318,455.5,-6.0,29.4,11.7,0.54,Loamy,5.3020642261239015,0.0125271369849961,8.9,6.001525640759853,potato,0.6743287236808824
4985,634.6482,-9.881559438765386,-5.542639796622398,Rural_Hawassa,15.797255,1688.3,-4.0,33.9,14.95,0.67,Silt,6.813008713793005,0.1567502744829027,1.6,0.8610734672349146,wheat,0.5381709170218216
4986,715.30304,-8.651505185800623,-1.0650529970669058,Rural_Sokoto,40.96137,1696.4,-3.5,32.7,14.6,0.75,Volcanic,4.65058680233923,0.1021403292397111,0.8,0.6480577500581712,tea,0.810072187572714
4987,469.60654,-8.930858166327418,-6.123735065377588,Rural_Hawassa,2.730876,1202.7,-5.9,32.8,13.45,0.59,Loamy,6.683686100941893,0.0849684346797534,13.5,8.785401097089801,wheat,0.6507704516362816
4988,728.7498,-7.7233323795341695,-1.5335329036602368,Rural_Sokoto,18.258047,1439.1,-3.4000000000000004,29.2,12.9,0.66,Volcanic,5.30206729311986,0.4434784839180617,1.7,0.7216239899224901,banana,0.42448469995440596
4989,457.70312,-9.043500497184995,-5.925532027972717,Rural_Hawassa,1.09635,1224.5,-6.0,31.8,12.9,0.59,Peaty,4.795577532219106,0.0756676627712023,5.8,2.3825081336194045,cassava,0.4107772644171387
4990,605.12573,-8.768653209892504,-7.083217950996622,Rural_Akatsi,1.6611822,1344.4,-4.6,30.0,12.7,0.6,Peaty,4.42252235179536,0.0466818096311841,8.9,5.388230655200051,tea,0.6054191747415787
4991,730.606,-3.1095025076077256,-1.880388219118761,Rural_Kilimani,6.626883,1078.1,-3.7,32.1,14.2,0.59,Sandy,5.363782054323296,0.3955644153228139,3.6,1.9612942137485356,cassava,0.5448039482634821
4992,496.29315,-6.831205119142142,-1.5110098312278657,Rural_Sokoto,10.782049,1005.0,-5.9,31.5,12.8,0.6,Loamy,6.748925936798846,0.7734524077705635,3.4,1.730854371254957,wheat,0.5090748150749873
4993,645.8656,-6.177879600168183,-6.62374727337624,Rural_Amanzi,5.7066107,575.1,-4.9,30.6,12.85,0.55,Sandy,5.021079981410487,0.2966826815349295,2.4,1.0350015029848907,wheat,0.43125062624370447
4994,484.23413,-6.772631107096201,-4.096658546464136,Rural_Hawassa,7.0431924,573.7,-6.4,32.9,13.25,0.56,Loamy,6.608213014040199,0.1408187284877563,3.5,2.3055007456142973,maize,0.6587144987469421
4995,634.2844,-9.926616371108418,-2.5155388617116428,Rural_Hawassa,12.08482,1834.3,-3.9,29.0,12.55,0.67,Silt,5.688204070974074,0.0887532277317108,0.8,0.452312906526145,banana,0.5653911331576812
4996,617.464,-1.5009700229614964,-3.830886291762149,Rural_Kilimani,5.9085283,618.9,-5.1,30.5,12.7,0.56,Loamy,5.459502771588976,0.0512524519998904,4.8,3.15306715037329,wheat,0.6568889896611021
4997,713.45966,-3.546554751335133,-0.4839577283117162,Rural_Kilimani,3.343253,1292.1,-3.6,31.1,13.75,0.6,Volcanic,5.375121098247163,0.5020129812549919,13.5,5.942005115307472,cassava,0.4401485270598127
4998,884.05347,-1.0504006995311794,-1.9659758943617736,Rural_Kilimani,3.671328,1383.9,-2.0,26.5,12.25,0.61,Volcanic,5.757194514411502,0.0311586548460592,13.6,6.920311682732259,coffee,0.5088464472597249
4999,718.43915,-9.67429754998744,-2.015526653712991,Rural_Sokoto,10.428113,1882.9,-3.2,31.2,14.0,0.67,Volcanic,5.624845016948518,0.307277005447772,3.6,2.0302995462258515,coffee,0.5639720961738476
5000,748.71985,-3.27170746404264,-1.1686591302558156,Rural_Kilimani,7.0144954,1232.6,-3.4000000000000004,28.9,12.75,0.61,Volcanic,5.726306187615645,0.4380435403447234,4.5,2.2244216618236057,cassava,0.4943159248496901
5001,653.57605,-8.597436866988984,-5.668769002243679,Rural_Hawassa,4.4528975,1262.5,-4.2,31.5,13.65,0.6,Volcanic,4.144540790288213,0.1683887784596925,4.8,3.2086207435560623,tea,0.668462654907513
5002,401.21326,-0.5367516708206175,-4.40297233154439,Rural_Kilimani,5.126749,289.9,-7.4,31.0,11.8,0.53,Loamy,5.33333895027766,0.0048307800149851,2.3,1.4547394903987259,potato,0.6324954306081417
5003,862.7043,-4.447693398195767,-3.083120287007409,Rural_Kilimani,2.4672294,898.3,-2.6,28.6,13.0,0.57,Rocky,5.658151487596836,0.2446546709892401,11.8,6.617362948341702,potato,0.5607934701984493
5004,608.6464,-1.383821998869614,-5.7273289905678455,Rural_Kilimani,5.442202,363.8,-5.4,30.9,12.75,0.54,Loamy,4.844539592353513,0.1371204877488635,2.1,1.1998352708196507,wheat,0.5713501289617384
5005,816.2268,-4.024158234171269,-6.245359656512394,Rural_Kilimani,2.5620441,559.3,-3.4000000000000004,29.8,13.2,0.54,Sandy,6.37183667071707,0.2323556711418414,7.0,3.872951202319053,potato,0.5532787431884362
5006,658.72437,-8.255004181181942,1.1016665709272506,Rural_Sokoto,2.8986063,1698.6,-3.8,32.2,14.2,0.63,Volcanic,5.223331902149225,0.0790733388102783,8.3,3.5530634253905657,cassava,0.42807993076994766
5007,891.24023,-4.042181007108482,-4.150713920301827,Rural_Kilimani,27.455408,753.1,-2.5,28.9,13.2,0.63,Sandy,4.794319274411551,0.2092059731557911,0.6,0.2655671445571222,tea,0.44261190759520375
5008,796.38293,-2.113744302826726,-6.677802647213931,Rural_Kilimani,23.050884,564.3,-3.6,28.1,12.25,0.61,Sandy,6.161868367399923,0.2512218791022692,1.2,0.7009372600769627,wheat,0.5841143833974689
5009,733.56506,-4.249442895886428,-0.3713423661498576,Rural_Kilimani,4.4704776,1289.6,-3.5,31.2,13.85,0.6,Volcanic,5.085774639296987,0.7053322237129211,4.4,2.2882451917062894,tea,0.520055725387793
5010,729.2291,-6.002157564030359,-7.790442425373093,Rural_Amanzi,25.656502,767.3,-4.0,29.7,12.85,0.63,Sandy,5.753128008273088,0.3721410545583892,1.1,0.626970435587524,potato,0.5699731232613854
5011,413.33887,-14.562974709206378,-7.240879458023223,Rural_Hawassa,5.291478,1283.8,-6.4,32.9,13.25,0.61,Peaty,4.2475025292444615,9.686129824831508e-10,2.9,1.0163139699320871,banana,0.35045309308003003
5012,885.88086,-8.556885627880256,-1.9930035812806195,Rural_Sokoto,5.1016345,1766.7,-1.5999999999999996,31.0,14.7,0.64,Volcanic,4.25721861455504,0.1018533643587464,4.9,3.4669094854434404,tea,0.7075325480496817
5013,268.49792,-13.639307596174229,-7.7318824370489265,Rural_Hawassa,1.4618052,1461.0,-7.5,33.2,12.85,0.61,Peaty,5.552926140543214,3.7147683448829407e-06,12.3,5.630757915440715,banana,0.4577851963772939
5014,692.823,-8.69205642490935,-1.1911822026881873,Rural_Sokoto,6.992597,1695.2,-3.5,30.7,13.6,0.64,Volcanic,5.533371822024048,0.0951751561788217,4.7,2.6174224056571784,coffee,0.5568983841823784
5015,569.68024,-9.228233919791428,-4.943526069921311,Rural_Hawassa,2.3808134,1404.6,-4.9,31.4,13.25,0.61,Peaty,4.222239308444072,0.021536080498968,11.4,3.9469194220910913,cassava,0.346221001937815
5016,804.19666,-3.0869740414362106,-7.42556865196867,Rural_Kilimani,5.910825,644.0,-3.3,32.2,14.45,0.56,Sandy,5.833219137663131,0.0895791742234639,4.9,3.1189815782826025,potato,0.6365268527107352
5017,741.514,-1.8388970155342328,-0.8082899713378684,Rural_Kilimani,6.8503537,1420.7,-3.3,32.0,14.35,0.62,Volcanic,5.956056555899146,0.0760065491721269,4.7,2.567348920061006,banana,0.5462444510768097
5018,587.33496,-2.5507965465541336,-7.515660941698157,Rural_Kilimani,14.220958,414.1,-5.6,32.1,13.25,0.57,Loamy,6.105308946300457,0.0712064904219135,0.7,0.49342111432796637,wheat,0.7048873061828091
5019,802.29944,-1.9965962787348437,-4.105667775437084,Rural_Kilimani,31.040865,741.1,-3.3,30.3,13.5,0.64,Sandy,5.282360056749145,0.0850559413585404,1.7,1.0735688583668506,potato,0.631511093156971
5020,524.12964,-10.629504515659711,-7.439082495428095,Rural_Akatsi,9.764751,1834.4,-4.9,30.9,13.0,0.66,Silt,7.316337838608394,0.0278485954768506,3.2,1.4878229720696503,wheat,0.4649446787717657
5021,678.9786,-9.998707462857269,-0.9659514783644704,Rural_Sokoto,3.21218,2013.5,-3.3,31.8,14.25,0.65,Volcanic,5.65062595733345,0.1932565447897944,6.6,4.191997262622718,coffee,0.6351511003973815
5022,731.5032,-3.888987437142175,-3.083120287007409,Rural_Kilimani,22.137121,779.6,-3.9,31.6,13.85,0.62,Sandy,5.421662295496368,0.2990562563955812,0.8,0.47166197527443626,potato,0.5895774690930453
5023,637.3801,-9.777928494376416,0.1737159867135371,Rural_Sokoto,6.716657,1986.7,-3.7,32.2,14.250000000000002,0.66,Volcanic,5.297030574624946,0.3282617938631353,2.1,1.7172439572133884,tea,0.8177352177206612
5024,537.0791,-6.326567476900188,-3.330874083763498,Rural_Hawassa,5.20949,641.4,-5.8,30.8,12.5,0.56,Loamy,5.006495181960047,0.5029901514479417,4.7,2.3834524858953405,wheat,0.507117550190498
5025,703.53,-8.854261381344266,-1.7272313265786334,Rural_Sokoto,12.828996,1719.1,-3.1,27.4,12.15,0.66,Volcanic,4.476648592702474,0.0613321300535143,1.0,0.812323426261491,tea,0.812323426261491
5026,665.71436,-6.763619720627595,-6.970602588834763,Rural_Amanzi,6.7919464,758.5,-4.6,30.7,13.05,0.57,Sandy,5.784831886223901,0.271804323072899,4.4,2.17968957949138,wheat,0.49538399533895
5027,762.8511,-3.1500537467164555,-1.4704683008495965,Rural_Kilimani,4.207316,1196.0,-3.3,27.4,12.05,0.6,Sandy,6.462065451682729,0.3982191046583099,4.7,1.6377693108064233,coffee,0.3484615554907283
5028,504.53046,-9.539126752958346,-3.4434894459253567,Rural_Hawassa,17.343918,1516.9,-5.3,31.2,12.95,0.66,Silt,6.451823086018649,0.0059622973646046,1.1,0.5256915172446458,coffee,0.47790137931331433
5029,837.4535,-4.533301569647527,-6.348965789701304,Rural_Kilimani,28.056171,589.9,-3.2,32.1,14.45,0.62,Sandy,5.95812179136102,0.2858609546041422,1.6,0.903509489806752,wheat,0.56469343112922
5030,810.95966,-4.9117798013289935,-6.574196514025021,Rural_Kilimani,32.4823,590.4,-3.4000000000000004,30.0,13.3,0.64,Sandy,5.138121042744635,0.3359894817817162,1.4,0.8448678481272933,potato,0.6034770343766381
5031,736.5041,-7.691792526894047,-6.799427238348739,Rural_Akatsi,4.878042,1087.8,-3.6,31.2,13.8,0.59,Sandy,5.852649823101154,0.2002051324342769,3.7,1.807000739360977,wheat,0.48837857820566943
5032,705.78613,-5.222672634495911,-7.551697857589953,Rural_Amanzi,36.670715,606.9,-4.3,27.4,11.55,0.65,Sandy,5.902840889711449,0.4429973113913359,0.7,0.3465651349839305,wheat,0.49509304997704356
5033,412.09378,-9.507586900318223,-7.015648733699506,Rural_Akatsi,7.989091,1388.0,-6.3,34.7,14.2,0.62,Silt,5.553134254102235,0.0419801600864746,4.3,1.7288176589392703,banana,0.40205061835796985
5034,829.24677,-2.366063123947704,-1.0335206956615857,Rural_Kilimani,5.6084127,1414.7,-2.5,27.7,12.6,0.62,Volcanic,5.74211728547789,0.1609666163358699,2.3,1.4473054808206702,tea,0.6292632525307262
5035,729.92413,-0.91072420926778,-2.77230188744068,Rural_Kilimani,12.184787,1018.1,-3.7,32.1,14.2,0.61,Sandy,4.890078659142159,0.0265987047022906,0.6,0.32102900931496486,cassava,0.5350483488582748
5036,574.70435,-2.1858353945755766,-5.839944352729704,Rural_Kilimani,5.8705955,321.7,-5.8,33.4,13.8,0.53,Loamy,4.836065814728079,0.3273681640878205,3.5,1.9916752720104547,potato,0.5690500777172728
5037,823.6212,-1.3522821462294914,-2.790320345386577,Rural_Kilimani,23.716818,1084.7,-2.8,32.8,14.999999999999998,0.65,Sandy,4.716759348926557,0.0699230829556905,0.9,0.4638779072465085,cassava,0.515419896940565
5038,261.9595,-11.91813278067042,-6.488608838782009,Rural_Hawassa,6.9508023,1684.1,-7.4,32.9,12.75,0.64,Silt,6.7842261271312605,0.0016654948726704,4.5,2.2425877353614516,wheat,0.4983528300803226
5039,559.69037,-5.542576854131436,-1.5110098312278657,Rural_Kilimani,38.731663,915.3,-5.4,32.8,13.7,0.68,Loamy,4.702239193389697,0.8948985528241009,1.7,0.7655085518290091,potato,0.4502991481347113
5040,733.9859,-4.889251335157477,-1.9389482074429276,Rural_Kilimani,1.3271184,995.3,-3.7,30.7,13.5,0.57,Sandy,5.522043063084605,0.675079318200153,6.0,2.9827814562706987,potato,0.4971302427117831
5041,909.25104,-3.420395340774645,-2.344363511225618,Rural_Kilimani,2.8484676,1145.2,-2.0,30.0,14.0,0.59,Rocky,4.428621946184519,0.4255595895372546,7.1,2.6835907670511583,cassava,0.3779705305705857
5042,691.621,-8.628976719629106,-7.321962518779761,Rural_Akatsi,5.0259457,1421.9,-3.6,31.2,13.8,0.61,Volcanic,4.366115057777556,0.0499805698882824,2.2,1.5917642232534621,tea,0.7235291923879372
5043,448.94537,-7.448485092241676,-1.483982144309019,Rural_Sokoto,14.877157,1088.0,-6.2,31.5,12.65,0.62,Loamy,5.907746775365911,0.5713840352493915,0.9,0.5287965556254396,cassava,0.5875517284727106
5044,435.0313,-12.557941219941467,-8.398565381047128,Rural_Akatsi,32.82288,1866.4,-5.6,32.4,13.4,0.73,Silt,6.741613126972512,0.0214809681009998,1.3,0.6694378743777551,wheat,0.5149522110598116
5045,767.1353,-4.26746566882364,-1.7452497845245307,Rural_Kilimani,5.090483,1083.9,-3.3,31.1,13.9,0.59,Sandy,5.414967323195735,0.6548292282553658,4.3,2.25335518794495,cassava,0.5240360902197558
5046,567.60315,-9.102074509230938,-4.727304574570542,Rural_Hawassa,4.941831,1364.7,-4.9,26.9,11.0,0.61,Peaty,5.38515374069938,0.0192889384431449,2.7,1.2906214115663586,cassava,0.4780079302097624
5047,651.29803,-5.389383284165129,-1.7272313265786334,Rural_Hawassa,4.534529,962.1,-4.5,31.1,13.3,0.58,Sandy,5.4970244299896285,0.837232383376493,4.6,2.1281601264497665,potato,0.4626435057499492
5048,759.0359,-4.26746566882364,-2.1912066186854906,Rural_Kilimani,7.0563064,981.5,-3.5,28.7,12.6,0.59,Sandy,6.556273415738692,0.4841054455639237,4.2,2.0390033999883137,wheat,0.48547699999721755
5049,437.07208,-9.913099291405508,-7.002134890240083,Rural_Akatsi,2.5082347,1538.9,-5.9,32.3,13.2,0.62,Silt,6.637877435725525,0.0643750918295947,7.9,3.8381925689349776,coffee,0.4858471606246807
5050,650.9151,-8.06576506534121,-3.3038463968446523,Rural_Hawassa,4.1617403,1206.6,-4.3,31.4,13.55,0.6,Volcanic,4.505325006132446,0.0569899980959228,4.9,1.9301701679237953,cassava,0.39391227916812144
5051,785.1214,-3.3257757828542798,-4.020080100194072,Rural_Kilimani,15.079701,684.6,-3.5,31.1,13.8,0.59,Sandy,5.869851589277818,0.2047900014649952,1.5,0.9120045346171852,potato,0.6080030230781235
5052,587.25684,-6.123811281356545,-3.348892541709396,Rural_Hawassa,6.7231574,658.2,-5.4,29.0,11.8,0.56,Loamy,6.660806653446433,0.4398369188221953,4.7,2.954301100334717,maize,0.6285747021988759
5053,617.2366,-8.083787838278422,-5.3083998433257324,Rural_Hawassa,6.1138005,1039.1,-4.7,31.3,13.3,0.59,Loamy,5.148908465845209,0.292069269446133,2.6,1.3862839047275184,wheat,0.5331861172028917
5054,613.6928,-9.385933182992035,-1.4028990835524813,Rural_Sokoto,10.005384,1771.6,-4.1,29.7,12.8,0.66,Silt,6.571725557810076,0.0696976584186523,2.3,1.1030834997535004,coffee,0.4796015216319567
5055,560.0575,-0.7259907866613506,-3.0380741421426665,Rural_Kilimani,6.77353,772.4,-5.5,32.2,13.35,0.57,Loamy,5.67067012480437,0.0156919825384762,2.3,1.4227892057267943,maize,0.6186040024899107
5056,973.82935,-4.407142159087039,-4.10116316095061,Rural_Kilimani,10.701572,839.0,-1.6999999999999993,26.8,12.55,0.59,Rocky,4.972999021641322,0.2144904970462683,3.5,1.4158215861888939,tea,0.40452045319682683
5057,851.3817,-6.619437537129894,-8.087746981480398,Rural_Amanzi,2.5058496,1064.0,-2.6,30.7,14.05,0.58,Rocky,5.028574218293757,0.1637152742904017,10.9,5.176545787659385,cassava,0.47491245758342976
5058,782.5386,-2.235398020152912,-0.5785546325276771,Rural_Kilimani,11.835662,1455.2,-2.9000000000000004,30.8,13.95,0.64,Volcanic,5.042132945816043,0.1255071813829959,1.5,1.0732766028782377,tea,0.7155177352521584
5059,633.63885,-2.4922225345081923,-3.916473967005162,Rural_Kilimani,3.6956344,577.2,-5.0,31.0,13.0,0.55,Loamy,5.786202999157074,0.1606960318025599,12.9,8.301111112637486,maize,0.643496985475774
5060,831.451,-2.348040351010491,-7.930085474453796,Rural_Kilimani,21.075457,716.3,-3.1,31.7,14.3,0.61,Sandy,4.721211095562868,0.0281972469838563,1.7,0.8764429174547133,tea,0.5155546573263019
5061,455.0075,-10.989959974403966,-8.195857729155781,Rural_Akatsi,4.123245,1869.4,-5.4,30.7,12.65,0.65,Silt,7.037490808941851,0.1812718024111408,3.4,1.590338431820759,wheat,0.4677465975943409
5062,671.0665,-5.862481073766961,-7.443587109914568,Rural_Amanzi,12.785207,635.0,-4.6,31.6,13.5,0.58,Sandy,5.5375283131004,0.4601609565842141,0.9,0.376384813529028,maize,0.41820534836558665
5063,715.30133,-6.367118716008916,-0.0515147376101798,Rural_Sokoto,8.32084,1360.7,-3.6,29.9,13.15,0.62,Volcanic,4.265132460500413,0.9601603577102956,2.2,1.0064637120500834,tea,0.4574835054773106
5064,718.7608,-8.516334388771526,0.5521036035773814,Rural_Sokoto,14.464206,1807.8,-3.1,29.1,13.0,0.67,Volcanic,4.083699032277917,0.0998811660437893,0.5,0.3877992136170072,tea,0.7755984272340144
5065,643.3573,-5.907538006109993,-7.051685649591302,Rural_Amanzi,5.9617033,565.8,-4.9,29.7,12.4,0.55,Sandy,6.282601239257042,0.4199178973594353,4.3,2.263716100822869,wheat,0.5264456048425277
5066,771.4419,-3.9250329830166,-2.898431093061961,Rural_Kilimani,3.2542043,857.9,-3.5,28.4,12.45,0.57,Sandy,5.657774475817216,0.3211741900030866,6.3,3.6474556793194175,potato,0.5789612189395901
5067,577.47925,-5.740827356440777,-1.6911944106868388,Rural_Hawassa,17.947012,913.4,-5.2,32.3,13.55,0.62,Loamy,5.344599734394928,0.8615349519345085,1.8,0.7463222084519705,wheat,0.4146234491399836
5068,806.89246,-4.0782265529829065,-0.9839699363103678,Rural_Kilimani,13.17967,1280.6,-2.8,31.0,14.1,0.63,Volcanic,3.958594287055528,0.7436010026903516,1.7,0.6287611094695078,tea,0.369859476158534
5069,597.8904,-8.286544033822064,-4.731809189057017,Rural_Hawassa,11.681005,1105.5,-4.9,31.4,13.25,0.61,Loamy,6.5594976015615885,0.1418259729028869,4.2,2.852852553394367,wheat,0.6792506079510398
5070,421.68182,-9.795951267313626,-4.524596922679198,Rural_Hawassa,4.5196357,1452.0,-6.1,32.1,13.0,0.62,Silt,6.801024857427056,0.018525482708952,4.4,2.7198246315586556,rice,0.6181419617178763
5071,498.1677,-0.8701729701590519,-3.41646175900651,Rural_Kilimani,2.0311277,606.9,-6.2,29.7,11.75,0.54,Loamy,4.895984938911995,0.0187151614477247,5.8,3.7515907231715704,potato,0.646825986753719
5072,745.9546,-6.52932367244383,-7.646294761805914,Rural_Amanzi,9.694888,868.5,-3.7,29.1,12.7,0.59,Sandy,5.429637391719896,0.3533413470070739,2.1,1.1990824164438332,potato,0.5709916268780157
5073,769.26074,-10.29608321632128,0.6692235802257143,Rural_Sokoto,11.173909,2222.0,-2.3,28.2,12.95,0.69,Volcanic,5.026578134969117,0.2530836419955571,3.8,2.695097712996029,tea,0.709236240262113
5074,496.79913,-4.961342426906327,0.18722983017296,Rural_Kilimani,13.608244,1078.5,-5.8,30.9,12.55,0.62,Loamy,5.2320927480486725,0.7421213969158444,0.8,0.4033146556796523,potato,0.5041433195995654
5075,591.08844,-5.542576854131436,-0.0695331955560771,Rural_Sokoto,3.058652,1162.8,-4.9,27.5,11.3,0.59,Loamy,4.98198512633698,0.9274103427586172,10.3,3.6461372065747497,wheat,0.35399390355094656
5076,512.79663,-10.62499882242541,-7.231870229050275,Rural_Hawassa,6.2219014,1802.7,-5.1,31.0,12.95,0.65,Silt,6.540625078407804,0.0306188984461888,4.7,2.377317437439504,banana,0.5058122207318093
5077,575.5438,-1.640646513224894,-4.466036934355032,Rural_Kilimani,0.09731625,455.7,-5.7,30.2,12.25,0.53,Loamy,6.161552858603233,0.0477470678737568,8.5,6.093404381031495,wheat,0.7168711036507641
5078,645.78204,-2.348040351010491,-6.434553464944316,Rural_Kilimani,7.4455314,362.2,-5.4,28.8,11.7,0.54,Sandy,5.973720236314692,0.3230685775736308,3.5,1.7276883471856745,wheat,0.49362524205304986
5079,657.79443,-8.81821583546984,-7.020153348185981,Rural_Akatsi,4.554381,1411.7,-4.0,29.0,12.5,0.61,Volcanic,5.821342886474473,0.0457025623026546,2.5,1.428345907253986,coffee,0.5713383629015943
5080,894.38745,-1.9335165734546005,-1.8443513032269665,Rural_Kilimani,7.235086,1349.4,-1.9000000000000004,29.9,14.0,0.62,Volcanic,4.022757262476774,0.1366221413572277,3.9,2.1299015443419087,tea,0.54612860111331
5081,662.4239,-8.678539345206442,-2.587612693495232,Rural_Hawassa,8.530227,1453.2,-4.4,31.9,13.75,0.63,Volcanic,5.1995410246062495,0.0454013039587297,4.0,1.9186560979960743,banana,0.47966402449901857
5082,464.6406,-11.544160242223256,-9.177863687207187,Rural_Akatsi,1.2619692,1961.8,-5.3,29.8,12.25,0.64,Silt,5.9243291480514735,0.0458794550192545,9.4,5.854228900207942,rice,0.6227903085327597
5083,767.14606,-9.881559438765386,-1.9839943523076708,Rural_Sokoto,12.58717,2004.6,-2.5,28.5,13.0,0.68,Volcanic,5.41644711806965,0.3229055828121485,1.3,0.7926190668443787,banana,0.6097069744956759
5084,418.5077,-11.50811469634883,-5.069655275542592,Rural_Hawassa,13.312541,1817.6,-5.8,31.2,12.7,0.67,Silt,6.892136173475241,0.0057623549114355,1.4,0.6214581691750801,banana,0.4438986922679144
5085,463.19473,-8.669527958737834,-6.344461175214829,Rural_Hawassa,1.3726704,1107.3,-6.1,32.2,13.05,0.58,Loamy,6.261132645529384,0.1227840152076265,12.8,7.017296066387944,banana,0.5482262551865581
5086,452.8929,-9.525609673255437,-3.078615672520935,Rural_Hawassa,3.7146673,1487.6,-5.8,31.8,13.0,0.62,Silt,6.720855558401224,0.0057645210148702,13.8,5.45723520798828,banana,0.39545182666581735
5087,566.77936,-6.078754349013513,-2.77230188744068,Rural_Hawassa,18.174274,743.5,-5.4,33.2,13.900000000000002,0.6,Loamy,5.8387555285079245,0.4514355622241618,1.7,1.0116258477662134,wheat,0.5950740280977727
5088,812.3939,-3.5375433648665275,-4.574147682030415,Rural_Kilimani,6.570822,630.0,-3.3,29.6,13.15,0.56,Sandy,6.398433579236021,0.1817395894028699,4.9,2.736747083557421,potato,0.5585198129709021
5089,624.07874,-8.363140818805219,-5.506602880730603,Rural_Hawassa,2.9085143,1145.3,-4.6,30.4,12.9,0.59,Loamy,6.327962132069616,0.2826931907447131,9.7,6.295381352607371,wheat,0.6490083868667393
5090,793.6941,-2.5598079330227392,-3.3669109996552926,Rural_Kilimani,5.522439,848.2,-3.3,31.8,14.25,0.57,Sandy,6.061098764574828,0.2608160927697091,3.6,1.3985116355201834,coffee,0.38847545431116204
5091,561.8984,-8.831732915172749,-6.975107203321238,Rural_Akatsi,16.476141,1312.7,-5.0,30.7,12.85,0.64,Silt,6.1572376025008495,0.0464510145268484,1.2,0.5432596447770474,banana,0.45271637064753945
5092,801.77997,-7.930594268312115,0.4620113138478947,Rural_Sokoto,17.47253,1759.6,-2.4000000000000004,29.9,13.75,0.68,Volcanic,5.558848591062668,0.2108479827330696,1.3,0.9891449619242092,tea,0.7608807399416994
5093,682.2934,-8.710079197846563,-0.9704560928509448,Rural_Sokoto,4.450992,1711.5,-3.5,31.7,14.1,0.64,Volcanic,5.3689481529217336,0.0976736951401325,2.7,1.4390494111384091,coffee,0.532981263384596
5094,425.68982,-14.38274697983425,-6.943574901915917,Rural_Hawassa,0.9208587,1373.2,-6.2,32.0,12.9,0.6,Peaty,5.357073441602194,3.785068523116425e-09,11.4,5.233689792327107,banana,0.4590955958181673
5095,467.0707,-10.282566136618367,-7.853507028183734,Rural_Akatsi,4.5344143,1720.9,-5.5,31.7,13.1,0.64,Silt,6.079121274298166,0.0515482178573018,3.6,2.389974876329965,rice,0.663881910091657
5096,491.45853,-1.0684234724683923,-3.988547798788751,Rural_Kilimani,7.5346603,466.3,-6.4,32.3,12.95,0.55,Loamy,5.09807338935409,0.0192062762758164,4.0,2.6030852126383133,potato,0.6507713031595783
5097,776.94946,-8.957892325733237,-8.218380801588154,Rural_Akatsi,27.708937,1697.2,-2.7,32.0,14.65,0.71,Volcanic,4.847561069204555,0.1874525027810445,1.2,0.5636859150306257,banana,0.4697382625255214
5098,549.5899,-8.831732915172749,-4.042603172626444,Rural_Hawassa,7.207902,1286.5,-5.1,29.9,12.4,0.61,Peaty,5.78291154968784,0.0137280935598266,3.6,1.881959602117954,banana,0.5227665561438761
5099,691.8151,-8.696562118143653,-2.2227389200908103,Rural_Hawassa,30.141645,1587.9,-3.5,28.2,12.35,0.71,Volcanic,4.423643571251671,0.0639761401684773,1.4,1.0777827213047757,tea,0.7698448009319827
5100,621.60126,-7.033961314685785,-2.204720462144913,Rural_Hawassa,17.810102,1059.8,-4.7,32.3,13.8,0.63,Loamy,5.913591269557976,0.5814838396137954,1.7,1.0230174163397607,cassava,0.6017749507880945
5101,609.13574,-1.6451522064591977,-4.785864562894709,Rural_Kilimani,8.3500805,445.4,-5.4,30.7,12.65,0.55,Loamy,5.817374096655592,0.0631774978473674,2.4,1.6286391118824204,wheat,0.6785996299510085
5102,529.85156,-5.425428830039554,0.3764236386048822,Rural_Kilimani,20.267881,1131.8,-5.5,32.0,13.25,0.64,Loamy,6.049358695854214,0.8120273539056666,1.6,0.758247268786136,wheat,0.473904542991335
5103,475.9082,-10.079809941074725,-7.421064037482197,Rural_Akatsi,9.982162,1651.3,-5.5,28.2,11.35,0.65,Silt,5.94140647185902,0.0358740266267545,4.2,2.0866097230173732,coffee,0.4968118388136603
5104,377.9133,-11.030511213512694,-5.128215263866759,Rural_Hawassa,9.703723,1724.3,-6.2,34.6,14.2,0.65,Silt,5.557823306718436,0.0291798957559249,3.9,1.8002661724829996,banana,0.4616067108930768
5105,497.76514,-10.449276786287584,-6.803931852835212,Rural_Akatsi,10.048515,1743.6,-5.1,35.7,15.3,0.65,Silt,6.197102254188373,0.1116285794858711,4.9,2.4984029075189063,banana,0.5098781443916135
5106,731.59827,-9.043500497184995,-0.628105391878895,Rural_Sokoto,8.943413,1876.7,-2.9000000000000004,31.0,14.05,0.66,Volcanic,4.166116062643772,0.1200223523724861,2.5,1.9735992708304082,tea,0.7894397083321633
5107,846.6181,-4.38010799968122,-5.952559714891563,Rural_Kilimani,6.316824,584.1,-3.1,31.6,14.25,0.56,Rocky,4.378218216857873,0.2691718450254899,5.0,2.4849533376509445,wheat,0.49699066753018895
5108,663.7339,-6.132822667825151,-6.5696918995385465,Rural_Amanzi,6.3199644,581.0,-4.7,30.9,13.1,0.56,Sandy,5.603219232201785,0.28964298392516,4.2,2.532497367146888,potato,0.6029755636064018
5109,598.43243,-6.150845440762364,-2.758788043981257,Rural_Hawassa,6.7192893,776.6,-5.2,34.3,14.55,0.57,Loamy,6.73267339810746,0.46581552131826,5.0,3.1884529813290925,wheat,0.6376905962658185
5110,638.80597,-5.799401368486716,-7.781433196400143,Rural_Amanzi,6.060248,638.9,-4.9,31.8,13.45,0.56,Sandy,5.558128107859644,0.3733855974911124,3.3,1.500257102627085,wheat,0.45462336443245
5111,745.82074,-7.398922466664342,-0.2316993170691532,Rural_Sokoto,2.0988882,1542.9,-3.1,29.2,13.05,0.62,Volcanic,5.285955098998331,0.4956742082715256,6.1,2.6021706380137264,cassava,0.42658535049405355
5112,654.52783,-7.840480403626052,-7.114750252401941,Rural_Akatsi,4.84844,1072.2,-4.4,33.4,14.5,0.59,Sandy,5.434978100045294,0.1115307962491964,3.7,1.6235424061924246,wheat,0.4387952449168715
5113,667.56915,-9.58868937853568,0.2908359633618698,Rural_Sokoto,47.35546,1982.9,-3.4000000000000004,29.7,13.15,0.79,Volcanic,4.2478228641872855,0.2718296519412768,1.6,1.2322075306795142,tea,0.7701297066746963
5114,623.1783,-2.1002272231238166,-4.790369177381184,Rural_Kilimani,1.7179669,449.0,-5.2,30.1,12.45,0.53,Loamy,6.32576893705917,0.102765973710187,10.4,6.3092840984743335,potato,0.606661932545609
5115,353.78918,-6.322061783665884,-1.6686713382544671,Rural_Hawassa,20.959848,746.7,-7.4,34.1,13.35,0.61,Loamy,5.473780372188042,0.8294714747982117,1.6,0.8570928744984807,potato,0.5356830465615504
5116,697.16895,-6.889779131188083,-6.993125661267135,Rural_Amanzi,3.5656483,826.3,-4.2,30.0,12.9,0.57,Sandy,6.682057205452383,0.2378119487864315,14.1,7.823692572084613,wheat,0.5548718136230222
5117,849.8705,-2.325511884838976,-7.925580859967323,Rural_Kilimani,1.9808518,734.7,-2.9000000000000004,28.2,12.65,0.55,Rocky,5.847242683091615,0.0280466315254744,14.4,8.45751814664734,potato,0.5873276490727319
5118,378.88702,-6.295027624260065,-1.7722774714433769,Rural_Hawassa,21.563997,750.6,-7.2,32.8,12.8,0.62,Loamy,5.724289371575891,0.8119032642949293,0.6,0.29361215142965225,maize,0.4893535857160871
5119,652.5178,-2.176824008106971,-4.803883020840607,Rural_Kilimani,3.9792066,476.0,-4.9,29.0,12.05,0.54,Sandy,5.060123577786888,0.1102359600183919,8.8,5.160385536414777,potato,0.586407447319861
5120,632.2912,-8.367646512039522,1.2052727041161604,Rural_Sokoto,7.2968597,1697.2,-4.0,29.1,12.55,0.64,Silt,5.983143313904051,0.0602278233210286,4.6,2.4901949134241015,banana,0.5413467203095873
5121,402.20526,-1.3432707597608855,-4.943526069921311,Rural_Kilimani,14.581023,213.1,-7.5,32.2,12.35,0.55,Loamy,4.510407580912416,0.0491804997520989,1.4,0.7367618490443089,potato,0.5262584636030778
5122,509.1557,-7.124075179371848,-0.8713545741485091,Rural_Sokoto,6.8925085,1169.2,-5.6,30.5,12.45,0.6,Loamy,5.32028120353602,0.6501012138043244,3.7,1.5331345869313464,wheat,0.4143606991706341
5123,897.48175,-8.30456680675928,-8.146306969804565,Rural_Akatsi,24.156221,1621.7,-1.5,29.2,13.85,0.69,Volcanic,4.11866381291249,0.098455082129885,1.0,0.6274267282126235,tea,0.6274267282126235
5124,658.47784,-3.0013658699844505,-6.637261116835663,Rural_Kilimani,0.9242925,416.5,-4.9,29.3,12.2,0.53,Sandy,6.08508697150392,0.2223062118316871,6.2,3.0175980558303137,maize,0.486709363843599
5125,663.89526,-1.6766920590993202,-3.9705293408428544,Rural_Kilimani,4.5209885,633.3,-4.7,30.5,12.9,0.55,Sandy,5.401478957852869,0.0608381488413423,2.4,1.2031018589730809,wheat,0.5012924412387837
5126,593.7615,-2.8301495270809305,-6.357975018674254,Rural_Kilimani,7.4808645,337.8,-5.6,31.8,13.1,0.54,Loamy,5.476816009143691,0.2911196941047334,2.2,1.2096224014432977,cassava,0.549828364292408
5127,802.29193,-8.205441555604608,-0.1371024128531921,Rural_Sokoto,30.970873,1786.7,-2.4000000000000004,31.1,14.35,0.72,Volcanic,4.872037251141964,0.1765505618281997,1.1,0.4124419955181645,cassava,0.3749472686528768
5128,475.0221,0.1391023143248571,-3.497544819763048,Rural_Kilimani,1.3557142,553.8,-6.5,31.9,12.7,0.54,Loamy,5.952329085644009,0.0010216478683144,6.5,4.5244416670515095,wheat,0.6960679487771553
5129,916.4115,-1.3477764529951877,-2.497520403765746,Rural_Kilimani,5.0619774,1257.3,-1.8000000000000007,30.1,14.15,0.6,Volcanic,4.897128477591128,0.0686874804561138,4.0,2.0120683978570715,cassava,0.5030170994642679
5130,385.8787,-10.336634455430008,-3.587637109492535,Rural_Hawassa,14.285241,1607.6,-6.3,30.6,12.15,0.66,Silt,5.394939806371667,0.1202228584815267,1.1,0.6702297899360428,rice,0.6092998090327661
5131,313.13123,-13.1707154998067,-7.9841408482914895,Rural_Hawassa,14.185091,1609.1,-7.2,34.0,13.4,0.66,Silt,6.516024314127212,0.0003666933715189,0.9,0.535591309787144,rice,0.5951014553190488
5132,524.4097,-5.285752339776156,0.1376790708217423,Rural_Kilimani,7.351223,1104.6,-5.5,29.5,12.0,0.6,Loamy,6.490775808612503,0.8334103028149307,2.3,0.7075984113059675,coffee,0.3076514831765076
5133,450.125,-10.386197081007342,-7.939094703426746,Rural_Akatsi,7.9947734,1722.8,-5.7,31.8,13.05,0.65,Silt,6.621330796870583,0.0558978790499347,3.3,1.7511582893528408,wheat,0.5306540270766185
5134,682.1608,-8.885801233984386,-4.704781502138171,Rural_Hawassa,18.203817,1408.5,-3.8,29.5,12.85,0.65,Volcanic,4.279712224408091,0.0396536253160546,1.5,1.0689364979907658,tea,0.7126243319938439
5135,520.5766,-8.9038240069216,-5.515612109703552,Rural_Hawassa,11.032137,1233.2,-5.4,32.5,13.55,0.62,Silt,6.208377720178693,0.0870229548577177,3.8,2.1709423451270533,wheat,0.5713006171386983
5136,541.53516,-6.385141488946129,-3.7002524716543936,Rural_Hawassa,6.6079326,601.1,-5.8,29.3,11.75,0.56,Loamy,6.466424414213758,0.2817860693345785,4.4,3.131136757138054,wheat,0.7116219902586486
5137,579.3887,-6.95736452970263,-2.087600485496581,Rural_Hawassa,21.702282,1019.3,-5.1,32.4,13.65,0.64,Loamy,6.450652463903663,0.6418885219356313,0.6,0.3109304984709865,maize,0.5182174974516442
5138,669.7356,-10.102338407246242,-0.7181976816083819,Rural_Sokoto,1.0592641,2038.8,-3.4000000000000004,29.6,13.1,0.65,Volcanic,5.067000180608257,0.2695952399984237,11.4,6.105966305926489,coffee,0.5356110794672359
5139,826.39233,-5.123547383341242,-4.916498383002465,Rural_Kilimani,14.349329,613.5,-3.2,30.7,13.75,0.58,Sandy,5.343174546099558,0.2865855736995185,1.1,0.6915963248829357,potato,0.6287239317117597
5140,418.7138,-10.76918100592311,-6.547168827106176,Rural_Hawassa,33.44704,1717.8,-5.9,32.6,13.35,0.73,Silt,5.374138937180025,0.1240656215177095,0.6,0.3599717432123441,rice,0.5999529053539069
5141,617.4794,-9.39043887622634,-0.9884745507968422,Rural_Sokoto,9.162173,1812.3,-4.0,31.7,13.85,0.66,Silt,5.808347642601755,0.1110665838121437,2.6,1.1639286159005688,cassava,0.4476648522694495
5142,649.69324,-5.646207798520409,-0.1551208707990896,Rural_Sokoto,15.211339,1220.1,-4.3,30.4,13.05,0.63,Volcanic,5.637681001974571,0.9536212013677412,1.8,0.5744909713169486,coffee,0.3191616507316381
5143,693.5485,-2.2534207930901253,-3.461507903871253,Rural_Kilimani,0.92919135,740.1,-4.3,31.3,13.5,0.55,Sandy,5.206078603949634,0.1934341827034444,11.6,6.885907911373249,potato,0.5936127509804525
5144,416.00128,-13.7429385405632,-6.8895195280782255,Rural_Hawassa,1.5451956,1582.5,-6.1,32.7,13.3,0.62,Silt,5.518444030679635,8.092417903417126e-08,10.7,7.004181781671999,rice,0.6545964281936448
5145,377.96777,-9.660780470284532,-6.993125661267135,Rural_Akatsi,8.499363,1414.1,-6.5,34.1,13.8,0.63,Silt,5.94571300494021,0.0516428639456161,4.4,2.84960508133016,rice,0.6476375184841272
5146,739.62195,-9.00745495131057,-7.718368593589504,Rural_Akatsi,21.472872,1623.1,-3.1,31.5,14.2,0.68,Volcanic,3.741050491347697,0.0879146207807634,1.5,0.9736032424600168,tea,0.6490688283066779
5147,360.66248,-10.007718849325876,-3.4570032893847795,Rural_Hawassa,11.550063,1500.3,-6.7,33.7,13.500000000000002,0.64,Silt,6.847031071974426,0.0323203752724157,2.9,1.5110323948935551,wheat,0.5210456534115707
5148,749.0078,-7.930594268312115,-6.952584130888865,Rural_Akatsi,4.830871,1201.1,-3.3,29.1,12.9,0.6,Sandy,5.076992712485349,0.1427019639753225,3.8,1.9915034040440824,cassava,0.5240798431694954
5149,652.7161,-6.943847449999721,-2.556080392089912,Rural_Hawassa,7.8853445,1013.1,-4.4,29.5,12.55,0.59,Sandy,6.054541591813754,0.4452526806111609,4.9,1.7021371488051176,coffee,0.347374928327575
5150,698.73517,-3.3483042490257944,-6.425544235971368,Rural_Kilimani,20.064123,446.8,-4.5,30.8,13.15,0.59,Sandy,5.502986224977446,0.2143358547911799,1.7,1.0237839166684315,potato,0.6022258333343715
5151,773.2023,-1.1540316439201526,-1.4704683008495965,Rural_Kilimani,7.925513,1385.0,-3.0,30.3,13.65,0.62,Volcanic,4.0903768250178825,0.0306547994328003,4.4,2.7748849095274166,tea,0.630655661256231
5152,743.96954,-10.341140148664309,-0.7497299830137021,Rural_Sokoto,1.1026133,2156.8,-2.6,30.2,13.8,0.66,Volcanic,4.045313990789185,0.2827711935804938,12.2,7.8217727523876555,tea,0.6411289141301357
5153,367.87238,-10.291577523086977,-7.294934831860915,Rural_Akatsi,8.392074,1597.7,-6.4,31.0,12.3,0.64,Silt,6.331623092125055,0.0347097381568238,2.1,0.9233717999052243,banana,0.43970085709772583
5154,235.27606,-12.445298889083888,-7.799451654346041,Rural_Akatsi,1.8288441,1660.4,-7.7,32.2,12.250000000000002,0.62,Silt,7.261022794932693,0.0231315138665193,9.5,3.068227731251374,banana,0.32297134013172357
5155,690.3975,-8.223464328541821,-1.934443592956453,Rural_Sokoto,2.7642355,1475.4,-3.7,29.9,13.1,0.61,Volcanic,5.041640955317371,0.2023140357496545,11.3,8.544055461933485,tea,0.7561111028259722
5156,851.9407,-3.492486432523496,-4.812892249813555,Rural_Kilimani,8.36805,647.2,-3.0,27.8,12.4,0.57,Rocky,6.10491886572714,0.1812539800103498,3.5,2.163547828806969,maize,0.6181565225162768
5157,785.349,-4.285488441760853,-6.556178056079124,Rural_Kilimani,12.933729,543.2,-3.7,32.2,14.250000000000002,0.57,Sandy,5.465735159116838,0.2605565348938682,1.1,0.5419728007228695,wheat,0.49270254611169945
5158,601.46466,-5.046950598358089,-7.200337927644955,Rural_Kilimani,11.243829,439.0,-5.4,28.6,11.6,0.56,Loamy,5.455716623463437,0.4360582820599177,3.7,2.312410663286499,potato,0.624975854942297
5159,860.83466,-2.7490470488634724,-7.87152548612963,Rural_Kilimani,9.481915,744.4,-2.8,26.6,11.9,0.58,Rocky,5.865408912532809,0.0395774498527894,3.5,2.1531251411166616,maize,0.6151786117476177
5160,717.00006,-1.84790840200284,-6.808436467321687,Rural_Kilimani,4.509767,486.3,-4.3,29.0,12.35,0.54,Sandy,5.877007054918358,0.1816660219449495,4.2,2.5002509297807882,potato,0.5952978404239971
5161,550.4104,-12.949936531325845,-8.98416526428879,Rural_Akatsi,42.124702,1931.9,-4.5,32.9,14.2,0.77,Silt,7.164607373873442,0.000670539318514,1.2,0.5474190732610452,coffee,0.45618256105087107
5162,390.5351,-10.94039734882663,-8.880559131099881,Rural_Akatsi,4.2190285,1822.9,-6.1,32.7,13.3,0.64,Silt,6.896596475326847,0.0854758679697409,5.0,2.158036082976913,banana,0.4316072165953826
5163,536.32733,-7.042972701154392,-1.7497543990110052,Rural_Sokoto,15.846087,1069.2,-5.3,32.9,13.8,0.62,Loamy,5.287055756410895,0.7049788626747291,1.7,0.8864715554767038,potato,0.521453856162767
5164,792.9766,-3.3257757828542798,-1.1146037564181237,Rural_Kilimani,3.3399303,1285.5,-2.9000000000000004,28.1,12.6,0.6,Volcanic,4.210805661405587,0.4585473818098137,8.7,4.622340006244386,tea,0.5313034489936076
5165,766.8014,-7.890043029203387,-6.204818126134126,Rural_Hawassa,41.840252,1146.0,-3.3,30.7,13.7,0.71,Sandy,5.00072177226647,0.3532744688448005,1.1,0.4047624295463511,wheat,0.36796584504213736
5166,642.16724,-2.7445413556291705,-4.758836875975863,Rural_Kilimani,11.346913,453.7,-5.1,30.3,12.6,0.56,Sandy,5.481672879420529,0.139873876795687,4.9,2.962534428386794,potato,0.6045988629360803
5167,742.2625,-4.681989446379532,-1.1821729737152384,Rural_Kilimani,7.406665,1154.1,-3.5,31.1,13.8,0.6,Sandy,5.300294690170123,0.8527195181967945,2.4,0.6158563789182053,wheat,0.2566068245492522
5168,575.91626,-5.776872902315201,-0.9479330204185732,Rural_Sokoto,31.573109,1045.0,-5.1,30.7,12.8,0.67,Loamy,6.024943703800378,0.9133708896066716,0.7,0.3316397147421841,wheat,0.4737710210602631
5169,715.2696,-7.308808601978278,-3.132671046358628,Rural_Hawassa,3.894711,1075.4,-3.8,30.5,13.35,0.59,Sandy,5.581676580268764,0.1754306216001488,10.7,4.874927336180434,wheat,0.4556006856243397
5170,626.6635,-8.160384623261578,-6.848977997699955,Rural_Akatsi,34.289753,1155.6,-4.4,30.8,13.2,0.69,Loamy,5.5512756886086,0.142330908354798,0.5,0.2858776093790044,banana,0.5717552187580088
5171,332.0763,-13.274346444195672,-8.155316198777513,Rural_Hawassa,10.822669,1624.4,-6.8,33.1,13.15,0.65,Silt,5.58177959610166,0.0001853912795366,3.4,1.463781809975773,banana,0.4305240617575803
5172,878.37463,-10.462793865990497,0.4034513255237284,Rural_Sokoto,26.692986,2357.2,-1.1999999999999993,31.5,15.15,0.75,Volcanic,4.081528034244281,0.3178728963390189,1.4,0.7425390034085549,tea,0.5303850024346821
5173,402.55856,-14.508906390394738,-7.885039329589053,Rural_Hawassa,6.808081,1300.9,-6.5,32.6,13.05,0.61,Peaty,5.273420731143641,5.997173790772423e-10,3.7,1.6035178078555665,banana,0.43338319131231523
5174,895.7799,-1.1855714965602733,-2.074086642037157,Rural_Kilimani,3.6745985,1357.2,-1.9000000000000004,32.0,15.05,0.61,Volcanic,5.401312618446429,0.0433599012806749,7.6,4.09239192771523,cassava,0.5384726220677934
5175,751.325,-8.872284154281477,-7.682331677697708,Rural_Akatsi,13.535935,1587.0,-3.0,29.5,13.25,0.65,Volcanic,4.345836736306711,0.078960474930299,0.9,0.6559847328744749,tea,0.7288719254160831
5176,492.4627,-10.998971360872572,-9.466159014341546,Rural_Akatsi,9.693977,1967.3,-5.0,27.5,11.25,0.67,Silt,6.693399304760676,0.0221022255179518,3.0,1.630710777504011,banana,0.5435702591680037
5177,664.65576,-8.15137323679297,-1.083071455012803,Rural_Sokoto,13.12719,1538.1,-3.9,29.8,12.95,0.65,Volcanic,4.158795273374148,0.2293079094050993,1.4,0.994246904898609,tea,0.7101763606418636
5178,629.14136,-4.695506526082442,-0.2452131605285763,Rural_Kilimani,13.286554,1178.0,-4.5,30.2,12.85,0.62,Loamy,6.007209437789833,0.7649715762719084,1.4,0.6000737684042178,banana,0.428624120288727
5179,657.5281,-9.651769083815925,-4.943526069921311,Rural_Hawassa,16.629898,1641.5,-3.8,30.9,13.55,0.67,Volcanic,4.024780918661801,0.0248246707747506,0.7,0.5166357826630481,tea,0.7380511180900687
5180,409.2911,-13.873603644357992,-6.9841164322941856,Rural_Hawassa,4.92642,1534.9,-6.2,32.2,13.000000000000002,0.62,Silt,5.708219704184813,4.2762320565848924e-08,4.5,2.1362855818828117,wheat,0.47473012930729147
5181,695.93994,-7.736849459237079,-4.866947623651248,Rural_Hawassa,1.6164781,1014.1,-4.1,29.8,12.85,0.57,Sandy,5.560649794996022,0.1291874269239597,6.7,3.109515017842615,wheat,0.4641067190809873
5182,544.09674,-10.530379264505044,-6.141753523323485,Rural_Hawassa,19.338324,1778.7,-4.8,30.5,12.85,0.69,Silt,6.662335598928443,0.2602544591190376,1.3,0.6059117468008794,coffee,0.46608595907759953
5183,736.0027,-8.570402707583165,0.4755251573073178,Rural_Sokoto,16.268894,1835.5,-2.9000000000000004,29.5,13.3,0.68,Volcanic,4.849936167530721,0.1024973406918433,1.8,1.5504219539572965,tea,0.8613455299762759
5184,639.9337,-6.092271428716423,-6.803931852835212,Rural_Amanzi,24.658258,561.9,-5.0,33.4,14.2,0.61,Sandy,5.207249478945123,0.346752763677432,1.6,0.921006183540146,potato,0.5756288647125912
5185,327.028,-13.679858835282957,-7.128264095861366,Rural_Hawassa,6.3937225,1498.9,-7.0,33.6,13.3,0.63,Silt,5.799512524072678,2.786813268002714e-07,4.3,1.8201224372853566,banana,0.42328428774078064
5186,729.5301,-6.105788508419332,-4.781359948408235,Rural_Hawassa,5.6870313,633.1,-4.1,30.7,13.3,0.56,Sandy,5.763149056076698,0.2344610154325716,3.0,1.5305090634314156,maize,0.5101696878104719
5187,180.10626,-11.967695406247753,-7.029162577158929,Rural_Hawassa,16.581432,1610.7,-8.2,32.9,12.35,0.67,Silt,6.808552350929169,0.005680582355533,1.4,0.7156068067298278,wheat,0.5111477190927342
5188,771.5249,-4.371096613212613,-1.8353420742540176,Rural_Kilimani,8.636556,1065.8,-3.3,30.5,13.6,0.6,Sandy,6.231164329628298,0.6371843374954111,2.3,0.624959839352321,coffee,0.27172166928361785
5189,462.79526,-11.972201099482056,-9.308497507314945,Rural_Akatsi,6.4948735,1947.1,-5.4,31.4,13.0,0.66,Silt,5.946137320940196,0.0143433129669405,3.1,1.8179226440575467,banana,0.5864266593734021
5190,889.9556,-4.938813960734812,-4.871452238137722,Rural_Kilimani,11.972584,674.0,-2.6,31.4,14.4,0.58,Rocky,4.02509777767719,0.2803908370635931,0.9,0.3961396987452692,potato,0.4401552208280769
5191,600.01056,-7.903560108906296,-3.411957144520036,Rural_Hawassa,32.1996,1089.7,-4.9,30.6,12.85,0.67,Loamy,5.5303053972736365,0.0634052457687262,1.1,0.7047513200273405,potato,0.6406830182066732
5192,959.1273,-4.357579533509703,-3.1011387449533068,Rural_Kilimani,11.921808,997.6,-1.6999999999999993,27.7,13.0,0.6,Rocky,4.668506051257902,0.2485478866888392,0.8,0.32884595740235195,tea,0.4110574467529399
5193,848.98346,-4.028663927405573,-5.2183075535962455,Rural_Kilimani,5.964995,602.5,-3.0,30.6,13.8,0.56,Rocky,4.803066365704552,0.2352211137377562,3.3,1.5150413063312462,tea,0.4591034261609837
5194,668.8774,-7.128580872606151,-3.398443301060613,Rural_Hawassa,13.509624,942.1,-4.4,30.2,12.9,0.61,Sandy,4.576915645711587,0.1554729594718488,1.4,0.6895172968528868,potato,0.4925123548949192
5195,717.5093,-1.9290108802202963,-3.7768309179244577,Rural_Kilimani,17.573318,716.9,-4.1,31.7,13.8,0.6,Sandy,5.3164982438848405,0.103606745721787,1.3,0.807108739092469,potato,0.6208528762249762
5196,196.00175,-12.440793195849585,-7.204842542131428,Rural_Hawassa,9.645845,1611.5,-8.0,33.3,12.65,0.64,Silt,6.881257882062442,0.0028247461967031,3.7,1.85701325106121,wheat,0.5018954732597865
5197,665.17993,-6.849227892079355,-6.114725836404639,Rural_Amanzi,17.67286,716.0,-4.6,28.5,11.95,0.6,Sandy,5.5202149907896505,0.2588114478968334,1.2,0.714210025779081,potato,0.5951750214825675
5198,652.7123,-14.71166258593838,-6.51113191121438,Rural_Hawassa,9.570994,1482.3,-4.0,31.2,13.6,0.63,Volcanic,5.936038790996626,9.59464022076558e-10,4.3,2.5316617966532386,coffee,0.5887585573612183
5199,346.30707,-11.458552070771496,-4.736313803543491,Rural_Hawassa,3.0908303,1738.8,-6.6,32.6,13.0,0.63,Silt,7.1747744650305645,0.0180947754510579,9.9,4.576163450493565,wheat,0.4622387323730874
5200,667.6324,-10.512356491567829,-1.2317237330664563,Rural_Sokoto,11.471233,2079.0,-3.3,26.6,11.65,0.68,Volcanic,4.8981916567325685,0.1859670684986404,4.6,3.7121451926988276,tea,0.8069880853693104
5201,851.766,-4.046686700342786,-4.551624609598044,Rural_Kilimani,2.1249704,660.6,-3.0,30.3,13.65,0.55,Rocky,4.544601169211503,0.2144697517169537,11.2,5.830829377041981,potato,0.5206097658073198
5202,509.7738,-10.534884957739346,-9.204891374126031,Rural_Akatsi,13.228494,1906.9,-4.9,30.1,12.6,0.68,Silt,7.198655483524573,0.0714646168597434,1.6,0.7498370393867789,wheat,0.4686481496167368
5203,675.12396,-8.0522479856383,-1.9299389784699783,Rural_Sokoto,0.9008916,1412.7,-3.9,28.1,12.1,0.6,Volcanic,4.174562668985866,0.2689038399036745,9.7,6.518287128408243,tea,0.6719883637534272
5204,765.7446,-5.583128093240164,-7.470614796833414,Rural_Amanzi,15.619881,722.8,-3.5,28.2,12.35,0.6,Sandy,4.803321141210178,0.4393844257290675,1.1,0.5729079436125447,potato,0.5208254032841315
5205,558.4208,-1.9109881072830837,-5.538135182135924,Rural_Kilimani,15.536071,319.4,-5.9,30.1,12.1,0.56,Loamy,4.51226816947981,0.2270062907334671,1.1,0.5953374671871797,potato,0.5412158792610724
5206,752.3521,-10.264543363681156,-0.4524254269063961,Rural_Sokoto,0.21650562,2167.3,-2.5,30.2,13.85,0.66,Volcanic,5.50012060420114,0.3463084604161722,5.4,2.9834271735552953,banana,0.5524865136213509
5207,773.03613,-8.70557350461226,1.1377034868190454,Rural_Sokoto,8.133017,1906.1,-2.7,29.6,13.45,0.66,Volcanic,5.413203803667157,0.0494476675515387,3.8,2.375171970434216,banana,0.6250452553774253
5208,661.44183,-14.319667274554003,-6.461581151863164,Rural_Hawassa,20.587698,1643.3,-3.8,31.3,13.75,0.68,Volcanic,4.725834660670914,7.57083634516193e-09,1.8,1.4894588534243314,tea,0.8274771407912952
5209,707.36127,-5.456968682679676,-5.952559714891563,Rural_Kilimani,6.5094028,495.0,-4.4,29.3,12.45,0.55,Sandy,6.288486418216158,0.3049006436886272,3.4,1.785137820632472,potato,0.5250405354801388
5210,949.94995,-4.898262721626084,-4.024584714680546,Rural_Kilimani,8.627195,827.8,-1.9000000000000004,27.8,12.95,0.58,Rocky,4.531166553541786,0.214846003037331,3.3,1.680904281888828,potato,0.5093649339057055
5211,401.05435,-10.377185694538737,-4.758836875975863,Rural_Hawassa,12.382728,1592.5,-6.2,31.2,12.5,0.65,Silt,5.919253697156917,0.05994822782043,1.5,0.7357997826262693,wheat,0.49053318841751287
5212,856.2192,-1.9380222666889024,-7.002134890240083,Rural_Kilimani,6.3899345,644.6,-2.9000000000000004,28.8,12.95,0.56,Rocky,6.101410682062316,0.1478050623648417,4.8,2.944306470836291,maize,0.6133971814242273
5213,282.79926,-13.82854671201496,-7.412054808509247,Rural_Hawassa,3.86875,1419.5,-7.4,31.8,12.2,0.61,Peaty,4.035368093717723,2.0559774648858606e-07,10.8,5.716717815188187,rice,0.5293257236285358
5214,760.39404,-3.920527289782296,-4.803883020840607,Rural_Kilimani,9.242993,542.2,-3.9,32.9,14.5,0.56,Sandy,6.419836719976928,0.2126764659360452,2.3,1.3756576570418906,wheat,0.598112024800822
5215,697.75696,-3.5014978189921013,-6.7183441775922,Rural_Kilimani,9.231485,461.4,-4.5,30.1,12.8,0.56,Sandy,5.2515997478308725,0.1798923893646532,5.0,3.000022534608426,potato,0.6000045069216852
5216,841.9949,-3.623151536318288,-2.5380619341440145,Rural_Kilimani,19.406935,1022.3,-2.7,27.8,12.55,0.63,Sandy,4.589590296290989,0.403001304918709,1.8,0.8604592041811121,cassava,0.4780328912117289
5217,605.72394,-7.042972701154392,-4.461532319868557,Rural_Hawassa,13.486765,741.4,-5.1,32.4,13.65,0.59,Loamy,5.2960168964446375,0.1291866065905423,1.9,1.0968607430008144,maize,0.5772951278951655
5218,878.38934,-4.817160243408626,-5.655255158784256,Rural_Kilimani,13.503276,625.6,-2.8,27.8,12.5,0.58,Rocky,5.664602424098232,0.3014314331224688,0.7,0.4262159255819503,potato,0.6088798936885005
5219,729.87067,-9.120097282168151,-2.0425543406318374,Rural_Sokoto,8.601311,1758.9,-3.1,29.0,12.95,0.65,Volcanic,4.470954731746447,0.0512761662226792,4.1,3.3388209743680117,tea,0.8143465791141493
5220,664.15485,-6.687022935644441,-0.5199946442035108,Rural_Sokoto,5.0417347,1300.3,-4.1,31.5,13.7,0.61,Volcanic,5.431796764862789,0.824369513008383,2.9,0.8550683415802326,wheat,0.29485115226904574
5221,825.39746,-2.645416104474501,-1.056043768093957,Rural_Kilimani,1.27842,1380.9,-2.5,30.6,14.05,0.6,Volcanic,5.024494329711208,0.2254801878886702,12.8,5.844880464517626,cassava,0.4566312862904395
5222,667.9543,-5.839952607595446,-2.2092250766313875,Rural_Hawassa,14.071544,906.4,-4.5,33.8,14.65,0.6,Sandy,4.653830484764509,0.6574722914012825,1.0,0.42179541252261665,potato,0.42179541252261665
5223,802.1609,-8.502817309068618,-7.754405509481297,Rural_Akatsi,17.617754,1517.7,-2.7,29.2,13.25,0.66,Volcanic,3.727853724164445,0.0718386116971651,0.9,0.530821116983872,tea,0.5898012410931911
5224,427.0759,-12.179462988260005,-5.430024434460539,Rural_Hawassa,13.288032,1828.6,-6.0,32.5,13.25,0.67,Silt,6.364716707120874,0.0002132850098775,0.9,0.4637399752779459,banana,0.5152666391977176
5225,867.2904,-4.497256023773103,-4.6327076703545815,Rural_Kilimani,8.111611,662.6,-2.8,25.0,11.1,0.57,Rocky,5.188636028392686,0.2455159461044865,4.6,2.3219578709819397,wheat,0.5047734502134652
5226,848.19324,-8.26401556765055,0.0565960100652043,Rural_Sokoto,10.360609,1861.5,-1.9000000000000004,28.6,13.35,0.66,Volcanic,4.619957145823024,0.157605308602317,2.3,1.82897144074468,tea,0.7952049742368175
5227,650.4121,-7.35386553432131,-1.010997623229214,Rural_Sokoto,9.853836,1345.0,-4.2,31.9,13.85,0.62,Volcanic,5.702291436083638,0.5679697583095139,3.9,1.6297933233301212,coffee,0.4178957239308003
5228,661.48785,-14.270104648976671,-6.10571660743169,Rural_Hawassa,6.6672726,1664.1,-3.7,28.5,12.4,0.64,Volcanic,4.297577170935024,1.684950901602315e-08,4.9,3.8815008109232285,tea,0.7921430226373936
5229,703.6946,-2.496728227742496,-3.069606443547986,Rural_Kilimani,4.850371,821.4,-4.2,27.6,11.7,0.57,Sandy,5.223621505132772,0.2918481692510837,2.9,1.5141987053981567,cassava,0.522137484620054
5230,708.2092,-8.849755688109962,0.9935558232518666,Rural_Sokoto,12.65045,1887.0,-3.1,29.3,13.1,0.67,Volcanic,5.439853737317245,0.0620376632808838,1.0,0.5759615264036497,coffee,0.5759615264036497
5231,490.64157,-1.4514073973841608,-4.6327076703545815,Rural_Kilimani,21.395803,345.7,-6.5,31.7,12.6,0.58,Loamy,4.560090614013088,0.0396684120520555,1.2,0.6772705175936001,potato,0.5643920979946668
5232,758.47034,-8.088293531512726,-1.7002036396597873,Rural_Sokoto,9.995102,1541.2,-3.0,31.3,14.15,0.64,Volcanic,4.343872233684663,0.2708255684987961,4.5,3.0954951211170862,tea,0.6878878046926858
5233,673.3187,-10.007718849325876,-1.8083143873351717,Rural_Sokoto,9.601324,1947.5,-3.4000000000000004,29.3,12.95,0.67,Volcanic,5.029987447212074,0.2252040836429557,3.8,3.2040956056784484,tea,0.8431830541259075
5234,656.641,-6.939341756765419,-6.087698149485793,Rural_Amanzi,19.95095,704.0,-4.9,32.6,13.85,0.61,Sandy,6.217457448602852,0.2719922781077005,0.8,0.41845779703435143,maize,0.5230722462929392
5235,310.5972,-13.013016236606088,-8.200362343642256,Rural_Hawassa,12.787009,1669.9,-6.9,32.6,12.85,0.66,Silt,5.482209729191074,0.0014064798496768,1.0,0.5811593540162421,rice,0.5811593540162421
5236,680.23315,-4.668472366676623,-7.614762460400594,Rural_Kilimani,2.4277039,551.9,-4.6,30.8,13.1,0.54,Sandy,6.711394812561841,0.3830641654820666,6.9,3.2337931531722193,potato,0.4686656743727854
5237,401.83356,-0.7710477190043825,-3.943501653924008,Rural_Kilimani,11.689008,385.1,-7.3,32.7,12.7,0.56,Loamy,5.314576899549095,0.0099721024762972,2.2,1.282299811623964,wheat,0.5828635507381653
5238,701.8172,-6.011168950498966,-4.727304574570542,Rural_Hawassa,10.758847,592.3,-4.4,31.9,13.75,0.57,Sandy,5.1866562494873545,0.2383742449868383,3.3,2.000857059775022,potato,0.6063203211439461
5239,668.47156,-7.727838072768472,-4.065126245058815,Rural_Hawassa,18.78007,1036.4,-4.3,30.4,13.05,0.63,Sandy,5.786222217427118,0.0612623851456221,1.8,0.8894964837870641,wheat,0.49416471321503563
5240,609.96173,-6.966375916171238,-6.398516549052522,Rural_Akatsi,15.964754,705.4,-5.1,32.9,13.9,0.59,Loamy,5.475460647164524,0.2516414682122612,1.2,0.7988921540530844,potato,0.6657434617109037
5241,776.3181,-2.7039901165204423,-0.8127945858243428,Rural_Kilimani,11.89435,1368.0,-3.0,27.6,12.3,0.63,Volcanic,4.069663069116665,0.2307363579816973,0.5,0.3014526400508315,tea,0.602905280101663
5242,494.02036,-9.156142828042576,-5.623722857378936,Rural_Hawassa,2.3253584,1297.0,-5.6,30.0,12.2,0.6,Peaty,4.8646624758387045,0.0614592751167722,14.5,5.449719185558739,wheat,0.3758427024523268
5243,495.47556,-9.205705453619911,-7.101236408942518,Rural_Akatsi,4.618544,1377.5,-5.6,33.3,13.849999999999998,0.61,Peaty,4.217987885650336,0.0347792338030698,3.5,1.2954184237537352,cassava,0.37011954964392435
5244,778.4857,-9.660780470284532,-9.186872916180135,Rural_Akatsi,22.520262,1967.4,-2.7,30.6,13.95,0.71,Volcanic,3.8984888531635455,0.2480862465077876,1.6,1.066499236699306,tea,0.6665620229370662
5245,962.65515,-2.839160913549536,-7.691340906670658,Rural_Kilimani,72.57837,829.3,-1.8000000000000007,29.7,13.95,0.78,Sandy,6.467735283889256,0.0556995850247426,1.6,0.9758901685390549,maize,0.6099313553369092
5246,883.2478,-2.667944570646016,-1.425422155984853,Rural_Kilimani,11.618123,1366.4,-2.0,28.1,13.05,0.63,Volcanic,5.986639107406711,0.2542026069029469,2.8,1.384616609781146,coffee,0.49450593206469506
5247,446.07162,-13.76997269996902,-6.767894936943418,Rural_Hawassa,6.949745,1605.5,-5.8,31.0,12.6,0.63,Silt,6.013533979210695,5.93171329039088e-08,2.5,1.1973497673021378,banana,0.4789399069208551
5248,779.608,-6.128316974590849,-0.015477821718385,Rural_Sokoto,21.55568,1405.6,-2.9000000000000004,27.3,12.2,0.67,Volcanic,4.601477552471805,0.9954133959472448,1.4,0.42013346371054017,cassava,0.3000953312218144
5249,749.64935,-8.345118045868006,-5.862467425162076,Rural_Hawassa,24.342113,1275.5,-3.3,31.5,14.1,0.66,Volcanic,4.016950998750312,0.2411974316695993,0.6,0.3537530116912592,tea,0.5895883528187654
5250,730.284,-7.921582881843509,-0.920905333499727,Rural_Sokoto,31.944435,1569.1,-3.2,30.9,13.85,0.71,Volcanic,4.972263654191623,0.3061835741941273,1.7,1.25443533003654,tea,0.7379031353156118
5251,599.8758,-9.557149525895555,-1.7677728569569024,Rural_Sokoto,2.975136,1767.6,-4.2,30.3,13.05,0.63,Silt,5.649733478370655,0.1806826587766526,12.1,6.296444721955475,banana,0.5203673323930145
5252,478.2292,-8.651505185800623,-6.191304282674703,Rural_Hawassa,7.783792,1117.6,-5.9,30.2,12.15,0.6,Loamy,5.878581381816255,0.1369090623995547,4.4,2.685662549741553,wheat,0.6103778522139892
5253,386.56027,-13.688870221751564,-6.583205742997969,Rural_Hawassa,9.349235,1583.2,-6.2,34.6,14.2,0.64,Silt,6.2136021924403,7.936125431659668e-08,2.2,0.9963744410496587,banana,0.4528974732043903
5254,540.2848,-8.930858166327418,-4.137200076842404,Rural_Hawassa,4.173718,1304.8,-5.2,31.1,12.95,0.6,Peaty,4.78067412011568,0.0123645461024462,3.8,1.6044810110783563,cassava,0.4222318450206201
5255,565.14844,-1.108974711577121,-4.096658546464136,Rural_Kilimani,12.9034605,521.0,-5.7,31.7,13.0,0.57,Loamy,5.216380541563544,0.0195110007629882,1.4,0.8677682050384568,wheat,0.6198344321703263
5256,888.52783,-2.67245026388032,-8.186848500182833,Rural_Kilimani,10.767909,815.1,-2.5,29.9,13.7,0.59,Rocky,6.257219520660327,0.0222674909004112,3.9,2.4117241320461,maize,0.6183908030887435
5257,705.5746,-10.49883941186492,-0.5335084876629341,Rural_Sokoto,3.5175052,2152.5,-2.9000000000000004,30.6,13.85,0.67,Volcanic,4.941370813186792,0.3374334987595895,13.5,9.921546725937644,tea,0.7349293871064921
5258,494.58078,-9.8995822117026,-2.929963394467282,Rural_Hawassa,6.7802095,1649.3,-5.3,33.2,13.95,0.64,Silt,5.558734258113981,0.0110295347378141,2.3,1.5682780985729388,rice,0.6818600428577996
5259,599.2221,-7.326831374915491,-4.10116316095061,Rural_Hawassa,15.718778,839.2,-5.1,33.7,14.3,0.6,Loamy,5.979236080351597,0.0909272458526734,0.8,0.5092766465993493,potato,0.6365958082491867
5260,586.6558,-13.950200429341146,-6.092202763972267,Rural_Hawassa,5.334475,1704.0,-4.3,31.4,13.55,0.64,Silt,7.068451794140826,4.935852239815938e-08,3.1,1.3388457688709658,banana,0.4318857318938599
5261,690.1055,-10.480816638927708,-1.0470345391210083,Rural_Sokoto,2.8730264,2108.2,-3.1,30.9,13.9,0.66,Volcanic,5.821843698623048,0.2230189678315899,6.7,4.530045677373553,coffee,0.6761262205035153
5262,472.38428,-0.7034623204898356,-3.2182587216016394,Rural_Kilimani,14.523254,633.7,-6.4,31.9,12.75,0.59,Loamy,5.489974815453358,0.0137101191780004,1.3,0.8918560715843789,potato,0.6860431319879837
5263,768.998,-2.7039901165204423,-2.9750095393320253,Rural_Kilimani,12.273747,898.4,-3.5,31.8,14.15,0.6,Sandy,6.017456560946037,0.3375190287853488,0.5,0.24086916017735505,maize,0.4817383203547101
5264,832.9228,-5.245201100667428,-5.339932144731053,Rural_Kilimani,2.6220014,607.9,-3.2,30.3,13.55,0.55,Sandy,5.537836520926953,0.3064801862088974,7.5,4.7318923997015405,potato,0.6309189866268721
5265,742.76385,-2.46068268186807,-7.263402530455594,Rural_Kilimani,26.616608,462.8,-4.9,32.0,13.55,0.61,Sandy,6.065773713311243,0.1145108195193904,0.7,0.4085065809819538,potato,0.5835808299742198
5266,690.24286,-10.561919117145164,0.0611006245516787,Rural_Sokoto,4.6474996,2164.9,-3.1,30.7,13.8,0.67,Volcanic,4.995596394083284,0.3683659665302961,4.0,2.0053056705991374,banana,0.5013264176497844
5267,726.4972,-5.6326907188175,-7.164301011753159,Rural_Amanzi,15.050053,625.1,-4.1,31.0,13.45,0.59,Sandy,6.31604270306157,0.4272488972814487,1.1,0.5685831571061961,maize,0.5168937791874509
5268,281.1856,-11.846041688921568,-5.943550485918614,Rural_Hawassa,11.215729,1698.9,-7.2,32.7,12.750000000000002,0.66,Silt,5.606556321259916,0.0031856261695984,3.3,1.446555574365607,banana,0.438350174050184
5269,596.83984,-10.048270088434602,-1.429926770471327,Rural_Sokoto,3.9431536,1906.3,-4.1,29.9,12.9,0.65,Silt,5.552221718273858,0.1273963034863999,7.1,3.3170367188369614,coffee,0.467188270258727
5270,603.98285,-9.56165521912986,-1.074062226039855,Rural_Sokoto,2.3357065,1831.9,-4.1,29.1,12.5,0.64,Silt,7.011434130608996,0.1166168346950024,11.9,6.039325680524879,wheat,0.507506359707973
5271,761.5293,-10.048270088434602,-0.4479208124199216,Rural_Sokoto,7.305844,2139.1,-2.4000000000000004,31.7,14.65,0.68,Volcanic,5.291692038272004,0.3293517059915917,3.9,2.2074106442453925,coffee,0.5660027292936903
5272,848.8017,-1.6947148320365315,-1.1146037564181237,Rural_Kilimani,17.389019,1488.8,-2.2,28.3,13.05,0.66,Volcanic,5.22014112723804,0.0666082769676514,1.6,1.1089333473989988,tea,0.6930833421243743
5273,754.24915,-5.930066472281508,-7.637285532832965,Rural_Amanzi,30.318342,759.3,-3.8,30.0,13.1,0.64,Sandy,5.303900212866949,0.4277212437735854,1.3,0.5380792037244215,wheat,0.41390707978801655
5274,528.1143,-5.2046498615587,0.0070452507139866,Rural_Kilimani,1.4784206,1095.4,-5.5,30.1,12.3,0.58,Loamy,6.306095373434597,0.8328465945165691,10.4,3.208332424854899,coffee,0.3084935023898941
5275,509.78543,-1.4514073973841608,-3.5561048080872157,Rural_Kilimani,8.870112,567.0,-6.2,32.8,13.3,0.56,Loamy,5.584601699326067,0.0591368297356566,4.7,3.223997258890352,potato,0.6859568635936919
5276,773.43225,-4.920791187797599,-5.060646046569644,Rural_Kilimani,21.872122,538.9,-3.8,30.4,13.3,0.6,Sandy,5.399452880434809,0.2909871967257272,1.6,0.9828546551024051,potato,0.6142841594390032
5277,795.47784,-8.674033651972138,0.1376790708217423,Rural_Sokoto,12.699351,1906.5,-2.3,28.6,13.15,0.68,Volcanic,5.477450298145189,0.1179829594530305,0.9,0.5777017614910903,banana,0.6418908461012114
5278,724.7906,-8.268521260884853,-6.164276595755856,Rural_Hawassa,17.936718,1232.6,-3.6,28.8,12.6,0.64,Volcanic,4.815560054649719,0.2619422364141924,1.7,0.6611761569171435,wheat,0.38892715112773146
5279,769.7243,-3.870964664204962,-1.0695576115533802,Rural_Kilimani,14.903096,1237.9,-3.2,32.6,14.7,0.63,Volcanic,5.230100098500301,0.6768181541015867,1.6,0.8017231564280594,tea,0.501076972767537
5280,689.5241,-10.084315634309029,-0.6866653802030613,Rural_Sokoto,2.9689586,2057.8,-3.2,27.4,12.1,0.66,Volcanic,4.016416535052681,0.2758356576889624,7.6,5.261150037832172,tea,0.6922565839252858
5281,694.5687,-8.511828695537224,-4.497569235760351,Rural_Hawassa,10.123335,1297.6,-3.8,30.3,13.25,0.62,Volcanic,4.588822474322825,0.0473285164229013,2.4,1.0161625661837403,cassava,0.4234010692432252
5282,596.6748,-7.534093263693436,-4.857938394678299,Rural_Hawassa,3.669914,845.2,-5.1,32.9,13.9,0.57,Loamy,6.350540865288727,0.1356720018097917,9.2,6.5221042031712235,wheat,0.7089243699099157
5283,737.0277,-3.1140082008420293,-3.0380741421426665,Rural_Kilimani,10.244964,829.2,-3.8,30.3,13.25,0.59,Sandy,6.387415272110952,0.363606484815829,4.1,2.1914067855224078,wheat,0.5344894598835142
5284,663.199,-7.178143498183486,-0.4299023544740243,Rural_Sokoto,26.939304,1393.7,-4.0,32.2,14.1,0.68,Volcanic,5.343195718671544,0.6124366638965318,0.6,0.19530790273571846,banana,0.32551317122619744
5285,825.7728,-7.430462319304463,-7.448091724401043,Rural_Akatsi,6.75665,1165.6,-2.7,27.1,12.2,0.6,Sandy,5.797276272338422,0.0896086096631623,3.6,1.8125909150108521,wheat,0.5034974763919033
5286,759.45636,-4.614404047864984,-2.168683546253119,Rural_Kilimani,7.6931887,976.7,-3.5,31.5,14.0,0.59,Sandy,5.143820413572146,0.5237923602560494,4.3,2.2210519577969388,cassava,0.5165237111155672
5287,755.1001,-2.370568817182008,-0.6236007773924206,Rural_Kilimani,9.485121,1408.8,-3.2,28.0,12.4,0.63,Volcanic,4.479337828545424,0.1498605668586828,4.6,3.20579044381851,tea,0.6969109660475022
5288,748.2859,-2.2669378727930347,-0.4659392703658189,Rural_Kilimani,10.717758,1437.1,-3.2,29.7,13.25,0.63,Volcanic,5.191864171344373,0.1290922841082867,2.8,2.0358157620232173,tea,0.7270770578654349
5289,397.19794,-12.377713490569342,-8.790466841370394,Rural_Akatsi,5.1694527,1860.0,-5.9,32.5,13.3,0.65,Silt,7.2382647514847696,0.025911366209946,3.1,1.4039597998866487,wheat,0.45289025802795113
5290,784.0828,-3.6501856957241055,-7.083217950996622,Rural_Kilimani,7.269264,581.4,-3.6,29.3,12.85,0.56,Sandy,4.837851100761086,0.1568925898662939,4.1,1.9446408212091655,wheat,0.4743026393193087
5291,546.38403,-8.96239801896754,-5.839944352729704,Rural_Hawassa,13.324123,1286.0,-5.2,29.2,12.0,0.63,Silt,6.645313331650711,0.0799406368298185,0.8,0.34793553266560073,coffee,0.4349194158320009
5292,726.0872,-3.0238943361559656,-0.6776561512301129,Rural_Kilimani,7.2893763,1311.6,-3.5,31.8,14.15,0.61,Volcanic,5.20105464147329,0.322808011945726,2.6,1.1909047866868505,cassava,0.45804030257186557
5293,771.7991,-7.975651200655147,-1.2812744924176742,Rural_Sokoto,31.06887,1581.4,-2.8,28.6,12.9,0.71,Volcanic,3.992535783845889,0.3129234860135876,1.0,0.6205450396724074,tea,0.6205450396724074
5294,924.20703,-7.786412084814414,-6.299415030350088,Rural_Akatsi,23.765375,1280.4,-1.6999999999999993,30.0,14.15,0.66,Volcanic,5.265670484860014,0.3465339952864912,1.6,0.9104826107893307,tea,0.5690516317433316
5295,389.03094,-12.7471803357822,-8.700374551640907,Rural_Akatsi,14.643657,1795.9,-6.1,31.6,12.75,0.67,Silt,5.602800827441187,0.0051745115360864,1.8,0.8851950913431567,banana,0.49177505074619815
5296,548.8631,-6.78614818679911,-3.195735649169268,Rural_Hawassa,20.444017,765.2,-5.6,28.7,11.55,0.61,Loamy,4.665432862697026,0.3318257332329295,1.5,0.8355895312450816,potato,0.5570596874967211
5297,833.5751,-4.672978059910925,-4.308375427328429,Rural_Kilimani,23.747028,664.4,-3.1,30.5,13.7,0.62,Sandy,5.3557047819555805,0.2312577170337253,1.0,0.485908229431126,maize,0.485908229431126
5298,527.27423,-1.8298856290656271,-4.218283137598943,Rural_Kilimani,10.36446,440.1,-6.1,31.3,12.6,0.56,Loamy,5.660119496434366,0.0640333531096214,2.1,1.400174945231264,potato,0.6667499739196495
5299,413.81262,-13.305886296835794,-5.722824376081372,Rural_Hawassa,7.9024887,1698.9,-5.9,35.2,14.650000000000002,0.64,Silt,6.809252531564068,7.198996459542969e-07,2.4,1.2018780667435438,coffee,0.5007825278098099
5300,518.87695,-11.01248844057548,-9.479672857800969,Rural_Akatsi,21.48881,1997.0,-4.8,31.9,13.55,0.71,Silt,5.4646559444538765,0.0209858682329959,0.5,0.1994055443438517,cassava,0.3988110886877034
5301,236.21004,-11.638779800143622,-8.240903874020525,Rural_Akatsi,30.34282,1730.1,-7.3,34.6,13.65,0.72,Silt,5.856432135755951,0.2931965922581915,1.6,0.6706977846862259,banana,0.41918611542889117
5302,527.12604,-10.273554750149762,-6.781408780402841,Rural_Akatsi,22.16577,1722.9,-4.9,31.1,13.1,0.69,Silt,6.628289164684209,0.1267259549932136,0.6,0.29050406028134074,coffee,0.48417343380223454
5303,619.3663,-7.403428159898644,-2.8804126351160644,Rural_Hawassa,7.817847,1037.6,-4.7,33.3,14.3,0.59,Loamy,6.636569714102693,0.2280850272629953,3.9,2.626822653574178,wheat,0.6735442701472252
5304,845.57196,-3.5375433648665275,-1.2857791069041482,Rural_Kilimani,3.7470162,1295.5,-2.4000000000000004,27.6,12.6,0.6,Volcanic,4.418114179276742,0.5423552790566991,5.7,2.8477325309885106,tea,0.4996021984190369
5305,558.22925,-2.5507965465541336,-4.857938394678299,Rural_Kilimani,16.492908,360.9,-5.9,32.5,13.3,0.57,Loamy,5.817815841633221,0.1396514076122577,1.6,1.0384820212259311,wheat,0.6490512632662069
5306,654.99133,-7.876525949500477,0.7367927975228293,Rural_Sokoto,24.37491,1604.5,-3.9,27.4,11.75,0.69,Volcanic,5.585672472578993,0.1893614277676947,0.6,0.27092463946055884,cassava,0.4515410657675981
5307,752.79535,-11.102602305261543,0.1241652273623192,Rural_Sokoto,5.223837,2290.3,-2.3,29.6,13.65,0.68,Volcanic,4.167109033894313,0.3017389075137023,2.1,1.3103467582008415,tea,0.6239746467623054
5308,754.77136,-5.330809272119188,-5.3083998433257324,Rural_Kilimani,4.090085,534.1,-4.0,31.0,13.5,0.55,Sandy,4.839635922505796,0.3046559880843529,9.6,5.332348448819365,potato,0.5554529634186839
5309,695.37866,-9.782434187610717,-1.0650529970669058,Rural_Sokoto,3.1840281,1978.3,-3.2,32.2,14.500000000000002,0.65,Volcanic,4.043378352691534,0.1446851906888623,10.6,7.863366341702437,tea,0.7418270133681545
5310,468.51517,-0.2123417579507904,-3.4434894459253567,Rural_Kilimani,4.4551806,571.9,-6.5,29.6,11.55,0.55,Loamy,6.418698104429968,0.0030413332248282,4.9,3.3602781198802973,maize,0.68577104487353
5311,781.81635,-5.993146177561753,0.5295805311450097,Rural_Sokoto,27.227964,1435.4,-2.9000000000000004,29.4,13.25,0.68,Volcanic,4.920491650893847,0.840520810647941,1.0,0.4983915374306144,tea,0.4983915374306144
5312,878.0042,-1.6721863658650165,-1.6236251933897237,Rural_Kilimani,7.822232,1408.5,-2.0,30.1,14.05,0.62,Volcanic,4.85364418593524,0.0822410942059642,4.3,2.846917424611812,tea,0.6620738196771656
5313,584.37305,-9.705837402627562,-1.5380375181467112,Rural_Sokoto,15.294899,1807.9,-4.3,32.8,14.249999999999998,0.68,Silt,6.652899541790397,0.1300268309090476,1.8,0.8700968184214164,coffee,0.4833871213452313
5314,925.69775,-2.208363860747093,-1.4884867587954935,Rural_Kilimani,9.067082,1437.7,-1.5999999999999996,27.9,13.15,0.63,Volcanic,5.872159220048338,0.1583330221454136,2.3,1.1818194563900848,coffee,0.5138345462565587
5315,395.98764,-12.828282813999657,-8.123783897372192,Rural_Akatsi,6.1877065,1783.2,-6.1,33.2,13.55,0.65,Silt,6.445712225208936,0.0047683664105018,3.6,1.9540807497042818,coffee,0.5428002082511894
5316,686.42236,-3.298741623448459,-4.916498383002465,Rural_Kilimani,7.767715,469.2,-4.6,30.9,13.15,0.55,Sandy,6.715542941945151,0.1736945587125018,4.8,2.4566917891766167,maize,0.5118107894117951
5317,709.03674,-8.885801233984386,-8.213876187101679,Rural_Akatsi,6.2188087,1602.7,-3.4000000000000004,30.3,13.45,0.63,Volcanic,5.544728297256111,0.1797786529804314,3.8,2.021498140201776,coffee,0.5319731947899411
5318,768.5915,-8.511828695537224,-0.6326100063653695,Rural_Sokoto,10.128297,1784.0,-2.7,29.6,13.45,0.66,Volcanic,5.61166639847086,0.1260596392737155,3.3,2.0466499388041792,banana,0.6201969511527816
5319,175.2918,-12.548929833472862,-6.493113453268482,Rural_Hawassa,5.21238,1580.6,-8.2,34.0,12.9,0.63,Silt,5.556188116362666,3.63201764975292e-05,2.1,0.8748667467637745,banana,0.4166032127446545
5320,786.3196,-5.312786499181975,-7.587734773481748,Rural_Amanzi,15.08129,704.7,-3.5,30.5,13.5,0.59,Sandy,6.489869048733773,0.4349521405198824,0.6,0.3136862687566322,maize,0.5228104479277204
5321,638.54297,-2.798609674440808,-6.876005684618803,Rural_Kilimani,36.56047,411.0,-5.1,30.2,12.55,0.64,Sandy,4.957860876321551,0.192511786304978,1.5,0.6364914573042681,wheat,0.42432763820284547
5322,639.05304,-8.038730905935392,-7.209347156617903,Rural_Akatsi,11.45421,1135.1,-4.5,32.1,13.8,0.61,Sandy,4.821581576697593,0.0827610388915918,4.4,2.150640867259571,cassava,0.4887820152862661
5323,478.54733,-12.017258031825088,-9.47066362882802,Rural_Akatsi,15.636356,1980.6,-5.1,32.7,13.8,0.69,Silt,5.560754410781585,0.0056965685833165,1.7,0.9842813573588189,banana,0.5789890337404817
5324,500.59384,-8.367646512039522,-2.5335573196575405,Rural_Hawassa,6.636497,1239.4,-5.6,32.1,13.25,0.61,Peaty,4.178042737583377,0.0951513760497313,2.3,0.8420993493064867,cassava,0.3661301518723855
5325,703.1751,-3.8664589709706574,-6.547168827106176,Rural_Kilimani,12.222116,455.7,-4.5,31.0,13.25,0.56,Sandy,6.003954868590084,0.209217630067611,1.5,0.816251741842249,wheat,0.5441678278948326
5326,429.71768,-14.504400697160436,-7.781433196400143,Rural_Hawassa,6.9248414,1336.9,-6.1,31.9,12.9,0.61,Peaty,4.554626985645213,7.129175614208539e-10,3.1,1.2749863135593071,cassava,0.41128590759977646
5327,525.50433,-13.652824675877138,-6.132744294350537,Rural_Hawassa,4.0469003,1729.8,-4.9,31.6,13.35,0.64,Silt,5.546075017508379,1.1957057954502053e-07,10.9,5.44898285453929,banana,0.49990668390268717
5328,659.0145,-6.123811281356545,-7.101236408942518,Rural_Amanzi,20.37404,587.4,-5.1,31.6,13.25,0.6,Sandy,4.825898482290024,0.4401429575446547,1.5,0.7842048967463158,potato,0.5228032644975439
5329,585.8925,-9.196694067151306,-5.231821397055668,Rural_Hawassa,6.3199153,1398.9,-4.8,32.3,13.749999999999998,0.62,Silt,7.188076815873777,0.0374447120766063,4.0,2.1028462546852014,wheat,0.5257115636713003
5330,343.3333,-13.71139868792308,-7.051685649591302,Rural_Hawassa,3.434822,1516.4,-6.8,30.1,11.65,0.62,Silt,5.992021266902893,1.5746939463969502e-07,6.3,3.163945681882373,wheat,0.5022136002987894
5331,577.14777,-10.088821327543332,-1.5425421326331856,Rural_Sokoto,2.0475643,1886.2,-4.3,30.5,13.1,0.64,Silt,5.905586171529516,0.1341466516667651,9.9,5.7174354631072415,banana,0.5775187336471961
5332,703.97723,-2.9653203241100243,-4.416486175003813,Rural_Kilimani,13.442059,553.6,-4.4,31.5,13.55,0.58,Sandy,4.873899538853024,0.150738070152418,1.4,0.6428039190029899,wheat,0.45914565643070715
5333,691.37994,-8.782170289595413,-5.078664504515541,Rural_Hawassa,9.9074,1370.5,-3.8,31.7,13.95,0.63,Volcanic,4.669759428381183,0.1669130526916949,4.1,1.7199896631935354,cassava,0.41950967394964284
5334,321.45996,-12.886856826045598,-7.939094703426746,Rural_Hawassa,11.626866,1693.5,-6.8,34.8,13.999999999999998,0.66,Silt,7.178972057723755,0.0027001844682389,3.7,1.3075038664809138,banana,0.3533794233732199
5335,890.76276,-7.119569486137545,-7.722873208075977,Rural_Akatsi,10.441749,1178.8,-2.1,29.6,13.75,0.61,Rocky,4.621229964564518,0.121492466793013,3.5,1.7709029284795696,tea,0.505972265279877
5336,525.6103,-1.0278722333596626,-5.73183360505432,Rural_Kilimani,12.588179,272.1,-6.3,29.2,11.45,0.55,Loamy,5.109735806264688,0.0662226719063577,1.4,0.8763485331720546,potato,0.6259632379800391
5337,484.9081,-5.704781810566351,-1.001988394256265,Rural_Kilimani,10.093127,936.2,-6.0,30.7,12.35,0.59,Loamy,5.686650475149679,0.9129922869675609,4.0,2.00137531339478,potato,0.500343828348695
5338,654.70026,-14.702651199469775,-6.470590380836112,Rural_Hawassa,10.110385,1478.0,-4.1,31.0,13.45,0.64,Volcanic,5.989246393419156,1.0888664093910215e-09,4.9,2.890134684795431,coffee,0.589823405060292
5339,904.68695,-0.9692982213137212,-2.0515635696047863,Rural_Kilimani,13.681799,1388.7,-1.8000000000000007,29.9,14.05,0.64,Volcanic,4.647144120711863,0.0269979330631482,1.8,1.1555582630616583,tea,0.6419768128120323
5340,480.698,-9.534621059724042,-5.695796689162526,Rural_Hawassa,10.071615,1415.6,-5.6,31.4,12.9,0.63,Silt,5.783830891144584,0.1126094860631605,2.6,1.2863155139432683,wheat,0.49473673613202623
5341,433.93457,-10.886329030014991,-6.916547214997071,Rural_Hawassa,8.710843,1764.1,-5.8,34.1,14.15,0.65,Silt,6.4210592978508565,0.0431204748032508,2.4,1.2662447781268888,wheat,0.5276019908862037
5342,909.75397,-2.028136131374966,-1.4614590718766476,Rural_Kilimani,5.2829785,1444.0,-1.6999999999999993,30.8,14.55,0.62,Volcanic,5.417231195655381,0.1247599139464298,4.3,2.7531205612866563,tea,0.6402605956480596
5343,888.98596,-4.9117798013289935,-6.290405801377138,Rural_Kilimani,9.522679,654.9,-2.6,31.1,14.25,0.57,Rocky,5.686406270713472,0.3130232824280957,2.7,1.5017998145125917,maize,0.556222153523182
5344,640.3375,-6.222936532511215,-2.6371634528464503,Rural_Hawassa,7.420705,853.2,-4.7,29.6,12.45,0.58,Sandy,5.969906164658332,0.4897704584038472,3.9,1.7297833985056625,wheat,0.4435342047450417
5345,355.32626,-10.908857496186508,-6.7183441775922,Rural_Hawassa,4.226037,1683.8,-6.5,33.9,13.7,0.63,Silt,5.819095260270504,0.0662637926259124,4.7,2.451798876660538,coffee,0.5216593354596889
5346,779.74677,-3.294235930214157,-1.1506406723099185,Rural_Kilimani,2.5576568,1267.0,-3.1,30.8,13.85,0.6,Volcanic,5.951743170128019,0.4466130168489389,14.6,7.039144160680448,cassava,0.4821331616904416
5347,753.36224,-1.897471027580174,-6.565187285052073,Rural_Kilimani,17.201765,514.0,-4.0,29.5,12.75,0.58,Sandy,5.188376684067747,0.2453231708530653,1.2,0.5532688007512542,wheat,0.4610573339593785
5348,666.617,-4.99288227954645,-7.357999434671556,Rural_Kilimani,3.4343052,522.3,-4.8,29.5,12.35,0.54,Sandy,6.647089004344352,0.4452594869493106,5.2,2.7045238272580217,wheat,0.520100736011158
5349,739.73804,-4.213397350012002,-1.344339095228315,Rural_Kilimani,1.5842322,1137.7,-3.5,28.6,12.55,0.58,Sandy,6.247246724044438,0.7535624566146455,5.3,2.5600864765480655,cassava,0.483035184254352
5350,651.89246,-7.633218514848106,-1.4119083125254297,Rural_Sokoto,9.119526,1354.1,-4.1,29.7,12.8,0.62,Volcanic,4.876373428306741,0.4823597490245052,4.8,1.7780184997814292,cassava,0.37042052078779775
5351,594.8037,-9.435495808569373,-1.5830836630114546,Rural_Sokoto,3.0813472,1748.0,-4.3,33.6,14.65,0.63,Silt,6.47741537738939,0.0887771895060556,7.9,4.351563687132063,wheat,0.550830846472413
5352,586.7586,-8.25049848794764,-3.2768187099258057,Rural_Hawassa,12.13831,1201.4,-4.9,27.1,11.1,0.62,Loamy,5.635861780703797,0.043734054541627,0.7,0.4190745556140138,wheat,0.5986779365914483
5353,980.238,-4.632426820802197,-3.8939508945727903,Rural_Kilimani,17.190733,875.2,-1.5999999999999996,27.9,13.15,0.61,Rocky,5.946369239982832,0.2078657214234437,1.7,1.0293525573845648,wheat,0.6055015043438616
5354,669.9669,-2.67245026388032,-3.875932436626893,Rural_Kilimani,2.6907303,614.5,-4.7,31.3,13.3,0.55,Sandy,5.260775568657517,0.1864764758986807,5.3,3.2524964602059403,potato,0.6136785773973472
5355,854.889,-2.762564128566382,-1.438935999444276,Rural_Kilimani,1.9179776,1326.5,-2.3,29.4,13.55,0.6,Volcanic,5.997099698361687,0.2801176632205571,10.8,5.631521573003544,banana,0.5214371826855133
5356,853.88654,-0.7935761851758993,-2.583108079008758,Rural_Kilimani,7.852779,1200.9,-2.4000000000000004,29.3,13.45,0.61,Rocky,5.363871155054482,0.0200329910121009,2.7,1.3807179745297817,cassava,0.5113770276036228
5357,618.16766,-6.889779131188083,-4.502073850246826,Rural_Hawassa,17.273287,704.6,-5.0,29.6,12.3,0.6,Loamy,6.037357198120549,0.145352148575598,1.2,0.8452854280859667,wheat,0.7044045234049723
5358,577.29254,-2.3210061916046723,-6.31292887380951,Rural_Kilimani,5.735471,322.7,-5.8,29.5,11.85,0.53,Loamy,6.311136069032288,0.3415095585785773,4.9,3.2255173946363644,wheat,0.6582688560482376
5359,844.4645,-7.344854147852703,-0.3127823778256913,Rural_Sokoto,1.1135195,1627.6,-2.1,31.3,14.6,0.62,Volcanic,4.1248150335354525,0.5262773086643343,8.6,4.58599265909064,tea,0.5332549603593768
5360,653.31683,-10.12937256665206,-9.340029808720264,Rural_Akatsi,13.025372,1990.3,-3.6,30.9,13.65,0.68,Volcanic,5.016050599480159,0.1338904252161487,0.8,0.6790778270959956,tea,0.8488472838699945
5361,628.5858,-6.682517242410137,-6.155267366782908,Rural_Amanzi,8.000071,637.2,-5.0,31.1,13.05,0.57,Loamy,6.373400565537327,0.2444792130704937,2.5,1.4952289738569289,potato,0.5980915895427715
5362,619.3452,-6.889779131188083,-2.7227511280894623,Rural_Hawassa,5.504922,938.3,-4.8,29.2,12.2,0.58,Loamy,5.315453985358356,0.3902349935550817,2.5,1.3341102842019756,wheat,0.5336441136807902
5363,853.49744,-3.578094603975256,-4.650726128300479,Rural_Kilimani,4.0382066,663.3,-2.9000000000000004,28.8,12.95,0.55,Rocky,5.514016189765424,0.1844712733432746,7.3,4.538538171815525,potato,0.6217175577829487
5364,648.2372,-5.844458300829748,-2.1191327869019005,Rural_Hawassa,7.3296905,894.2,-4.8,32.9,14.05,0.58,Sandy,6.7813006894299095,0.702677937015015,4.3,1.588886002581344,maize,0.36950837269333586
5365,716.1751,-9.755400028204898,0.3358821082266132,Rural_Sokoto,4.973843,2068.4,-2.9000000000000004,26.6,11.85,0.66,Volcanic,5.863430186110518,0.3001673662105796,3.0,1.9256449886342146,coffee,0.6418816628780716
5366,400.02734,-11.007982747341178,-6.7183441775922,Rural_Hawassa,5.9947515,1748.0,-6.1,33.8,13.849999999999998,0.64,Silt,6.922999768165886,0.0517869670153645,2.0,0.9962203632883198,wheat,0.4981101816441599
5367,521.8298,-5.727310276737866,-1.5155144457143397,Rural_Hawassa,14.520446,887.0,-5.8,33.4,13.8,0.6,Loamy,6.354348210202044,0.8937904934426703,0.7,0.2064876690661893,coffee,0.2949823843802704
5368,552.43164,-9.37241610328913,-4.087649317491187,Rural_Hawassa,3.874308,1472.9,-4.9,32.6,13.85,0.62,Silt,6.778321790264164,0.0073118178880887,8.3,3.400328033680481,banana,0.4096780763470459
5369,649.1759,-6.6284489235985,-2.335354282252669,Rural_Hawassa,13.936717,1003.2,-4.3,29.9,12.8,0.61,Sandy,5.566059698050065,0.5858765335209367,1.1,0.590108707515599,cassava,0.5364624613778172
5370,673.91907,-7.295291522275368,-3.583132495006061,Rural_Hawassa,9.674652,966.9,-4.3,29.1,12.4,0.6,Sandy,6.0551547704616375,0.1068124970044515,2.9,1.5422177429701673,wheat,0.5317992217138509
5371,537.65533,-7.317819988446884,-0.920905333499727,Rural_Sokoto,7.9718204,1231.4,-5.3,32.7,13.7,0.61,Peaty,5.224383523040808,0.5738451940533883,4.2,1.3355019982667313,banana,0.31797666625398363
5372,678.6501,-8.002685360060966,1.2413096200079552,Rural_Sokoto,19.171715,1665.4,-3.6,31.6,14.0,0.68,Volcanic,4.574510347205279,0.0963879471045697,1.8,1.4634300757684222,tea,0.8130167087602346
5373,641.57745,-7.146603645543364,-2.916449551007859,Rural_Hawassa,14.076514,989.7,-4.6,30.5,12.95,0.61,Sandy,5.119275831384135,0.2668329419957757,1.9,1.0127652691668807,potato,0.5330343521930951
5374,350.20386,-11.499103309880224,-5.709310532621949,Rural_Hawassa,7.1262465,1745.4,-6.5,32.1,12.8,0.65,Silt,5.696830936758432,0.0150534960712083,3.2,1.4265553984358308,wheat,0.4457985620111971
5375,880.6086,-4.488244637304495,-3.6146647964113816,Rural_Kilimani,30.262781,817.4,-2.6,27.8,12.6,0.65,Sandy,6.07027656577222,0.2069341508269477,1.1,0.388704499199466,coffee,0.35336772654496906
5376,681.05835,-8.795687369298324,-5.083169119002015,Rural_Hawassa,6.6881313,1371.2,-3.8,31.3,13.75,0.62,Volcanic,4.768186296249602,0.155044586465244,4.1,3.049800695912802,tea,0.7438538282714151
5377,568.476,-7.200671964355002,-1.9614712798752991,Rural_Sokoto,1.1176398,1081.7,-5.2,31.1,12.95,0.58,Loamy,5.682960702650085,0.6183065182992294,14.5,7.85442761279459,potato,0.541684662951351
5378,639.9376,-7.3403484546184,-5.59669517046009,Rural_Hawassa,0.9744541,816.3,-4.7,28.8,12.05,0.56,Sandy,6.060833646796279,0.2994595282873354,8.0,4.231741848718491,potato,0.5289677310898113
5379,814.53705,-3.39786687460313,-3.6236740253843296,Rural_Kilimani,2.4871118,781.0,-3.2,28.3,12.55,0.56,Sandy,5.200584543463701,0.26202436496326,14.1,8.412605231393934,potato,0.5966386688931868
5380,96.52956,-12.152428828854182,-7.1417779393207885,Rural_Hawassa,7.2298646,1522.8,-9.0,37.8,14.4,0.63,Silt,6.523994609929707,0.0061866022563584,2.7,1.5100087668391349,rice,0.5592625062367166
5381,428.56125,-0.716979400192745,-3.3714156141417675,Rural_Kilimani,45.223476,548.3,-6.9,30.9,12.0,0.67,Loamy,4.784024859226658,0.0130587539715248,1.9,1.1676274719953712,potato,0.6145407747344059
5382,736.592,-5.880503846704174,-7.713863979103029,Rural_Amanzi,26.338575,743.8,-3.9,31.5,13.8,0.63,Sandy,5.844708403078432,0.3996871604422148,0.5,0.28100255935934504,potato,0.5620051187186901
5383,598.75134,-8.345118045868006,-7.128264095861366,Rural_Akatsi,21.132008,1194.2,-4.8,33.9,14.55,0.65,Loamy,5.2244530391943655,0.0729035125980101,1.2,0.6418444617389831,banana,0.5348703847824859
5384,529.37836,-1.6857034455679258,-5.110196805920862,Rural_Kilimani,10.703949,324.6,-6.2,32.8,13.3,0.55,Loamy,5.74782321210806,0.1057834510213163,4.2,2.66684059026773,wheat,0.6349620453018404
5385,592.97174,-6.817688039439233,-2.366886583657989,Rural_Hawassa,6.068501,956.6,-5.0,32.2,13.6,0.58,Loamy,5.997150996520901,0.5490050500618382,3.5,2.094444974890403,cassava,0.5984128499686865
5386,725.53674,-8.327095272930794,-1.6461482658220954,Rural_Sokoto,32.448097,1578.4,-3.3,29.2,12.95,0.71,Volcanic,3.910015822872172,0.1809419911669127,0.7,0.45894605557473916,tea,0.6556372222496274
5387,887.42596,-7.948617041249328,-0.0830470390155002,Rural_Sokoto,2.944523,1820.9,-1.5999999999999996,30.0,14.2,0.64,Volcanic,5.511331540854977,0.2487236109144792,12.0,8.919450533870814,tea,0.7432875444892345
5388,222.40666,-12.19298006796291,-5.912018184513293,Rural_Hawassa,5.795384,1639.2,-7.8,29.9,11.05,0.63,Silt,6.439541879054365,0.0003653237790309,2.3,0.9618371294774981,banana,0.4181900562945644
5389,787.3152,-9.660780470284532,-0.5154900297170364,Rural_Sokoto,14.301254,2080.6,-2.3,31.4,14.55,0.69,Volcanic,4.262678363844574,0.2508860898987078,1.5,1.029902295152909,tea,0.6866015301019394
5390,233.55708,-13.95470612257545,-7.542688628617005,Rural_Hawassa,4.8623176,1323.3,-8.0,34.2,13.1,0.61,Peaty,5.444020879274374,8.255728568505533e-08,2.6,1.598522101698744,rice,0.6148161929610554
5391,651.49725,-5.988640484327449,-2.1957112331719646,Rural_Hawassa,28.63947,937.4,-4.4,33.6,14.6,0.65,Sandy,4.574183565019962,0.6675407349489954,1.0,0.40798719494326063,cassava,0.40798719494326063
5392,739.77496,-8.683045038440744,0.7142697250904577,Rural_Sokoto,6.4296737,1862.4,-3.0,30.6,13.8,0.65,Volcanic,5.377444072322956,0.0827881204435271,3.7,2.0348990071976827,coffee,0.5499727046480223
5393,787.03503,-4.700012219316745,-3.6101601819249063,Rural_Kilimani,23.378216,719.3,-3.5,31.8,14.15,0.62,Sandy,5.937884837597751,0.2012062539335778,1.1,0.6102318411191313,wheat,0.5547562191992103
5394,609.8216,-14.463849458051708,-6.686811876186879,Rural_Hawassa,8.741033,1536.1,-4.3,32.5,14.1,0.64,Silt,7.254893278928976,3.186931952739101e-09,2.4,1.2291141999532045,wheat,0.5121309166471686
5395,580.7821,-0.9422640619079026,-3.0200556841967687,Rural_Kilimani,15.665439,791.7,-5.3,31.6,13.15,0.6,Loamy,5.958904096324121,0.0271708929291496,1.4,0.9100087528516533,potato,0.6500062520368952
5396,667.104,-5.835446914361143,-3.5651140370601637,Rural_Hawassa,5.3429236,668.1,-4.6,30.3,12.85,0.56,Sandy,5.170011165816485,0.2473995791394072,2.5,1.0589380235477186,maize,0.42357520941908744
5397,823.9363,-8.160384623261578,-0.7632438264731254,Rural_Sokoto,9.523119,1765.0,-2.0,28.0,13.0,0.65,Volcanic,4.123130786484518,0.2070334933319091,4.4,3.0886174717365282,tea,0.7019585163037564
5398,524.0065,-12.702123403439169,-9.380571339098532,Rural_Akatsi,17.492428,1953.4,-4.8,29.1,12.15,0.69,Silt,6.184078917665921,0.0005718407387792,1.5,0.8254966130427324,coffee,0.5503310753618216
5399,652.1099,-5.348832045056401,-1.6146159644167752,Rural_Kilimani,24.64448,983.1,-4.5,29.9,12.7,0.64,Sandy,5.596819868990314,0.8644840186139827,0.6,0.17484252476044146,wheat,0.2914042079340691
5400,526.38165,-13.49963110591083,-5.506602880730603,Rural_Hawassa,19.546694,1764.8,-4.9,32.4,13.75,0.69,Silt,7.141548803232914,9.383236007324478e-07,0.7,0.3469404341760298,wheat,0.4956291916800426
5401,751.50714,-0.8746786633933556,-1.776782085929851,Rural_Kilimani,25.787525,1308.4,-3.3,31.2,13.95,0.67,Volcanic,4.338178484514891,0.0195542991603162,1.9,1.2752414949896205,tea,0.6711797342050634
5402,729.33386,-7.962134120952237,-7.785937810886618,Rural_Akatsi,10.822609,1272.9,-3.5,31.5,14.0,0.62,Volcanic,4.667000096252328,0.0536974153460945,2.6,1.1450690184762833,cassava,0.4404111609524166
5403,682.2011,-7.241223203463731,0.079119082497576,Rural_Sokoto,11.381383,1471.7,-3.8,32.9,14.55,0.64,Volcanic,5.252213423706541,0.5531587948162566,4.4,2.782278725884598,tea,0.6323360740646813
5404,423.89645,-1.0774348589369982,-4.821901478786504,Rural_Kilimani,26.31426,252.0,-7.2,32.7,12.750000000000002,0.59,Loamy,6.126747633319443,0.0244459774339986,1.7,1.1286945343871553,wheat,0.663937961404209
5405,906.57306,-4.8487000960487485,-4.970553756840157,Rural_Kilimani,14.609153,681.2,-2.4000000000000004,28.5,13.05,0.59,Rocky,4.338617399498475,0.2835704448026169,0.7,0.33270517124688076,potato,0.4752931017812583
5406,839.53326,-5.2136612480273055,-3.673224784735548,Rural_Kilimani,10.585075,777.7,-3.0,32.1,14.55,0.58,Rocky,5.08098439766052,0.1972027272755698,2.3,1.0434742329398319,cassava,0.45368444910427475
5407,663.0242,-3.2807188505112475,-3.848904749708047,Rural_Kilimani,9.780952,586.9,-4.7,29.4,12.35,0.57,Sandy,5.086556091697257,0.2270149303064276,3.4,1.392893673331579,maize,0.40967460980340564
5408,713.276,-2.2263866336843066,-2.9569910813861275,Rural_Kilimani,8.70253,873.4,-4.0,29.9,12.95,0.59,Sandy,5.744359734767996,0.2432024327083399,3.2,1.8361981617377936,cassava,0.5738119255430605
5409,661.93225,-7.088029633497423,-5.632732086351885,Rural_Hawassa,19.230022,765.0,-4.6,27.6,11.5,0.61,Sandy,5.975953085307544,0.2737522441441965,1.7,0.8807287214472038,wheat,0.5180757184983552
5410,411.26776,-12.301116705586187,-8.934614504937574,Rural_Akatsi,13.942902,1878.0,-5.9,31.6,12.85,0.68,Silt,7.130135570819472,0.0238211069982878,1.2,0.5620694777092714,wheat,0.4683912314243929
5411,883.2089,-4.817160243408626,-5.637236700838359,Rural_Kilimani,30.84359,630.8,-2.7,29.5,13.4,0.64,Sandy,5.494609564230143,0.3013838637665395,1.0,0.49942265064477054,maize,0.49942265064477054
5412,420.19424,-9.8995822117026,-3.2768187099258057,Rural_Hawassa,2.3709311,1546.7,-6.1,31.5,12.7,0.62,Silt,6.461766553021655,0.0130767409550942,13.3,6.667218448619708,coffee,0.5012946201969705
5413,808.58405,-10.363668614835824,-0.3533239082039603,Rural_Sokoto,2.551122,2246.3,-1.9000000000000004,30.2,14.15,0.67,Volcanic,4.486916942432001,0.3663545696050366,7.7,4.876063047677926,tea,0.6332549412568734
5414,260.4671,-13.675353142048651,-7.466110182346941,Rural_Hawassa,6.6112485,1441.3,-7.6,34.0,13.2,0.62,Silt,6.358741385542959,1.169168841516022e-06,4.7,2.4779324120989945,wheat,0.5272196621487222
5415,443.0413,-10.111349793714847,-7.682331677697708,Rural_Akatsi,11.934399,1642.0,-5.8,32.3,13.249999999999998,0.65,Silt,5.3178350666746725,0.0460894761897687,0.6,0.25635277828190556,cassava,0.4272546304698426
5416,278.9069,-0.5097175114147987,-3.821877062789201,Rural_Kilimani,23.661453,283.2,-8.5,34.6,13.05,0.59,Loamy,4.629375378376528,0.0055538559974853,0.8,0.4588484315163941,potato,0.5735605393954926
5417,350.0458,-13.679858835282957,-6.98862104678066,Rural_Hawassa,19.14223,1533.6,-6.7,32.0,12.65,0.67,Silt,6.343195759850001,1.6154244501219945e-07,1.3,0.5513103811410371,banana,0.42408490857002856
5418,728.0988,-10.341140148664309,-0.2632316184744736,Rural_Sokoto,0.7545963,2162.3,-2.7,30.4,13.85,0.66,Volcanic,4.034995361444633,0.3776121921391984,5.4,3.327047969200195,tea,0.6161199942963324
5419,732.1509,-1.8434027087685363,-4.087649317491187,Rural_Kilimani,5.605944,676.8,-4.0,29.9,12.95,0.56,Sandy,6.156324438653213,0.0707681826946859,4.8,2.858040008285865,wheat,0.5954250017262218
5420,853.8994,-1.8343913222999308,-1.2317237330664563,Rural_Kilimani,2.448188,1454.7,-2.2,30.5,14.15,0.61,Volcanic,5.912676371534813,0.0856172777156447,8.0,4.242375776662431,coffee,0.5302969720828039
5421,459.6477,-0.6584053881468037,-3.375920228628241,Rural_Kilimani,16.805895,580.6,-6.6,34.8,14.099999999999998,0.59,Loamy,4.640159022652459,0.0111618877722972,0.5,0.30303599804260073,potato,0.6060719960852015
5422,969.3482,-1.9335165734546005,-8.218380801588154,Rural_Kilimani,9.845484,891.2,-1.6999999999999993,28.9,13.6,0.59,Rocky,5.121974125994015,0.0105613758136846,2.7,1.3912980838015525,cassava,0.5152955865931675
5423,370.09882,-11.15216493083888,-7.394036350563351,Rural_Hawassa,3.6156676,1761.1,-6.3,31.5,12.6,0.64,Silt,6.420824852644825,0.045047324136107,13.0,6.7238201818169765,wheat,0.5172169370628443
5424,847.20715,-8.507323002302922,-1.2857791069041482,Rural_Sokoto,13.3897085,1790.4,-2.0,27.5,12.75,0.67,Volcanic,4.776571837315392,0.1282653904114373,1.7,1.3327980777767308,tea,0.7839988692804298
5425,587.6635,-9.169659907745489,-2.479501945819848,Rural_Hawassa,1.1370016,1570.0,-4.6,29.2,12.3,0.61,Peaty,5.459256228134193,0.0271945330537077,13.8,11.178225374936806,rice,0.8100163315171598
5426,263.94086,-13.945694736106844,-7.713863979103029,Rural_Hawassa,7.7153363,1360.4,-7.7,34.5,13.4,0.62,Silt,7.259530164486016,1.453353133299052e-07,2.9,1.3093666139485252,rice,0.4515057289477673
5427,659.50024,-7.475519251647495,-6.0561658480804725,Rural_Hawassa,10.375869,890.1,-4.5,32.1,13.8,0.59,Sandy,5.35563957852005,0.3668471757537781,3.5,1.9227489445037513,potato,0.5493568412867861
5428,551.8206,-7.047478394388694,-3.3669109996552926,Rural_Hawassa,26.460083,803.7,-5.6,32.0,13.2,0.63,Loamy,6.332017308119214,0.1808054473751137,1.4,0.9790516746653354,wheat,0.6993226247609539
5429,450.8932,-13.47259694650501,-6.00211047424278,Rural_Hawassa,7.9474697,1693.3,-5.7,29.4,11.85,0.64,Silt,5.552120852453842,2.580017643086645e-07,2.1,1.3691248246518466,rice,0.651964202215165
5430,640.2823,-6.195902373105396,-6.587710357484444,Rural_Amanzi,8.424259,569.8,-5.0,30.0,12.5,0.56,Sandy,5.718291301345068,0.2882410568467516,5.0,2.9606261520170385,potato,0.5921252304034077
5431,686.1119,-3.4699579663519806,-0.8263084292837661,Rural_Kilimani,3.3281462,1215.5,-4.0,31.4,13.7,0.59,Volcanic,5.385176576013456,0.5058251378473761,6.6,3.1510885151970665,cassava,0.4774376538177374
5432,322.6378,-12.711134789907774,-7.88053471510258,Rural_Akatsi,7.14061,1721.7,-6.8,32.4,12.8,0.64,Silt,7.331908648040788,0.007117168813581,4.5,1.568473824504293,banana,0.3485497387787318
5433,555.9694,-9.21922253332282,-5.344436759217527,Rural_Hawassa,10.15193,1383.0,-5.0,31.4,13.2,0.63,Silt,7.499959152017819,0.0436830809575342,2.9,0.9471665724364747,banana,0.3266091629091292
5434,596.9295,-5.628185025583196,0.0070452507139866,Rural_Sokoto,21.377481,1180.2,-4.8,32.6,13.9,0.65,Loamy,4.80414047754763,0.9415226030257452,0.5,0.23089483398883565,tea,0.4617896679776713
5435,475.60007,-8.89030692721869,-6.191304282674703,Rural_Hawassa,2.691568,1197.1,-5.9,35.7,14.900000000000002,0.59,Loamy,6.502858559621338,0.0884293758551083,6.5,4.270667114142372,wheat,0.6570257098680573
5436,644.66943,-3.686231241598533,-6.249864270998869,Rural_Kilimani,18.121784,381.8,-5.1,31.1,13.0,0.58,Sandy,5.894859961038986,0.2147549918057024,1.8,0.9174908557200051,wheat,0.5097171420666695
5437,641.83685,-1.6271294335219846,-5.889495112080922,Rural_Kilimani,7.700908,393.5,-5.1,31.7,13.3,0.55,Sandy,5.746655404529713,0.2159927178072277,3.3,1.6208416825342076,wheat,0.49116414622248716
5438,561.8162,-10.643021595362622,-9.632829750341095,Rural_Akatsi,6.9704404,1999.8,-4.4,33.3,14.45,0.66,Silt,6.352143275728976,0.0365524591537361,3.5,1.9308494974990078,coffee,0.5516712849997165
5439,704.1151,-7.655746981019622,-3.299341782358177,Rural_Hawassa,26.690979,1137.7,-3.9,28.9,12.5,0.66,Sandy,6.482935330650296,0.0987575441441387,2.0,0.9030710888030077,coffee,0.45153554440150384
5440,793.55756,-8.282038340587762,0.2097529026053317,Rural_Sokoto,2.156212,1817.4,-2.4000000000000004,27.8,12.7,0.64,Volcanic,4.901760847259751,0.1474035909654544,13.2,10.844556318427443,tea,0.821557296850564
5441,612.2339,-8.957892325733237,-3.141680275331576,Rural_Hawassa,6.379895,1471.6,-4.4,29.6,12.6,0.62,Silt,5.731230551098888,0.0123709067828415,4.2,2.135803285933889,cassava,0.5085245918890212
5442,820.68616,-5.6326907188175,-6.0606704625669465,Rural_Kilimani,29.754099,637.3,-3.3,26.0,11.35,0.63,Sandy,6.223750041866123,0.2956434077556517,1.8,1.014578217891591,potato,0.5636545654953283
5443,779.0201,-4.447693398195767,-5.101187576947913,Rural_Kilimani,29.101864,532.7,-3.7,29.7,13.0,0.62,Sandy,4.726049668224835,0.2665967666774799,1.9,1.0457817574148007,potato,0.5504114512709478
5444,602.1191,-2.4201314427593417,-7.722873208075977,Rural_Kilimani,20.346155,451.9,-5.4,27.6,11.1,0.59,Loamy,4.504277970013968,0.0451311900799339,1.1,0.6452576706838823,wheat,0.586597882439893
5445,862.32684,-2.050664597546483,-1.6551574947950445,Rural_Kilimani,4.096734,1349.0,-2.2,29.2,13.5,0.61,Volcanic,5.881824141799389,0.1427707277373099,13.6,7.862636249006686,tea,0.5781350183093151
5446,721.68744,-3.073456961733301,-2.984018768304974,Rural_Kilimani,8.310004,826.7,-4.0,29.0,12.5,0.58,Sandy,6.349708338775176,0.3696934645100656,2.9,1.5346660111463308,wheat,0.5291951762573555
5447,663.33936,-10.093327020777636,-9.15984522926129,Rural_Akatsi,4.525802,1982.2,-3.4000000000000004,29.1,12.85,0.66,Volcanic,4.926208440357641,0.1553351895933651,3.8,1.3785981812773727,cassava,0.36278899507299284
5448,719.31274,-7.290785829041066,-0.2812500764203711,Rural_Sokoto,29.023714,1489.1,-3.4000000000000004,32.3,14.45,0.69,Volcanic,4.780575542669689,0.5525314398589282,0.7,0.4334565320356891,tea,0.6192236171938417
5449,581.7994,-2.474199761570979,-7.520165556184632,Rural_Kilimani,15.933542,408.2,-5.6,30.1,12.25,0.57,Loamy,6.02878422133004,0.0695136887600216,0.8,0.5095112093893874,potato,0.6368890117367343
5450,1013.7182,-4.235925816183519,-3.948006268410482,Rural_Kilimani,14.745488,906.4,-1.3000000000000007,28.3,13.5,0.61,Rocky,4.411531012079468,0.2110573281678421,1.7,0.8115843930068266,potato,0.4774025841216627
5451,393.45905,0.053494142873097,-3.740794002032663,Rural_Kilimani,9.341788,408.6,-7.4,33.9,13.25,0.55,Loamy,6.518503085280396,0.0011829098825219,4.8,3.213234839103953,maize,0.6694239248133236
5452,708.4773,-8.719090584315168,1.1692357882243658,Rural_Sokoto,8.754747,1855.6,-3.2,27.6,12.2,0.66,Volcanic,5.710324779517102,0.0470989999646989,3.3,2.016475422203746,coffee,0.6110531582435594
5453,268.98337,-12.886856826045598,-6.632756502349188,Rural_Hawassa,3.585838,1628.0,-7.4,32.4,12.5,0.63,Silt,6.94953335027204,8.950208567754465e-06,11.4,5.5606925677956625,wheat,0.48778004980663703
5454,605.9938,-9.512092593552527,-2.484006560306322,Rural_Hawassa,32.739265,1717.5,-4.0,30.9,13.45,0.72,Silt,5.706852962848821,0.0741702267978905,1.8,0.8174438454801558,coffee,0.45413546971119767
5455,768.037,-8.282038340587762,-0.1641300997720383,Rural_Sokoto,32.598698,1766.8,-2.7,27.4,12.35,0.73,Volcanic,5.521531589534072,0.1606311641279776,1.7,1.3450484265860272,tea,0.7912049568153101
5456,944.71783,-4.389119386149826,-4.37144003013907,Rural_Kilimani,8.997853,773.0,-2.0,25.6,11.8,0.58,Rocky,5.771200269359031,0.2255430237160775,2.5,1.4845452797047778,potato,0.5938181118819111
5457,670.8893,-6.385141488946129,0.3268728792536646,Rural_Sokoto,4.9597387,1346.1,-4.0,29.9,12.95,0.61,Volcanic,5.085964887002165,0.8826290207806851,2.3,1.2230832073349183,tea,0.531775307536921
5458,511.00513,-6.195902373105396,-3.826381677275675,Rural_Hawassa,6.446904,518.3,-6.2,34.6,14.2,0.55,Loamy,5.074662232840369,0.2306697981407421,4.5,2.295941228081116,maize,0.5102091617958036
5459,625.8817,-4.749574844894079,-7.367008663644504,Rural_Kilimani,10.578015,464.0,-5.2,34.6,14.7,0.56,Loamy,6.323399156021915,0.4128275711611806,4.7,2.6375356114997346,potato,0.5611777896807946
5460,674.36084,-8.354129432336613,-6.326442717268933,Rural_Akatsi,10.720329,1218.2,-4.1,31.5,13.7,0.62,Volcanic,5.028411676470451,0.2142014062618676,3.3,2.3673851703159126,tea,0.7173894455502766
5461,560.83466,-6.35810732954031,-3.2227633360881143,Rural_Hawassa,12.302585,689.2,-5.6,31.2,12.8,0.58,Loamy,6.165929412501026,0.5323892000850063,1.5,0.8922444376024208,maize,0.5948296250682805
5462,692.89764,-9.165154214511183,-7.821974726778413,Rural_Akatsi,18.422258,1635.3,-3.5,30.9,13.7,0.67,Volcanic,5.421342972747584,0.1088980063583588,1.6,0.843960842544003,coffee,0.5274755265900019
5463,519.86816,-6.511300899506617,-1.344339095228315,Rural_Sokoto,10.15312,1003.7,-5.7,32.7,13.500000000000002,0.6,Loamy,5.167396981993794,0.8305137157227087,4.2,2.091315139284632,potato,0.49793217602015044
5464,368.9315,-14.405275446005769,-7.511156327211684,Rural_Hawassa,3.8071961,1301.1,-6.8,33.4,13.3,0.6,Peaty,5.055802205691437,2.0998139749131502e-09,14.2,5.644873954744899,banana,0.39752633484119004
5465,788.67865,-6.8221937326735365,-7.970627004832067,Rural_Amanzi,11.533907,1029.2,-3.2,30.7,13.75,0.61,Sandy,6.13532227522052,0.1563485241128631,4.6,2.5045133418239645,wheat,0.5444594221356445
5466,448.55872,-11.719882278361078,-9.011192951207637,Rural_Akatsi,3.7337027,1942.3,-5.5,30.9,12.7,0.65,Silt,6.65779377204431,0.0751202697449346,14.3,7.315848421795859,wheat,0.5115977917339761
5467,911.7128,-4.163834724434668,-4.466036934355032,Rural_Kilimani,7.697042,730.6,-2.4000000000000004,28.9,13.25,0.57,Rocky,5.298179479883658,0.2187698372236327,2.7,1.467466113500044,wheat,0.5435059679629792
5468,88.71992,-12.053303577699513,-6.7183441775922,Rural_Hawassa,27.705446,1509.9,-9.1,34.7,12.8,0.69,Silt,6.917471517740594,0.0010362830554087,1.3,0.6555212872493138,rice,0.5042471440379337
5469,714.84106,-8.115327690918544,-2.695723441170617,Rural_Hawassa,21.304888,1366.3,-3.6,30.3,13.35,0.66,Volcanic,5.066106145693627,0.1229831042744243,0.7,0.3304878426648252,cassava,0.47212548952117894
5470,771.0479,-3.447429500180464,-0.4253977399875499,Rural_Kilimani,5.124362,1366.6,-3.0,29.4,13.2,0.61,Volcanic,5.213831187355017,0.4573632956697341,2.7,0.9607452922869211,coffee,0.3558315897358967
5471,591.8603,-5.704781810566351,-0.5335084876629341,Rural_Sokoto,18.676643,1117.5,-4.9,31.9,13.5,0.63,Loamy,5.75462346719358,0.9394953867578688,1.1,0.6079965361342969,cassava,0.5527241237584517
5472,622.3235,-8.881295540750084,-2.4659881023604253,Rural_Hawassa,12.342649,1504.0,-4.5,31.0,13.25,0.64,Silt,6.495959051386019,0.0328640457529074,1.4,0.813071992764164,wheat,0.58076570911726
5473,831.9276,-7.060995474091603,-6.96609797434829,Rural_Akatsi,14.786886,1011.0,-2.8,27.4,12.3,0.61,Sandy,5.67323864904061,0.1995075801622256,1.9,0.9299913332286394,wheat,0.48946912275191545
5474,725.7018,-2.330017578073278,-3.826381677275675,Rural_Kilimani,19.551811,697.4,-4.1,31.9,13.9,0.61,Sandy,4.681400594100381,0.1530645051986443,1.9,0.8683381368167935,cassava,0.4570200720088387
5475,675.00476,-8.998443564841967,-7.524670170671107,Rural_Akatsi,11.659693,1526.3,-3.9,30.0,13.05,0.64,Volcanic,4.683640614971751,0.0614414323568867,3.1,2.4306021079230935,tea,0.7840651961042236
5476,857.2982,-1.9154938005173872,-6.912042600510596,Rural_Kilimani,5.261243,639.7,-2.9000000000000004,28.9,13.0,0.56,Rocky,5.276380487056069,0.166749122080954,4.6,2.512282344590364,maize,0.546148335780514
5477,574.74146,-10.962925814998147,-9.831032787745968,Rural_Akatsi,2.8618362,2069.4,-4.2,31.4,13.6,0.66,Silt,6.416080227507811,0.0118985097644516,11.2,6.530463031323577,banana,0.5830770563681765
5478,672.5755,-8.291049727056368,-1.8984066770646584,Rural_Sokoto,11.000413,1480.4,-3.8,30.7,13.45,0.64,Volcanic,5.3484132564532665,0.1817101920799929,2.2,1.0417264427461483,banana,0.4735120194300674
5479,798.69025,-10.57093050361377,0.5070574587126382,Rural_Sokoto,12.307404,2289.6,-2.0,29.6,13.8,0.7,Volcanic,4.465880466312653,0.2816607756380159,1.5,0.978884015950624,tea,0.6525893439670827
5480,965.90234,-4.159329031200365,-4.011070871221123,Rural_Kilimani,5.9830375,848.6,-1.8000000000000007,26.8,12.5,0.57,Rocky,4.763150741530253,0.211117240103103,3.9,2.1333634447925016,potato,0.5470162678955133
5481,878.5179,-1.7397717643795634,-1.709212868632736,Rural_Kilimani,3.5571167,1382.5,-2.1,26.8,12.35,0.61,Volcanic,5.340992594460549,0.0958919367876224,12.3,5.4303421805469325,coffee,0.4414912341908075
5482,747.2674,-8.592931173754682,-1.2452375765258792,Rural_Sokoto,11.603924,1722.3,-2.9000000000000004,29.4,13.25,0.66,Volcanic,5.7581045104596775,0.1102144302549786,3.4,1.960552571942798,coffee,0.5766331093949406
5483,520.7504,-7.718826686299867,-2.0605727985777342,Rural_Sokoto,5.688905,1153.5,-5.4,29.1,11.85,0.6,Loamy,6.526882282571854,0.3924055340718715,2.9,1.5655610869074,maize,0.5398486506577241
5484,771.1609,-7.416945239601554,-7.9841408482914895,Rural_Akatsi,1.7970158,1174.3,-3.2,28.5,12.65,0.59,Sandy,4.832452568873693,0.0850294043756938,7.2,4.144844031734807,tea,0.5756727821853899
5485,621.7534,-6.547346445381043,-4.26783389695016,Rural_Hawassa,11.709856,649.0,-5.1,29.2,12.05,0.58,Loamy,4.93062664191001,0.1644608355093282,2.3,1.3075402859940062,maize,0.5684957765191332
5486,595.29865,-5.37586620446222,-1.5425421326331856,Rural_Kilimani,9.290445,938.5,-5.0,30.7,12.85,0.59,Loamy,5.1365152587578455,0.8817891386652899,3.7,1.920936515776884,cassava,0.5191720312910497
5487,650.0824,-8.295555420290672,-2.7227511280894623,Rural_Hawassa,13.358713,1349.6,-4.2,29.9,12.85,0.64,Volcanic,5.600704800278519,0.0862692852988149,1.2,0.5958370046987799,banana,0.4965308372489833
5488,331.46024,-1.0053437671881476,-4.794873791867658,Rural_Kilimani,10.745494,158.8,-8.1,32.2,12.05,0.54,Loamy,5.698272148316737,0.020135498031658,3.6,1.760590688869521,banana,0.4890529691304225
5489,874.66846,-4.217903043246306,-1.839846688740492,Rural_Kilimani,3.8294194,1178.8,-2.3,31.1,14.4,0.59,Rocky,5.856269709453969,0.6125868927312557,11.3,2.7491549654271124,coffee,0.24328805003779752
5490,632.11194,-7.006927155279966,-3.0560926000885638,Rural_Hawassa,7.7611814,924.3,-4.7,29.7,12.5,0.59,Loamy,6.712265413085334,0.2623752323863865,4.5,3.0530959134114304,wheat,0.6784657585358734
5491,388.89517,-11.057545372918511,-6.682307261700406,Rural_Hawassa,4.9555345,1743.6,-6.2,32.0,12.9,0.64,Silt,6.811231377772369,0.0487480256277846,3.9,1.6426947792937583,banana,0.42120378956250215
5492,796.78876,-4.042181007108482,-6.583205742997969,Rural_Kilimani,19.664278,490.6,-4.2,30.8,13.3,0.59,Sandy,5.153478417914086,0.2270019137702476,1.6,0.9682808266204876,potato,0.6051755166378048
5493,677.67847,-8.106316304449939,-4.98406760029958,Rural_Hawassa,8.936372,1116.5,-4.1,29.6,12.75,0.6,Sandy,5.550001377101703,0.2334296519930875,3.1,1.3346589182847528,wheat,0.43053513493056544
5494,626.9848,-1.271179668012035,-3.9795385698158015,Rural_Kilimani,11.197636,605.6,-5.1,31.1,13.0,0.57,Loamy,6.102836907124724,0.0294603369956201,2.4,1.681999658694599,maize,0.7008331911227497
5495,502.10794,-1.509981409430102,-5.488584422784706,Rural_Kilimani,9.055207,266.1,-6.5,34.1,13.8,0.54,Loamy,5.155896717224047,0.1362708059916073,3.9,2.4061728559760556,potato,0.6169673989682194
5496,621.0862,-2.771575515034989,-4.8849660815971445,Rural_Kilimani,7.0898147,417.6,-5.3,30.8,12.75,0.55,Loamy,6.771603656396944,0.1514921567390896,3.5,1.9185692592975014,potato,0.5481626455135719
5497,721.34326,-4.884745641923175,-1.4884867587954935,Rural_Kilimani,3.5347686,1072.2,-3.8,28.9,12.55,0.58,Sandy,5.765333629564258,0.8353908232878431,11.6,5.9658321032541375,cassava,0.5142958709701843
5498,572.8705,-1.8298856290656271,-5.024609130677849,Rural_Kilimani,17.288862,376.4,-5.8,30.0,12.1,0.57,Loamy,4.965348728656395,0.1097849380483819,1.1,0.6331998793161195,wheat,0.575636253923745
5499,603.86554,-7.15561503201197,-4.074135474031764,Rural_Hawassa,14.91148,798.7,-5.1,31.5,13.2,0.6,Loamy,6.14438243492829,0.1045233487247936,1.8,1.270319368528154,wheat,0.7057329825156411
5500,525.61475,-11.445034991068583,-9.695894353151736,Rural_Akatsi,17.993021,2042.7,-4.7,30.3,12.8,0.7,Silt,5.603665535747109,0.0052149059141574,1.3,0.7603054788522541,banana,0.5848503683478877
5501,522.1162,-14.274610342210972,-6.803931852835212,Rural_Hawassa,2.6696787,1510.3,-5.2,30.8,12.8,0.61,Peaty,4.761284107115201,6.852087645701521e-09,11.6,4.4137581053408255,cassava,0.3804963883914505
5502,594.98566,-8.57941409405177,-5.236326011542143,Rural_Hawassa,3.4277756,1193.9,-4.8,31.0,13.1,0.59,Loamy,6.380414298516579,0.3266513792209418,5.8,3.301972405535021,maize,0.5693055871612105
5503,845.37286,-8.070270758575514,0.3584051806589849,Rural_Sokoto,7.1773486,1834.5,-1.9000000000000004,31.2,14.65,0.65,Volcanic,4.757415193185452,0.1819493192075087,4.1,3.2713522739954466,tea,0.7978907985354748
5504,405.55743,-0.56829152346074,-4.646221513814004,Rural_Kilimani,25.99024,252.8,-7.4,35.6,14.1,0.59,Loamy,5.493863134347057,0.005910960635094,1.5,0.9489301065937351,potato,0.6326200710624901
5505,882.0909,-4.537807262881831,-4.574147682030415,Rural_Kilimani,9.678637,684.1,-2.7,30.5,13.9,0.57,Rocky,5.02707502001428,0.2439694623477261,5.0,2.2986888808696153,tea,0.4597377761739231
5506,654.45264,-5.930066472281508,-3.150689504304524,Rural_Hawassa,12.588556,735.4,-4.7,31.0,13.15,0.59,Sandy,5.822252399612683,0.3753100783761935,0.8,0.38095103667167535,wheat,0.47618879583959417
5507,700.6727,-5.209155554793002,-6.95708874537534,Rural_Amanzi,7.015769,529.3,-4.5,29.0,12.25,0.55,Sandy,6.009337255243894,0.4007829357251149,3.9,1.8527718837895786,maize,0.47506971379219964
5508,542.1731,-8.822721528704143,-4.087649317491187,Rural_Hawassa,5.8780713,1288.7,-5.1,30.2,12.55,0.61,Peaty,5.88157718016419,0.0141776559162624,2.5,1.315277556930376,banana,0.5261110227721504
5509,691.7305,-8.268521260884853,1.371943440115711,Rural_Sokoto,18.79762,1738.2,-3.4000000000000004,30.5,13.55,0.68,Volcanic,4.03590658999108,0.0557241872875182,1.5,1.1323994620790954,tea,0.7549329747193969
5510,693.7765,-7.768389311877201,-1.5155144457143397,Rural_Sokoto,11.892636,1416.3,-3.7,33.2,14.750000000000002,0.64,Volcanic,4.679639842107364,0.4213073677776505,1.8,1.2134265631736065,tea,0.6741258684297814
5511,914.6363,-3.5195205919293144,-6.997630275753608,Rural_Kilimani,11.157248,697.4,-2.5,28.4,12.95,0.58,Rocky,5.68442874297403,0.1536304992330459,2.9,1.7223547880683667,wheat,0.5939154441615058
5512,536.32544,-6.2184308392769125,-3.461507903871253,Rural_Hawassa,14.260226,589.0,-6.0,33.1,13.55,0.58,Loamy,5.648714684750402,0.4216060005366022,1.6,1.0177476184730487,potato,0.6360922615456555
5513,403.9711,-6.335578863368793,-1.6506528803085698,Rural_Hawassa,27.305763,804.3,-6.9,30.2,11.65,0.64,Loamy,5.7812517529715794,0.830945902890806,1.5,0.6850872825226505,wheat,0.45672485501510035
5514,688.9438,-6.245464998682731,-5.691292074676051,Rural_Amanzi,3.4351993,587.2,-4.5,30.4,12.95,0.55,Sandy,6.194816402045259,0.2556514437278814,12.4,6.896984705010888,potato,0.5562084439524909
5515,650.5219,-10.435759706584676,0.1421836853082168,Rural_Sokoto,20.038424,2108.8,-3.5,30.2,13.35,0.71,Volcanic,4.994847478170226,0.3697629202902278,1.2,0.5685692687063868,banana,0.473807723921989
5516,350.17694,-11.710870891892473,-8.533703815641358,Rural_Akatsi,8.121193,1823.8,-6.5,35.8,14.65,0.65,Silt,6.018536408621015,0.2324350953152097,2.6,1.3947322792029024,coffee,0.5364354920011163
5517,746.60913,-5.866986767001265,-6.254368885485343,Rural_Amanzi,13.406934,601.5,-4.0,28.1,12.05,0.58,Sandy,5.159959448462006,0.2809029095904842,1.0,0.42878775685205295,maize,0.42878775685205295
5518,784.6939,-5.312786499181975,-4.704781502138171,Rural_Kilimani,8.111489,598.8,-3.6,30.9,13.65,0.56,Sandy,6.282583327847288,0.2703679232469207,4.0,2.371953878812629,wheat,0.5929884697031572
5519,478.9666,-9.412967342397856,-3.8939508945727903,Rural_Hawassa,1.8629969,1419.1,-5.7,31.9,13.1,0.6,Peaty,5.890123347409129,0.0069383382623565,10.3,8.015868810539954,rice,0.7782396903436848
5520,685.5674,-9.002949258076269,-7.763414738454247,Rural_Akatsi,16.717793,1569.4,-3.6,30.3,13.35,0.66,Volcanic,4.007228680589875,0.0953042966444824,0.9,0.6270144365676955,tea,0.6966827072974394
5521,553.6154,-9.764411414673503,-4.673249200732851,Rural_Hawassa,5.7558618,1575.5,-4.8,34.2,14.7,0.63,Silt,7.006905714564711,0.0167603920502863,2.4,1.272518384211139,wheat,0.5302159934213079
5522,716.51355,-3.10049112113912,-1.8984066770646584,Rural_Kilimani,11.390589,1060.0,-3.8,32.0,14.1,0.61,Sandy,5.309205683142389,0.3941248726972227,3.6,1.8857420191711836,tea,0.523817227547551
5523,890.62494,-3.240167611402517,-7.542688628617005,Rural_Kilimani,33.18652,739.4,-2.5,27.4,12.45,0.65,Sandy,5.992628126971055,0.0826586323668567,1.9,1.1266359707453004,wheat,0.5929663003922634
5524,742.47736,-7.989168280358056,-7.601248616941171,Rural_Akatsi,12.543556,1273.4,-3.4000000000000004,29.6,13.1,0.63,Volcanic,5.3045104253816335,0.0536669425427007,1.5,0.760148279853758,cassava,0.5067655199025053
5525,606.24457,-8.64699949256632,-6.997630275753608,Rural_Akatsi,6.4353476,1294.5,-4.6,30.4,12.9,0.61,Peaty,5.665934834392342,0.0590909729517098,2.7,1.287605854923763,wheat,0.4768910573791715
5526,449.92545,-11.134142157901668,-5.312904457812206,Rural_Hawassa,36.445713,1773.6,-5.8,33.8,13.999999999999998,0.74,Silt,5.7248196804854325,0.02925213305912,1.3,0.6621596422118511,banana,0.5093535709321931
5527,698.0272,-6.295027624260065,-2.2182343056043363,Rural_Hawassa,1.2138453,1002.0,-4.0,30.8,13.4,0.57,Sandy,6.716098858859229,0.652758863329155,11.5,4.808825727090045,wheat,0.4181587588773952
5528,945.58057,-2.4696940683366773,-8.290454633371743,Rural_Kilimani,11.854485,886.4,-1.9000000000000004,29.5,13.8,0.6,Rocky,4.332028965312974,0.0157240166570685,1.0,0.4094011014549309,tea,0.4094011014549309
5529,785.7696,-9.011960644544876,-2.330849667766195,Rural_Hawassa,12.685648,1755.1,-2.6,28.6,13.0,0.66,Volcanic,5.071782175246659,0.0328005297369233,1.4,1.130522665630228,tea,0.8075161897358772
5530,790.11646,-8.02521382623248,-0.0064685927454364,Rural_Sokoto,11.746454,1741.9,-2.5,29.9,13.7,0.66,Volcanic,4.207048384026297,0.2201356410986488,4.3,3.1066922741107907,tea,0.7224865753746025
5531,676.019,-7.088029633497423,-5.578676712514192,Rural_Hawassa,3.6575804,779.3,-4.4,30.3,12.95,0.56,Sandy,6.53520006434721,0.2663840373437197,5.8,3.22907412833984,wheat,0.5567369186792828
5532,739.41266,-8.083787838278422,1.5791557064935304,Rural_Sokoto,7.0606623,1747.9,-3.0,30.7,13.85,0.65,Volcanic,4.3161393942474415,0.0551806220873113,3.4,2.666551597260863,tea,0.7842798815473128
5533,220.05568,-12.670583550799048,-6.839968768727007,Rural_Hawassa,1.2760751,1607.8,-7.8,34.6,13.4,0.62,Silt,5.899236183403222,0.000115089368361,7.7,3.639824276803805,wheat,0.4727044515329617
5534,369.73126,-12.720146176376382,-8.123783897372192,Rural_Akatsi,24.533516,1772.6,-6.3,33.9,13.8,0.7,Silt,5.662426644987696,0.0090698823453912,1.0,0.48555641825510754,banana,0.48555641825510754
5535,725.54974,-0.955781141610812,-1.438935999444276,Rural_Kilimani,3.215913,1361.1,-3.5,30.6,13.55,0.6,Volcanic,4.7400867814503655,0.020462240406798,6.9,5.028199685506447,tea,0.7287245921023836
5536,693.11505,-2.992354483515845,-2.5110342472251688,Rural_Kilimani,2.6744466,905.6,-4.2,30.7,13.25,0.57,Sandy,6.563168466307839,0.3942799555465207,13.8,7.041390611774494,wheat,0.5102456965053981
5537,243.87943,-12.810260041062444,-6.195808897161177,Rural_Hawassa,1.1263416,1609.0,-7.6,32.1,12.25,0.62,Silt,6.3915634455236425,4.408535799325097e-06,8.3,3.4147992675401335,banana,0.4114215984988112
5538,753.59393,-7.700803913362654,-8.27694078991232,Rural_Akatsi,12.331738,1281.5,-3.3,28.8,12.75,0.63,Volcanic,5.372345441018558,0.1309853264244395,1.4,0.6509019979639621,wheat,0.46492999854568723
5539,824.7971,-10.827755017969052,-0.1100747259343462,Rural_Sokoto,8.971194,2352.5,-1.5,29.7,14.1,0.7,Volcanic,5.321535058511618,0.3535804694437741,2.7,1.4889293789351283,coffee,0.551455325531529
5540,597.0205,-9.87254805229678,-5.709310532621949,Rural_Hawassa,3.2416444,1647.8,-4.4,31.0,13.3,0.63,Silt,5.663001777993274,0.1992630701775545,10.1,4.9117071713140685,banana,0.4863076407241652
5541,852.65466,-6.533829365678134,-8.159820813263988,Rural_Amanzi,7.331589,1057.3,-2.6,30.9,14.15,0.59,Rocky,6.213142766067894,0.1533431581574647,3.5,1.8984746034234596,maize,0.5424213152638456
5542,854.60016,-4.29449982822946,-5.096682962461438,Rural_Kilimani,36.15534,612.4,-3.0,31.9,14.45,0.65,Sandy,5.75925365360356,0.2542694134632876,0.7,0.44267516349818475,potato,0.6323930907116926
5543,468.6516,-10.962925814998147,-9.362552881152636,Rural_Akatsi,44.71321,1904.4,-5.6,34.8,14.599999999999998,0.77,Silt,6.544015200613134,0.028948248493446,0.7,0.3679409081509248,wheat,0.5256298687870354
5544,586.8075,-1.856919788471446,-4.709286116624646,Rural_Kilimani,8.701324,427.4,-5.6,33.7,14.05,0.55,Loamy,6.121766183135835,0.075035387322552,3.2,2.009271394335767,potato,0.6278973107299273
5545,257.31778,-12.742674642547897,-7.560707086562901,Rural_Akatsi,4.646191,1645.3,-7.5,34.0,13.25,0.63,Silt,5.7580260897592535,0.0026548067162331,2.6,1.1251932024280369,banana,0.43276661631847574
5546,895.7278,-7.953122734483631,-0.0965608824749231,Rural_Sokoto,4.3260407,1829.6,-1.5,31.7,15.1,0.64,Volcanic,4.267245254213286,0.2478462782468248,2.9,2.0662846716502465,tea,0.7125119557414643
5547,696.1438,-5.479497148851193,-6.2273411985664975,Rural_Kilimani,4.437341,495.9,-4.5,30.7,13.1,0.54,Sandy,5.069188430544069,0.3061057942475393,3.4,1.4548944714248624,wheat,0.4279101386543713
5548,721.6755,-2.2714435660273367,-7.394036350563351,Rural_Kilimani,2.702467,539.7,-4.3,30.4,13.05,0.54,Sandy,5.907009036892771,0.0849816393211284,9.8,6.015899828821719,potato,0.6138673294716039
5549,677.93774,-8.3361066593994,-4.173236992734199,Rural_Hawassa,12.688667,1239.5,-4.0,30.5,13.25,0.63,Volcanic,3.893198557492639,0.0312575358785129,1.2,0.4389172264708181,cassava,0.3657643553923484
5550,780.1865,-6.119305588122241,0.1016421549299477,Rural_Sokoto,11.003176,1415.6,-2.9000000000000004,31.6,14.35,0.63,Volcanic,5.503143491976723,0.9829732795038768,4.2,1.787090388796468,cassava,0.42549771161820665
5551,346.312,-12.305622398820493,-5.425519819974065,Rural_Hawassa,3.0975184,1768.3,-6.5,33.7,13.6,0.64,Silt,5.563320747527983,9.226544739618096e-05,13.9,6.519255574103732,banana,0.4690111923815634
5552,759.9547,-4.371096613212613,-0.6596376932842156,Rural_Kilimani,15.436066,1270.1,-3.2,31.2,14.0,0.64,Volcanic,3.763128025373489,0.7817918772409906,2.0,0.715182854955877,tea,0.3575914274779385
5553,312.32318,-13.103130101292152,-8.195857729155781,Rural_Hawassa,25.499178,1653.5,-6.9,33.8,13.45,0.7,Silt,6.809515905579826,0.0007282844570896,1.4,0.5362608733493763,banana,0.3830434809638403
5554,744.02795,-5.785884288783807,-4.488560006787403,Rural_Hawassa,4.891578,624.1,-4.0,30.6,13.3,0.55,Sandy,6.387908402145937,0.2351107312954848,4.8,2.857644100206811,wheat,0.5953425208764189
5555,679.92926,-9.705837402627562,-9.466159014341546,Rural_Akatsi,4.682222,1934.2,-3.4000000000000004,27.2,11.9,0.65,Volcanic,4.995054961216038,0.1985151180186107,4.0,3.3975788260334268,tea,0.8493947065083567
5556,627.845,-7.921582881843509,-5.632732086351885,Rural_Hawassa,5.621549,994.1,-4.7,34.9,15.1,0.58,Loamy,5.744425131575697,0.3156168091716244,4.8,3.1040597361301625,cassava,0.6466791116937839
5557,624.25934,-7.376394000492826,-4.3804492591120185,Rural_Hawassa,10.01544,855.1,-4.9,33.3,14.2,0.59,Loamy,5.940424079896132,0.097809650183209,4.9,3.3281455506747584,wheat,0.6792133776887261
5558,586.0301,-9.367910410054826,-2.3578773546850407,Rural_Hawassa,20.205753,1656.1,-4.4,28.6,12.1,0.68,Silt,5.437540575690397,0.0749754464827206,1.4,0.5718953689216691,coffee,0.4084966920869066
5559,776.4903,-3.888987437142175,-2.704732670143565,Rural_Kilimani,16.535109,905.7,-3.4000000000000004,30.2,13.4,0.61,Sandy,5.322626995280487,0.3566368878046501,1.6,0.8801689791839602,cassava,0.5501056119899751
5560,616.64105,-8.02521382623248,-6.885014913591751,Rural_Akatsi,7.142536,1081.2,-4.7,32.8,14.05,0.6,Loamy,5.651955621671969,0.1499044050325473,2.9,1.6610135806616215,banana,0.5727633036764213
5561,782.91455,-4.902768414860386,-6.141753523323485,Rural_Kilimani,9.910713,537.1,-3.7,30.8,13.55,0.56,Sandy,5.328347476605323,0.3074521618295516,2.8,1.7078194125651376,potato,0.6099355044875492
5562,696.58575,-10.719618380345777,-0.8668499596620352,Rural_Sokoto,0.7473497,2157.3,-3.0,27.7,12.35,0.66,Volcanic,4.064308692096895,0.27947248971038,10.4,6.95060258304426,tea,0.6683271714465634
5563,581.9981,-9.863536665828176,-1.3128067938229944,Rural_Sokoto,0.5308379,1860.1,-4.3,32.6,14.15,0.63,Silt,6.10250862911899,0.119252571112586,5.4,2.727243605141085,coffee,0.5050451120631638
5564,919.29767,-7.029455621451481,-7.565211701049376,Rural_Akatsi,23.079409,1163.1,-1.9000000000000004,29.3,13.7,0.65,Sandy,5.577963713625145,0.1663511493213166,1.2,0.5229632901459047,tea,0.4358027417882539
5565,820.0955,-5.371360511227916,-5.074159890029067,Rural_Kilimani,10.854811,615.6,-3.3,31.8,14.25,0.57,Sandy,5.845584824003856,0.2943167618934468,4.9,2.6686284860732084,wheat,0.5446180583822874
5566,685.27795,-3.289730236979853,-6.317433488295984,Rural_Kilimani,7.2595563,443.6,-4.5,31.6,13.55,0.55,Sandy,5.220877436215163,0.2292450549565212,3.0,1.336225890375621,wheat,0.445408630125207
5567,636.20874,-9.403955955929252,-2.7993295743595263,Rural_Hawassa,4.2684937,1685.6,-3.8,29.3,12.75,0.63,Silt,7.408766714822087,0.0122530963392398,2.8,1.3545379445907613,wheat,0.48376355163955764
5568,727.8883,-5.051456291592391,-8.056214680075078,Rural_Amanzi,12.036772,690.0,-4.1,29.7,12.8,0.58,Sandy,5.611504028654752,0.3235895174092961,1.9,1.1339362529544055,potato,0.5968085541865292
5569,754.17,-8.034225212701088,0.5611128325503301,Rural_Sokoto,7.466006,1736.6,-2.9000000000000004,30.7,13.9,0.65,Volcanic,5.2906613688517385,0.1723254798411367,3.9,3.126089958470171,tea,0.8015615278128644
5570,784.0209,-4.330545374103885,-6.596719586457392,Rural_Kilimani,4.617914,547.7,-3.7,28.3,12.3,0.55,Sandy,5.457287824390132,0.2683919142770486,2.7,1.6800750330929146,potato,0.622250012256635
5571,870.6006,-4.772103311065596,-5.73183360505432,Rural_Kilimani,7.2613125,615.6,-2.8,31.3,14.25,0.56,Rocky,4.565260624046706,0.2991671239571419,4.6,2.2561370023455187,potato,0.49046456572728675
5572,349.6713,-10.165418112526485,-6.952584130888865,Rural_Akatsi,16.38915,1527.7,-6.6,32.3,12.849999999999998,0.66,Silt,6.989995701585905,0.082733188237126,1.5,0.8225149178727701,rice,0.5483432785818467
5573,668.06036,-9.002949258076269,-1.2497421910123536,Rural_Sokoto,0.3475895,1744.6,-3.6,31.9,14.15,0.62,Volcanic,5.282246786822981,0.0673080552548048,12.4,6.438226221805561,banana,0.5192117920810936
5574,508.4798,-13.441057093864888,-5.4750705793252825,Rural_Hawassa,12.614784,1761.1,-5.1,32.3,13.599999999999998,0.66,Silt,6.675199043716692,1.1903103871550305e-06,1.8,0.9724260474785196,wheat,0.540236693043622
5575,897.5817,-5.398394670633735,-5.587685941487141,Rural_Kilimani,18.235296,684.4,-2.5,30.1,13.8,0.6,Rocky,5.083640968049919,0.3078385777748415,1.7,0.9337758199353382,potato,0.5492798940796108
5576,806.865,-6.37162440924322,-8.00666392072386,Rural_Amanzi,4.477505,951.0,-3.1,30.6,13.75,0.58,Sandy,6.572875970554194,0.2364515490530144,3.7,1.9175349734109959,maize,0.5182526955164853
5577,391.1478,-1.1134804048114226,-5.011095287218426,Rural_Kilimani,12.44499,193.7,-7.6,30.8,11.6,0.55,Loamy,6.08044805924905,0.034648966223221,1.7,1.097683231029386,wheat,0.64569601825258
5578,501.45108,-6.227442225745518,-1.893902062578184,Rural_Hawassa,13.216832,847.3,-6.0,31.2,12.6,0.6,Loamy,5.203482697839664,0.78375571920129,1.1,0.5771576199614935,potato,0.5246887454195395
5579,618.2761,-6.141834054293758,-2.7948249598730515,Rural_Hawassa,1.8496956,776.4,-5.1,32.7,13.8,0.56,Loamy,5.9258739114843095,0.4628179936187834,5.4,3.276442820777499,wheat,0.6067486705143517
5580,505.68744,-1.12249179128003,-4.249815439004263,Rural_Kilimani,5.1569557,429.4,-6.3,31.2,12.45,0.54,Loamy,5.670494893259889,0.0187902097552964,3.1,1.9985253955805038,wheat,0.6446856114775819
5581,681.2261,-10.332128762195705,-1.4569544573901732,Rural_Sokoto,26.408804,2048.9,-3.2,27.5,12.15,0.73,Volcanic,3.701837695247213,0.1332302793141658,1.2,0.7213590980488757,rice,0.6011325817073964
5582,817.5276,-4.537807262881831,-7.88053471510258,Rural_Amanzi,12.382294,727.8,-3.2,31.5,14.15,0.59,Sandy,4.837582309924612,0.3023319587777003,1.2,0.5219835835107763,wheat,0.43498631959231365
5583,743.664,-5.046950598358089,-3.75881245997856,Rural_Kilimani,27.32955,656.4,-3.9,31.1,13.6,0.63,Sandy,4.5101935558651,0.2003769962642075,0.9,0.40312155342555944,wheat,0.44791283713951047
5584,436.76517,-10.174429498995092,-6.772399551429893,Rural_Akatsi,7.1621985,1601.4,-5.9,30.7,12.4,0.64,Silt,5.743829899716701,0.1295779643580624,4.6,3.0467388510367357,rice,0.6623345328340731
5585,506.00668,-10.174429498995092,-7.77692858191367,Rural_Akatsi,6.0688972,1730.2,-5.1,32.0,13.45,0.64,Silt,6.154695025855874,0.0503430965938453,4.9,2.474544929529753,coffee,0.5050091692917863
5586,769.99286,-6.741091254456078,-7.66431321975181,Rural_Amanzi,13.503908,945.9,-3.4000000000000004,28.3,12.45,0.61,Sandy,6.254255672600127,0.2623383542656025,0.7,0.37950293706249955,wheat,0.542147052946428
5587,755.94684,-4.33955676057249,-1.8758836046322864,Rural_Kilimani,9.004865,1042.2,-3.5,29.7,13.1,0.6,Sandy,5.334404877892005,0.6164520277156474,3.8,1.2360201232670145,wheat,0.3252684534913196
5588,546.72186,-9.228233919791428,-4.934516840948362,Rural_Hawassa,12.220243,1397.1,-4.9,29.5,12.3,0.64,Silt,6.828655286098842,0.0211606767652967,1.6,0.9012980000841753,wheat,0.5633112500526095
5589,632.92865,-9.656274777050228,-4.835415322245927,Rural_Hawassa,14.19164,1619.4,-4.1,31.6,13.75,0.66,Silt,6.066416833044336,0.0186135191683382,1.2,0.5502373510030328,coffee,0.45853112583586075
5590,514.3029,-12.508378594364132,-9.029211409153534,Rural_Akatsi,4.6652083,1949.0,-5.0,34.0,14.5,0.65,Silt,5.911509975163294,0.0070712052079244,2.5,1.6296165242436422,rice,0.6518466096974569
5591,437.76288,-11.42250652489707,-5.276867541920412,Rural_Hawassa,7.728131,1815.0,-5.8,34.9,14.55,0.65,Silt,6.752141596891325,0.009631504379893,3.8,1.9808398531842772,coffee,0.5212736455748098
5592,850.5616,-3.27170746404264,-2.77230188744068,Rural_Kilimani,12.31396,988.9,-2.8,31.4,14.3,0.61,Rocky,4.279839027750313,0.3930617462093618,0.7,0.2707132003782458,tea,0.38673314339749404
5593,678.6327,-2.5102453074454054,-7.254393301482646,Rural_Kilimani,6.871345,483.1,-4.7,29.9,12.6,0.55,Sandy,6.1413794592435975,0.1156778971323193,4.3,2.261742239485475,maize,0.5259865673222035
5594,699.6657,-5.556093933834346,-7.506651712725209,Rural_Amanzi,21.69713,630.3,-4.4,30.4,13.0,0.61,Sandy,4.620090806340452,0.4356505225214783,1.7,0.8512859105032451,potato,0.5007564179430853
5595,486.3021,-11.981212485950662,-9.520214388179236,Rural_Akatsi,9.099111,1991.8,-5.1,30.7,12.8,0.67,Silt,6.393357816254055,0.0047511498284989,2.9,1.6510125622434122,coffee,0.5693146766356594
5596,656.35693,-14.116911079010364,-6.083193534999318,Rural_Hawassa,14.3690815,1711.0,-3.8,33.1,14.65,0.67,Volcanic,5.194966189451368,2.9941402909369734e-08,1.2,1.0254370867866527,tea,0.8545309056555439
5597,704.74603,-7.304302908743975,0.0565960100652043,Rural_Sokoto,4.245411,1505.5,-3.5,30.3,13.4,0.62,Volcanic,5.412604994910856,0.5229310653742125,4.2,1.6486648421833743,coffee,0.3925392481388986
5598,912.09564,-3.8123906521590207,-4.042603172626444,Rural_Kilimani,8.228243,797.8,-2.3,28.0,12.85,0.58,Rocky,6.133324131577841,0.209415148202791,4.1,1.4866393610158704,coffee,0.3625949661014318
5599,684.10864,-9.750894334970596,-1.6731759527409416,Rural_Sokoto,13.880856,1905.7,-3.4000000000000004,28.7,12.65,0.68,Volcanic,3.945225661451519,0.1912538097244536,1.2,0.9045311523261357,tea,0.7537759602717797
5600,636.1935,-5.988640484327449,-4.457027705382083,Rural_Hawassa,3.1571553,542.9,-5.0,31.3,13.15,0.54,Loamy,4.909860519335374,0.2199071828750682,8.8,5.605004538952553,potato,0.636932333971881
5601,648.0327,-5.465980069148284,-0.8488315017161374,Rural_Kilimani,6.202888,1118.4,-4.4,33.3,14.45,0.6,Sandy,6.439677291893981,0.9067060078910086,3.5,1.2412806805632561,wheat,0.3546516230180732
5602,421.4284,-10.359162921601522,-4.975058371326631,Rural_Hawassa,1.8668574,1605.8,-6.0,35.0,14.5,0.62,Silt,5.828702407533617,0.0535379880787399,9.7,4.505993507781815,banana,0.464535413173383
5603,371.71954,-10.521367878036436,-6.011119703215729,Rural_Hawassa,2.87725,1599.6,-6.5,31.4,12.45,0.62,Silt,6.391556767518908,0.2655504312750197,10.0,4.946930660747972,wheat,0.49469306607479724
5604,620.4239,-9.809468347016535,-1.8848928336052355,Rural_Sokoto,16.831219,1841.8,-4.0,31.0,13.5,0.68,Silt,6.040567421366912,0.304626957553935,1.7,0.9191273267562553,banana,0.5406631333860326
5605,607.2223,-5.682253344394836,-0.2407085460421019,Rural_Sokoto,19.527452,1168.3,-4.7,31.8,13.55,0.64,Loamy,6.069325897081976,0.95900577252542,1.5,0.41997006820845484,coffee,0.2799800454723032
5606,658.72437,-8.255004181181942,1.1016665709272506,Rural_Sokoto,2.8986063,1698.6,-3.8,28.9,12.55,0.63,Volcanic,4.17589035034286,0.0790733388102783,6.6,5.151497334927959,tea,0.780529899231509
5607,778.92535,-5.218166941261609,-4.317384656301378,Rural_Kilimani,9.665888,625.0,-3.7,29.1,12.7,0.57,Sandy,4.9982418862373175,0.2378981363664084,2.1,0.975531598810013,wheat,0.46453885657619665
5608,854.4397,-1.9335165734546005,-1.015502237715688,Rural_Kilimani,6.9550996,1488.9,-2.2,27.0,12.4,0.63,Volcanic,5.091191008414741,0.0911352691436895,4.4,3.0375528127055063,tea,0.6903529119785241
5609,171.3955,-11.985718179184966,-6.916547214997071,Rural_Hawassa,17.902824,1581.4,-8.5,32.2,11.85,0.67,Silt,6.867647877589985,0.0029904947914981,1.9,0.96839942846988,wheat,0.5096839097209895
5610,400.75177,-11.255795875227852,-5.15073833629913,Rural_Hawassa,10.369265,1767.9,-6.0,29.8,11.9,0.66,Silt,7.485977180632791,0.0155125818149947,2.0,0.8596920994145238,wheat,0.4298460497072619
5611,667.57135,-7.151109338777667,-6.403021163538997,Rural_Akatsi,6.9690456,818.1,-4.5,31.8,13.65,0.58,Sandy,5.396152319271828,0.2719753179461716,4.5,1.9828905554302816,wheat,0.44064234565117366
5612,359.2883,-14.328678661022613,-7.812965497805464,Rural_Hawassa,0.70645,1320.6,-6.9,30.5,11.8,0.59,Peaty,4.393257960790508,3.3759250753874324e-09,5.5,2.003485481366922,wheat,0.36427008752125856
5613,417.43506,-0.1898132917792736,-3.668720170249073,Rural_Kilimani,5.4027686,460.0,-7.1,29.8,11.35,0.54,Loamy,5.604309773640778,0.0025030204967491,3.8,2.511488864765457,potato,0.6609181223066992
5614,597.5318,-9.665286163518834,-0.1596254852855638,Rural_Sokoto,20.546371,1906.7,-4.1,30.5,13.2,0.7,Silt,5.919849694510327,0.3046893166855132,0.8,0.3790397620120101,coffee,0.47379970251501263
5615,664.1278,-5.866986767001265,-2.493015789279271,Rural_Hawassa,9.215166,860.3,-4.5,29.5,12.5,0.59,Sandy,5.730931842675218,0.5110631453284263,2.6,1.0636594939040265,wheat,0.4090998053477025
5616,638.5129,-2.63189902477159,-4.655230742786953,Rural_Kilimani,16.675251,465.4,-5.1,32.1,13.5,0.58,Sandy,5.658775152910686,0.1281149750807805,1.3,0.5925985047269782,maize,0.455845003636137
5617,636.7579,-7.322325681681187,-5.128215263866759,Rural_Hawassa,17.667543,812.0,-4.8,30.6,12.9,0.61,Loamy,4.88211955640669,0.1933658980714003,0.8,0.44296403549482816,cassava,0.5537050443685352
5618,864.6915,-2.0371475178435734,-1.1191083709045977,Rural_Kilimani,9.7547455,1468.1,-2.1,30.0,13.95,0.63,Volcanic,4.16900551592726,0.1085226931908399,2.6,1.5921691706016032,tea,0.6123727579236935
5619,225.37158,-12.787731574890929,-6.218331969593549,Rural_Hawassa,0.91127855,1594.9,-7.8,33.6,12.9,0.62,Silt,6.37797378833494,5.311908054867688e-06,14.5,7.4997099060545915,wheat,0.5172213728313512
5620,776.9773,-3.591611683678165,-1.8848928336052355,Rural_Kilimani,3.836709,1098.1,-3.2,28.7,12.75,0.59,Sandy,6.08270198162551,0.495007401487687,5.2,1.5863850584532129,coffee,0.30507404970254093
5621,509.44156,-6.61493184389559,-1.641643651335621,Rural_Sokoto,19.44183,958.9,-5.8,31.5,12.85,0.62,Loamy,5.485380179183784,0.8009481289206494,1.7,0.9430775092583679,cassava,0.5547514760343341
5622,601.8949,-10.151901032823575,-5.650750544297782,Rural_Hawassa,15.683464,1718.7,-4.4,31.9,13.75,0.67,Silt,5.244689893386647,0.2271258890757301,2.0,0.8994008044231503,banana,0.44970040221157515
5623,621.6777,-8.845249994875658,-2.763292658467732,Rural_Hawassa,42.854897,1485.4,-4.3,29.3,12.5,0.74,Silt,5.407990039575062,0.0248441854203104,1.8,0.8565667002879992,wheat,0.47587038904888845
5624,604.8572,-5.6011508661773775,0.3854328675778309,Rural_Sokoto,16.95396,1217.3,-4.7,31.2,13.25,0.64,Silt,6.694106432327325,0.8506172053697812,1.8,0.5915605224736346,cassava,0.3286447347075747
5625,614.65955,-6.948353143234025,-3.0290649131697176,Rural_Hawassa,2.8012645,896.6,-4.9,28.5,11.8,0.57,Loamy,4.809188669229381,0.2883572481019372,5.3,3.053343616135975,potato,0.5761025690822594
5626,254.10844,-12.012752338590785,-6.434553464944316,Rural_Hawassa,6.154956,1686.2,-7.4,33.8,13.2,0.64,Silt,5.870797543332529,0.0010308990804439,2.5,1.1465275450974464,wheat,0.4586110180389785
5627,726.6321,-8.187418782667397,1.1737404027108402,Rural_Sokoto,13.822448,1756.1,-3.1,29.7,13.3,0.67,Volcanic,5.299540517328164,0.0791270040713276,1.9,1.57771741713112,tea,0.8303775879637474
5628,430.62088,-10.79621516532893,-8.659833021262639,Rural_Akatsi,4.431542,1832.6,-5.7,35.3,14.8,0.64,Silt,7.482827539663032,0.1021660004525975,4.9,1.9162679806363014,banana,0.39107509808904106
5629,252.5797,-12.783225881656628,-6.326442717268933,Rural_Hawassa,3.7905846,1612.6,-7.6,33.9,13.15,0.63,Silt,5.931123526489904,5.648395715459301e-06,5.7,2.4651047391515037,banana,0.4324745156406147
5630,808.7469,-9.00745495131057,-0.0199824362048595,Rural_Sokoto,8.482726,1989.5,-2.1,30.6,14.25,0.67,Volcanic,4.1005454009584685,0.151867665817613,4.5,3.113313953478251,tea,0.6918475452173891
5631,759.9165,-4.533301569647527,-1.709212868632736,Rural_Kilimani,11.699152,1074.5,-3.4000000000000004,30.7,13.65,0.61,Sandy,6.696830995763914,0.7118769504827686,2.8,0.6811997322402241,coffee,0.2432856186572229
5632,618.01624,-6.511300899506617,-2.574098850035809,Rural_Hawassa,19.183754,888.0,-4.9,26.9,11.0,0.62,Loamy,5.231630449795771,0.4996457827839787,0.7,0.3506035530052386,wheat,0.5008622185789123
5633,804.1036,-4.39362507938413,-4.646221513814004,Rural_Kilimani,12.075826,595.4,-3.5,30.2,13.35,0.57,Sandy,5.70672189321458,0.2403348497376367,1.6,1.0097924426608744,potato,0.6311202766630465
5634,194.68962,-11.859558768624478,-6.276891957917715,Rural_Hawassa,12.466446,1598.0,-8.2,31.7,11.75,0.65,Silt,5.357144557696485,0.0027435382883125,1.2,0.4688557525919165,banana,0.3907131271599304
5635,790.6093,-5.551588240600044,-4.078640088518238,Rural_Kilimani,10.889177,692.7,-3.5,27.3,11.9,0.58,Sandy,5.648822693667325,0.2124761801587714,4.3,2.678261852070814,potato,0.6228515935048404
5636,569.0177,-13.75645562026611,-6.155267366782908,Rural_Hawassa,6.9593315,1737.4,-4.5,34.2,14.85,0.64,Silt,6.950315476558039,8.405967918493825e-08,4.5,2.3770898232531703,wheat,0.5282421829451489
5637,469.26965,-10.305094602789884,-7.497642483752261,Rural_Akatsi,24.688332,1706.9,-5.5,31.9,13.2,0.7,Silt,6.937916907454441,0.0307318220185211,0.8,0.41031271796707025,wheat,0.5128908974588378
5638,798.12555,-9.21922253332282,-2.240757378036708,Rural_Hawassa,2.0363288,1837.7,-2.4000000000000004,29.0,13.3,0.64,Volcanic,4.216145658244789,0.0558208327783289,10.0,7.765965777664203,tea,0.7765965777664203
5639,703.6296,-8.69205642490935,-4.452523090895608,Rural_Hawassa,14.175895,1373.4,-3.7,31.1,13.7,0.64,Volcanic,3.977796283930005,0.02937956971075,0.9,0.578683362965272,tea,0.6429815144058578
5640,282.8199,-13.017521929840392,-6.596719586457392,Rural_Hawassa,4.39276,1617.7,-7.3,34.6,13.65,0.63,Silt,5.667052362056197,3.013229384071929e-06,4.6,1.9575882395359692,banana,0.425562660768689
5641,719.91724,-7.326831374915491,-5.853458196189127,Rural_Hawassa,7.5730114,900.2,-3.9,31.0,13.55,0.58,Sandy,6.232431806020282,0.3372540845311493,3.6,1.3225868764057906,coffee,0.36738524344605294
5642,619.5324,-7.128580872606151,-0.3938654385822293,Rural_Sokoto,8.832185,1341.4,-4.5,30.2,12.85,0.62,Silt,5.914747478066323,0.6365587717494402,2.0,0.8250194770322241,wheat,0.41250973851611206
5643,374.26913,-10.917868882655114,-5.808412051324384,Rural_Hawassa,3.2543325,1686.0,-6.4,31.1,12.35,0.63,Silt,6.922329629169066,0.1214289253655749,13.0,4.951986066118826,banana,0.3809220050860635
5644,289.80322,-13.0310390095433,-7.1597963972666845,Rural_Hawassa,12.109992,1613.6,-7.3,31.2,11.95,0.65,Silt,5.226818359286176,7.505540046871321e-05,0.9,0.4910222574018846,rice,0.545580286002094
5645,654.5365,-5.821929834658233,-3.497544819763048,Rural_Hawassa,18.026957,664.1,-4.7,31.2,13.25,0.6,Sandy,5.69309111908013,0.2581351947053219,1.7,0.8470108417513735,wheat,0.498241671618455
5646,589.2886,-4.519784489944618,-7.713863979103029,Rural_Kilimani,33.468243,464.5,-5.5,32.4,13.45,0.63,Loamy,5.911776425066589,0.3296392840712379,1.0,0.5935833620732294,maize,0.5935833620732294
5647,717.13293,-9.777928494376416,-9.182368301693662,Rural_Akatsi,12.164554,1995.6,-2.7,27.1,12.2,0.68,Volcanic,5.201036420949992,0.2252567208486835,1.3,0.7632482376098989,banana,0.5871140289306914
5648,748.03925,-2.284960645730246,-3.2047448781422165,Rural_Kilimani,3.84856,850.5,-3.7,30.7,13.5,0.57,Sandy,5.534095397853642,0.2333130074536009,10.0,5.9385479118227105,potato,0.593854791182271
5649,681.36145,-7.358371227555613,-6.254368885485343,Rural_Akatsi,16.213196,885.7,-4.3,33.4,14.55,0.61,Sandy,5.741062813465989,0.3286827521812053,1.1,0.6099302707266007,potato,0.5544820642969096
5650,667.0212,-3.154559439950757,-4.475046163327979,Rural_Kilimani,2.3975532,501.1,-4.8,32.1,13.65,0.54,Sandy,5.445833092342831,0.1602582637153134,8.7,3.8122888776279047,maize,0.43819412386527645
5651,670.779,-14.472860844520314,-6.110221221918165,Rural_Hawassa,7.63647,1586.6,-3.8,33.4,14.8,0.64,Volcanic,5.385873430462523,8.221326268317711e-09,2.1,1.681628841752382,tea,0.8007756389297056
5652,429.4884,-14.65308857389244,-6.9841164322941856,Rural_Hawassa,13.94472,1272.2,-6.2,34.6,14.2,0.63,Silt,5.56250782869836,6.917244711817306e-10,1.3,0.6598740205225154,cassava,0.507595400401935
5653,763.0903,-4.317028294400975,-6.344461175214829,Rural_Kilimani,35.18943,516.4,-3.8,29.6,12.9,0.64,Sandy,5.087792448687936,0.2612715077002718,0.5,0.22653194895338064,wheat,0.45306389790676127
